<?xml version="1.0" encoding="utf-8"?>
<COLLADA xmlns="http://www.collada.org/2005/11/COLLADASchema" version="1.4.1">
  <asset><contributor><author>Mixamo</author><authoring_tool>COLLADA Mixamo exporter</authoring_tool><comments></comments></contributor><created>2020-05-19T14:45:34Z</created><modified>2020-05-19T14:45:34Z</modified><revision></revision><title></title><unit meter="0.010000"/><up_axis>Y_UP</up_axis></asset>
  <library_animations>
    <animation id="mixamorig_Hips-anim" name="mixamorig_Hips"><source id="mixamorig_Hips-Matrix-animation-input"><float_array id="mixamorig_Hips-Matrix-animation-input-array" count="61">

0.000000 0.033333 0.066667 0.100000 0.133333 0.166667 0.200000 0.233333 0.266667 0.300000 0.333333 0.366667 0.400000 0.433333 0.466667 0.500000
0.533333 0.566667 0.600000 0.633333 0.666667 0.700000 0.733333 0.766667 0.800000 0.833333 0.866667 0.900000 0.933333 0.966667 1.000000 1.033333
1.066667 1.100000 1.133333 1.166667 1.200000 1.233333 1.266667 1.300000 1.333333 1.366667 1.400000 1.433333 1.466667 1.500000 1.533333 1.566667
1.600000 1.633333 1.666667 1.700000 1.733333 1.766667 1.800000 1.833333 1.866667 1.900000 1.933333 1.966667 2.000000</float_array><technique_common><accessor source="#mixamorig_Hips-Matrix-animation-input-array" count="61"><param name="TIME" type="float"/></accessor></technique_common></source><source id="mixamorig_Hips-Matrix-animation-output-transform"><float_array id="mixamorig_Hips-Matrix-animation-output-transform-array" count="976">

0.750594 -0.006194 -0.660734 0.452039 0.055127 0.997057 0.053277 100.222305 0.658460 -0.076414 0.748727 -0.482098 0.000000 0.000000 0.000000 1.000000
0.750527 -0.009744 -0.660768 0.433247 0.058921 0.996896 0.052225 100.163132 0.658208 -0.078130 0.748771 -0.704481 0.000000 0.000000 0.000000 1.000000
0.746930 -0.015247 -0.664728 0.550722 0.065875 0.996515 0.051165 100.027451 0.661632 -0.082006 0.745331 -1.013763 0.000000 0.000000 0.000000 1.000000
0.741376 -0.016104 -0.670897 0.761826 0.073185 0.995690 0.056973 99.799362 0.667087 -0.091338 0.739359 -1.310511 0.000000 0.000000 0.000000 1.000000
0.742569 -0.004580 -0.669754 0.996110 0.078124 0.993743 0.079821 99.385429 0.665198 -0.111596 0.738280 -1.388986 0.000000 0.000000 0.000000 1.000000
0.757751 0.020665 -0.652217 1.111636 0.082302 0.988490 0.126940 98.618088 0.647333 -0.149868 0.747328 -1.061582 0.000000 0.000000 0.000000 1.000000
0.780978 0.051999 -0.622391 0.924879 0.092672 0.975849 0.197814 97.150551 0.617645 -0.212167 0.757297 -0.302228 0.000000 0.000000 0.000000 1.000000
0.799118 0.083758 -0.595311 0.478402 0.109294 0.953504 0.280866 95.008026 0.591156 -0.289509 0.752808 0.760732 0.000000 0.000000 0.000000 1.000000
0.810200 0.116748 -0.574410 -0.129867 0.125981 0.922378 0.365167 92.444962 0.572455 -0.368223 0.732603 1.903794 0.000000 0.000000 0.000000 1.000000
0.829707 0.148490 -0.538086 -0.887250 0.132763 0.883811 0.448612 89.805344 0.542180 -0.443655 0.713590 2.920146 0.000000 0.000000 0.000000 1.000000
0.872723 0.171121 -0.457244 -1.775295 0.114628 0.838561 0.532613 87.115875 0.474568 -0.517237 0.712216 3.462461 0.000000 0.000000 0.000000 1.000000
0.927325 0.177234 -0.329632 -2.750915 0.071195 0.781140 0.620283 84.357689 0.367424 -0.598672 0.711752 3.116315 0.000000 0.000000 0.000000 1.000000
0.964910 0.170165 -0.199980 -3.561997 0.019182 0.713883 0.700002 81.889977 0.261878 -0.679275 0.685569 1.601890 0.000000 0.000000 0.000000 1.000000
0.979300 0.164357 -0.118143 -4.221073 -0.018550 0.654089 0.756190 79.329842 0.201561 -0.738345 0.643599 -0.772516 0.000000 0.000000 0.000000 1.000000
0.980767 0.170204 -0.095537 -4.654438 -0.032271 0.624138 0.780647 76.941383 0.192498 -0.762550 0.617626 -3.973351 0.000000 0.000000 0.000000 1.000000
0.977205 0.183953 -0.105978 -5.009377 -0.032221 0.621925 0.782414 74.734718 0.209838 -0.761164 0.613675 -7.527839 0.000000 0.000000 0.000000 1.000000
0.976812 0.182281 -0.112304 -5.670406 -0.026592 0.623773 0.781153 72.356255 0.212441 -0.760053 0.614156 -11.004381 0.000000 0.000000 0.000000 1.000000
0.980902 0.194100 -0.012504 -6.531632 -0.102700 0.571453 0.814183 69.473160 0.165179 -0.797350 0.580473 -14.767279 0.000000 0.000000 0.000000 1.000000
0.969477 0.189692 0.155343 -7.677812 -0.232647 0.511720 0.827054 66.444206 0.077394 -0.837950 0.540232 -18.471363 0.000000 0.000000 0.000000 1.000000
0.917284 0.177416 0.356531 -9.041777 -0.397426 0.464836 0.791189 63.520618 -0.025359 -0.867439 0.496897 -21.905323 0.000000 0.000000 0.000000 1.000000
0.829887 0.164429 0.533151 -11.195935 -0.545879 0.436844 0.714971 60.007942 -0.115342 -0.884381 0.452290 -24.777328 0.000000 0.000000 0.000000 1.000000
0.740425 0.140451 0.657301 -13.057244 -0.647125 0.413267 0.640656 56.595089 -0.181660 -0.899713 0.396883 -26.790756 0.000000 0.000000 0.000000 1.000000
0.670513 0.100395 0.735073 -13.988445 -0.705894 0.391241 0.590461 53.069798 -0.228311 -0.914796 0.333201 -28.134985 0.000000 0.000000 0.000000 1.000000
0.600163 0.075633 0.796294 -14.363241 -0.762854 0.353491 0.541385 47.131714 -0.240536 -0.932375 0.269850 -29.921646 0.000000 0.000000 0.000000 1.000000
0.498104 0.060359 0.865014 -13.683718 -0.838638 0.287100 0.462882 40.382092 -0.220406 -0.955997 0.193625 -32.729576 0.000000 0.000000 0.000000 1.000000
0.390231 0.033862 0.920094 -12.023746 -0.898580 0.231825 0.372575 33.265984 -0.200684 -0.972168 0.120893 -37.626251 0.000000 0.000000 0.000000 1.000000
0.368627 0.020688 0.929347 -11.702581 -0.915231 0.183042 0.358953 25.819393 -0.162683 -0.982887 0.086409 -43.782661 0.000000 0.000000 0.000000 1.000000
0.481287 0.028552 0.876098 -12.326581 -0.872849 0.107517 0.475998 20.129492 -0.080604 -0.993793 0.076668 -50.247990 0.000000 0.000000 0.000000 1.000000
0.626207 0.052354 0.777897 -13.939301 -0.779260 0.010215 0.626617 17.208471 0.024859 -0.998576 0.047194 -56.175385 0.000000 0.000000 0.000000 1.000000
0.704128 0.031334 0.709381 -16.556246 -0.706499 -0.069200 0.704323 16.269226 0.071159 -0.997111 -0.026588 -60.876980 0.000000 0.000000 0.000000 1.000000
0.738395 -0.056540 0.671994 -18.877766 -0.672752 -0.130709 0.728230 16.385580 0.046662 -0.989807 -0.134552 -64.705078 0.000000 0.000000 0.000000 1.000000
0.785785 -0.140655 0.602294 -20.602818 -0.618449 -0.191067 0.762243 15.610216 0.007865 -0.971447 -0.237125 -68.341316 0.000000 0.000000 0.000000 1.000000
0.855479 -0.164578 0.490988 -22.130936 -0.517606 -0.243485 0.820243 14.126688 -0.015446 -0.955839 -0.293483 -71.044983 0.000000 0.000000 0.000000 1.000000
0.911303 -0.160919 0.378989 -23.313850 -0.409398 -0.256163 0.875657 13.062841 -0.043827 -0.953145 -0.299321 -72.666740 0.000000 0.000000 0.000000 1.000000
0.938702 -0.177291 0.295646 -23.894224 -0.332871 -0.243144 0.911086 12.854527 -0.089643 -0.953650 -0.287255 -73.462784 0.000000 0.000000 0.000000 1.000000
0.947804 -0.214522 0.235900 -23.950686 -0.284278 -0.233451 0.929885 13.161849 -0.144410 -0.948410 -0.282249 -73.877945 0.000000 0.000000 0.000000 1.000000
0.950099 -0.252924 0.182598 -23.780291 -0.241653 -0.226572 0.943541 13.392916 -0.197272 -0.940582 -0.276386 -74.361832 0.000000 0.000000 0.000000 1.000000
0.950397 -0.281436 0.132438 -23.412018 -0.194968 -0.207271 0.958659 13.152293 -0.242350 -0.936927 -0.251861 -75.049301 0.000000 0.000000 0.000000 1.000000
0.949424 -0.300942 0.089596 -22.969521 -0.147076 -0.174120 0.973679 12.351645 -0.277420 -0.937612 -0.209575 -75.827507 0.000000 0.000000 0.000000 1.000000
0.945874 -0.322756 0.033928 -22.487534 -0.076503 -0.120152 0.989803 10.884175 -0.315388 -0.938825 -0.138340 -76.176956 0.000000 0.000000 0.000000 1.000000
0.943186 -0.332058 0.011744 -22.410820 -0.057779 -0.129107 0.989946 10.489580 -0.327203 -0.934382 -0.140958 -76.348892 0.000000 0.000000 0.000000 1.000000
0.937587 -0.346233 -0.032459 -22.775049 -0.015824 -0.135718 0.990621 10.306026 -0.347391 -0.928280 -0.132726 -76.531563 0.000000 0.000000 0.000000 1.000000
0.931552 -0.356362 -0.072233 -23.382616 0.018416 -0.152160 0.988184 10.415321 -0.363142 -0.921875 -0.135182 -76.804779 0.000000 0.000000 0.000000 1.000000
0.927983 -0.358965 -0.099961 -23.990707 0.039230 -0.172656 0.984201 10.355618 -0.370553 -0.917243 -0.146140 -77.081223 0.000000 0.000000 0.000000 1.000000
0.927513 -0.355127 -0.116637 -24.183878 0.049100 -0.193583 0.979855 10.148848 -0.370552 -0.914555 -0.162114 -77.174446 0.000000 0.000000 0.000000 1.000000
0.927485 -0.352524 -0.124491 -23.946192 0.054674 -0.201512 0.977959 10.089002 -0.369841 -0.913849 -0.167625 -76.983177 0.000000 0.000000 0.000000 1.000000
0.925978 -0.356998 -0.122949 -23.410759 0.058412 -0.186263 0.980762 10.192684 -0.373031 -0.915346 -0.151622 -76.665237 0.000000 0.000000 0.000000 1.000000
0.924292 -0.364133 -0.114418 -22.893490 0.059398 -0.158896 0.985507 10.304831 -0.377036 -0.917692 -0.125238 -76.537872 0.000000 0.000000 0.000000 1.000000
0.925465 -0.363628 -0.106249 -22.666405 0.059240 -0.138103 0.988645 10.327765 -0.374172 -0.921250 -0.106269 -76.639000 0.000000 0.000000 0.000000 1.000000
0.928984 -0.355603 -0.102640 -22.791557 0.060826 -0.126863 0.990054 10.190058 -0.365087 -0.925987 -0.096224 -76.631157 0.000000 0.000000 0.000000 1.000000
0.932005 -0.348452 -0.099736 -22.998962 0.062230 -0.117248 0.991151 9.969097 -0.357062 -0.929965 -0.087592 -76.432037 0.000000 0.000000 0.000000 1.000000
0.933954 -0.345389 -0.091850 -22.987984 0.058280 -0.106377 0.992616 9.808157 -0.352609 -0.932411 -0.079222 -76.161903 0.000000 0.000000 0.000000 1.000000
0.935403 -0.344416 -0.079994 -22.716440 0.049475 -0.096520 0.994101 9.750780 -0.350105 -0.933842 -0.073246 -75.923973 0.000000 0.000000 0.000000 1.000000
0.936567 -0.343480 -0.069736 -22.400383 0.041452 -0.089020 0.995167 9.770362 -0.348028 -0.934932 -0.069136 -75.729355 0.000000 0.000000 0.000000 1.000000
0.936981 -0.343647 -0.063037 -22.186964 0.036685 -0.082658 0.995903 9.818438 -0.347449 -0.935454 -0.064842 -75.638412 0.000000 0.000000 0.000000 1.000000
0.936508 -0.345994 -0.056924 -22.057861 0.032370 -0.076339 0.996556 9.817179 -0.349148 -0.935126 -0.060292 -75.600807 0.000000 0.000000 0.000000 1.000000
0.936156 -0.348112 -0.049289 -21.964312 0.026026 -0.071192 0.997123 9.726868 -0.350619 -0.934746 -0.057587 -75.564331 0.000000 0.000000 0.000000 1.000000
0.936720 -0.347606 -0.041542 -21.888420 0.018839 -0.068442 0.997477 9.592699 -0.349572 -0.935140 -0.057563 -75.520706 0.000000 0.000000 0.000000 1.000000
0.937722 -0.345554 -0.035648 -21.816275 0.013015 -0.067599 0.997628 9.495214 -0.347144 -0.935961 -0.058891 -75.487923 0.000000 0.000000 0.000000 1.000000
0.938267 -0.344446 -0.031819 -21.739815 0.009091 -0.067400 0.997685 9.460775 -0.345793 -0.936384 -0.060107 -75.486267 0.000000 0.000000 0.000000 1.000000
0.938188 -0.344855 -0.029645 -21.680412 0.006686 -0.067576 0.997692 9.463655 -0.346063 -0.936220 -0.061094 -75.529015 0.000000 0.000000 0.000000 1.000000</float_array><technique_common><accessor source="#mixamorig_Hips-Matrix-animation-output-transform-array" count="61" stride="16"><param type="float4x4"/></accessor></technique_common></source><source id="mixamorig_Hips-Interpolations"><Name_array id="mixamorig_Hips-Interpolations-array" count="61">
 LINEAR LINEAR LINEAR LINEAR LINEAR LINEAR LINEAR LINEAR LINEAR LINEAR LINEAR
LINEAR LINEAR LINEAR LINEAR LINEAR LINEAR LINEAR LINEAR LINEAR LINEAR LINEAR LINEAR
LINEAR LINEAR LINEAR LINEAR LINEAR LINEAR LINEAR LINEAR LINEAR LINEAR LINEAR LINEAR
LINEAR LINEAR LINEAR LINEAR LINEAR LINEAR LINEAR LINEAR LINEAR LINEAR LINEAR LINEAR
LINEAR LINEAR LINEAR LINEAR LINEAR LINEAR LINEAR LINEAR LINEAR LINEAR LINEAR LINEAR
LINEAR LINEAR</Name_array><technique_common><accessor source="#mixamorig_Hips-Interpolations-array" count="61"><param type="name"/></accessor></technique_common></source><sampler id="mixamorig_Hips-Matrix-animation-transform"><input semantic="INPUT" source="#mixamorig_Hips-Matrix-animation-input"/><input semantic="OUTPUT" source="#mixamorig_Hips-Matrix-animation-output-transform"/><input semantic="INTERPOLATION" source="#mixamorig_Hips-Interpolations"/></sampler><channel source="#mixamorig_Hips-Matrix-animation-transform" target="mixamorig_Hips/matrix"/></animation>
    <animation id="mixamorig_Spine-anim" name="mixamorig_Spine"><source id="mixamorig_Spine-Matrix-animation-input"><float_array id="mixamorig_Spine-Matrix-animation-input-array" count="61">

0.000000 0.033333 0.066667 0.100000 0.133333 0.166667 0.200000 0.233333 0.266667 0.300000 0.333333 0.366667 0.400000 0.433333 0.466667 0.500000
0.533333 0.566667 0.600000 0.633333 0.666667 0.700000 0.733333 0.766667 0.800000 0.833333 0.866667 0.900000 0.933333 0.966667 1.000000 1.033333
1.066667 1.100000 1.133333 1.166667 1.200000 1.233333 1.266667 1.300000 1.333333 1.366667 1.400000 1.433333 1.466667 1.500000 1.533333 1.566667
1.600000 1.633333 1.666667 1.700000 1.733333 1.766667 1.800000 1.833333 1.866667 1.900000 1.933333 1.966667 2.000000</float_array><technique_common><accessor source="#mixamorig_Spine-Matrix-animation-input-array" count="61"><param name="TIME" type="float"/></accessor></technique_common></source><source id="mixamorig_Spine-Matrix-animation-output-transform"><float_array id="mixamorig_Spine-Matrix-animation-output-transform-array" count="976">

0.999966 0.007917 -0.002341 0.000000 -0.007864 0.999731 0.021841 10.997300 0.002513 -0.021822 0.999759 -0.803100 0.000000 0.000000 0.000000 1.000000
0.999945 0.010239 -0.002424 0.000000 -0.010183 0.999700 0.022255 10.997300 0.002651 -0.022229 0.999749 -0.803100 0.000000 0.000000 0.000000 1.000000
0.999913 0.013047 -0.002066 0.000000 -0.012998 0.999674 0.021970 10.997300 0.002352 -0.021942 0.999756 -0.803100 0.000000 0.000000 0.000000 1.000000
0.999898 0.014048 -0.002608 0.000000 -0.013993 0.999697 0.020235 10.997300 0.002892 -0.020197 0.999792 -0.803100 0.000000 0.000000 0.000000 1.000000
0.999928 0.010534 -0.005720 0.000000 -0.010439 0.999810 0.016445 10.997300 0.005892 -0.016384 0.999848 -0.803100 0.000000 0.000000 0.000000 1.000000
0.999951 0.001968 -0.009651 0.000000 -0.001860 0.999935 0.011216 10.997300 0.009672 -0.011198 0.999891 -0.803100 0.000000 0.000000 0.000000 1.000000
0.999935 -0.008007 -0.008142 0.000000 0.008068 0.999940 0.007383 10.997300 0.008082 -0.007449 0.999940 -0.803100 0.000000 0.000000 0.000000 1.000000
0.999831 -0.018117 0.003025 0.000000 0.018093 0.999805 0.007881 10.997300 -0.003168 -0.007825 0.999964 -0.803100 0.000000 0.000000 0.000000 1.000000
0.999372 -0.028890 0.020500 0.000000 0.028626 0.999505 0.013035 10.997300 -0.020866 -0.012440 0.999705 -0.803100 0.000000 0.000000 0.000000 1.000000
0.998680 -0.037669 0.034928 -0.000000 0.036966 0.999105 0.020585 10.997300 -0.035672 -0.019266 0.999178 -0.803100 0.000000 0.000000 0.000000 1.000000
0.998549 -0.039910 0.036148 0.000000 0.039005 0.998916 0.025422 10.997300 -0.037123 -0.023975 0.999023 -0.803100 0.000000 0.000000 0.000000 1.000000
0.999267 -0.030581 0.023030 0.000000 0.030101 0.999328 0.020916 10.997300 -0.023654 -0.020208 0.999516 -0.803100 0.000000 0.000000 0.000000 1.000000
0.999890 -0.014614 0.002368 0.000000 0.014603 0.999883 0.004584 10.997300 -0.002435 -0.004549 0.999987 -0.803100 0.000000 0.000000 0.000000 1.000000
0.999904 -0.001557 -0.013750 -0.000000 0.001336 0.999870 -0.016080 10.997300 0.013773 0.016060 0.999776 -0.803100 0.000000 0.000000 0.000000 1.000000
0.999815 0.003339 -0.018962 0.000000 -0.003974 0.999428 -0.033571 10.997300 0.018839 0.033640 0.999256 -0.803100 0.000000 0.000000 0.000000 1.000000
0.999905 0.002649 -0.013516 0.000000 -0.003184 0.999206 -0.039720 10.997300 0.013400 0.039759 0.999119 -0.803100 0.000000 0.000000 0.000000 1.000000
0.999872 0.013170 -0.009071 0.000000 -0.013536 0.999045 -0.041542 10.997300 0.008515 0.041660 0.999096 -0.803100 0.000000 0.000000 0.000000 1.000000
0.999963 0.008655 0.000039 0.000000 -0.008632 0.997577 -0.069027 10.997300 -0.000637 0.069024 0.997615 -0.803100 0.000000 0.000000 0.000000 1.000000
0.999981 -0.004948 -0.003695 -0.000000 0.004601 0.996066 -0.088490 10.997300 0.004119 0.088471 0.996070 -0.803100 0.000000 0.000000 0.000000 1.000000
0.999659 -0.024918 -0.007798 0.000000 0.024074 0.995262 -0.094207 10.997300 0.010108 0.093987 0.995522 -0.803100 0.000000 0.000000 0.000000 1.000000
0.999347 -0.035402 -0.007274 0.000000 0.034637 0.995616 -0.086883 10.997300 0.010318 0.086574 0.996192 -0.803100 0.000000 0.000000 0.000000 1.000000
0.999388 -0.034959 -0.001209 0.000000 0.034760 0.996392 -0.077420 10.997300 0.003911 0.077331 0.996998 -0.803100 0.000000 0.000000 0.000000 1.000000
0.999710 -0.022915 0.007386 0.000000 0.023382 0.997212 -0.070857 10.997300 -0.005742 0.071009 0.997459 -0.803100 0.000000 0.000000 0.000000 1.000000
0.999790 -0.016584 0.012026 0.000000 0.017355 0.997596 -0.067093 10.997300 -0.010884 0.067287 0.997674 -0.803100 0.000000 0.000000 0.000000 1.000000
0.999752 -0.019572 0.010622 0.000000 0.020209 0.997774 -0.063553 10.997300 -0.009355 0.063752 0.997922 -0.803100 0.000000 0.000000 0.000000 1.000000
0.999843 -0.015715 0.008242 -0.000000 0.016170 0.998160 -0.058440 10.997300 -0.007308 0.058564 0.998257 -0.803100 0.000000 0.000000 0.000000 1.000000
0.999703 -0.022017 0.010461 -0.000000 0.022598 0.997995 -0.059114 10.997300 -0.009138 0.059333 0.998196 -0.803100 0.000000 0.000000 0.000000 1.000000
0.998849 -0.043445 0.020308 0.000000 0.044746 0.996628 -0.068783 10.997300 -0.017251 0.069613 0.997425 -0.803100 0.000000 0.000000 0.000000 1.000000
0.997974 -0.060053 0.020989 0.000000 0.061574 0.994774 -0.081442 10.997300 -0.015988 0.082570 0.996457 -0.803100 0.000000 0.000000 0.000000 1.000000
0.998873 -0.047416 -0.002255 0.000000 0.047002 0.994571 -0.092841 10.997300 0.006645 0.092630 0.995678 -0.803100 0.000000 0.000000 0.000000 1.000000
0.999448 -0.011269 -0.031267 0.000000 0.007989 0.994638 -0.103106 10.997300 0.032261 0.102799 0.994179 -0.803100 0.000000 0.000000 0.000000 1.000000
0.998786 0.020818 -0.044649 0.000000 -0.025629 0.993597 -0.110035 10.997300 0.042072 0.111045 0.992924 -0.803100 0.000000 0.000000 0.000000 1.000000
0.998441 0.034079 -0.044217 -0.000000 -0.038709 0.993345 -0.108481 10.997300 0.040225 0.110023 0.993115 -0.803100 0.000000 0.000000 0.000000 1.000000
0.998404 0.038013 -0.041762 0.000000 -0.041906 0.994433 -0.096681 10.997300 0.037854 0.098276 0.994439 -0.803100 0.000000 0.000000 0.000000 1.000000
0.998257 0.041620 -0.041841 -0.000000 -0.044864 0.995796 -0.079856 10.997300 0.038342 0.081594 0.995928 -0.803100 0.000000 0.000000 0.000000 1.000000
0.997986 0.046067 -0.043615 -0.000000 -0.048818 0.996737 -0.064278 10.997300 0.040511 0.066278 0.996979 -0.803100 0.000000 0.000000 0.000000 1.000000
0.997800 0.048947 -0.044716 0.000000 -0.051256 0.997329 -0.052037 10.997300 0.042049 0.054215 0.997644 -0.803100 0.000000 0.000000 0.000000 1.000000
0.997888 0.047396 -0.044429 0.000000 -0.049281 0.997887 -0.042339 10.997300 0.042329 0.044439 0.998115 -0.803100 0.000000 0.000000 0.000000 1.000000
0.998129 0.042122 -0.044313 0.000000 -0.043684 0.998436 -0.034900 10.997300 0.042774 0.036771 0.998408 -0.803100 0.000000 0.000000 0.000000 1.000000
0.998264 0.036050 -0.046585 0.000000 -0.037474 0.998846 -0.030047 10.997300 0.045448 0.031740 0.998462 -0.803100 0.000000 0.000000 0.000000 1.000000
0.998325 0.034680 -0.046307 0.000000 -0.036044 0.998931 -0.028944 10.997300 0.045254 0.030565 0.998508 -0.803100 0.000000 0.000000 0.000000 1.000000
0.998434 0.033537 -0.044785 -0.000000 -0.034897 0.998942 -0.029945 10.997300 0.043733 0.031461 0.998548 -0.803100 0.000000 0.000000 0.000000 1.000000
0.998626 0.032531 -0.041083 0.000000 -0.033890 0.998886 -0.032846 10.997300 0.039969 0.034193 0.998616 -0.803100 0.000000 0.000000 0.000000 1.000000
0.998860 0.030792 -0.036471 0.000000 -0.032182 0.998753 -0.038161 10.997300 0.035250 0.039291 0.998606 -0.803100 0.000000 0.000000 0.000000 1.000000
0.999110 0.027926 -0.031609 0.000000 -0.029312 0.998589 -0.044276 10.997300 0.030328 0.045163 0.998519 -0.803100 0.000000 0.000000 0.000000 1.000000
0.999308 0.025124 -0.027431 -0.000000 -0.026372 0.998586 -0.046153 10.997300 0.026233 0.046845 0.998558 -0.803100 0.000000 0.000000 0.000000 1.000000
0.999389 0.024236 -0.025194 0.000000 -0.025255 0.998843 -0.040927 10.997300 0.024172 0.041538 0.998844 -0.803100 0.000000 0.000000 0.000000 1.000000
0.999388 0.024771 -0.024712 0.000000 -0.025555 0.999163 -0.031937 10.997300 0.023900 0.032549 0.999184 -0.803100 0.000000 0.000000 0.000000 1.000000
0.999417 0.024264 -0.024036 -0.000000 -0.024847 0.999397 -0.024253 10.997300 0.023433 0.024836 0.999417 -0.803100 0.000000 0.000000 0.000000 1.000000
0.999482 0.023410 -0.022077 0.000000 -0.023830 0.999537 -0.018942 10.997300 0.021624 0.019459 0.999577 -0.803100 0.000000 0.000000 0.000000 1.000000
0.999512 0.024192 -0.019740 0.000000 -0.024476 0.999598 -0.014293 10.997300 0.019386 0.014769 0.999703 -0.803100 0.000000 0.000000 0.000000 1.000000
0.999499 0.025731 -0.018447 0.000000 -0.025911 0.999618 -0.009576 10.997300 0.018193 0.010049 0.999784 -0.803100 0.000000 0.000000 0.000000 1.000000
0.999481 0.026704 -0.017993 0.000000 -0.026798 0.999628 -0.004981 10.997300 0.017854 0.005461 0.999826 -0.803100 0.000000 0.000000 0.000000 1.000000
0.999491 0.026910 -0.017135 -0.000000 -0.026921 0.999637 -0.000389 10.997300 0.017119 0.000850 0.999853 -0.803100 0.000000 0.000000 0.000000 1.000000
0.999511 0.027170 -0.015476 -0.000000 -0.027106 0.999623 0.004322 10.997300 0.015588 -0.003901 0.999871 -0.803100 0.000000 0.000000 0.000000 1.000000
0.999513 0.028023 -0.013730 0.000000 -0.027905 0.999572 0.008733 10.997300 0.013969 -0.008346 0.999868 -0.803100 0.000000 0.000000 0.000000 1.000000
0.999512 0.028644 -0.012492 0.000000 -0.028493 0.999520 0.012161 10.997300 0.012834 -0.011799 0.999848 -0.803100 0.000000 0.000000 0.000000 1.000000
0.999532 0.028306 -0.011612 0.000000 -0.028138 0.999501 0.014364 10.997300 0.012013 -0.014030 0.999829 -0.803100 0.000000 0.000000 0.000000 1.000000
0.999566 0.027428 -0.010710 0.000000 -0.027258 0.999504 0.015760 10.997300 0.011137 -0.015461 0.999818 -0.803100 0.000000 0.000000 0.000000 1.000000
0.999590 0.026933 -0.009769 -0.000000 -0.026766 0.999500 0.016833 10.997300 0.010217 -0.016564 0.999811 -0.803100 0.000000 0.000000 0.000000 1.000000
0.999588 0.027252 -0.008978 0.000000 -0.027091 0.999478 0.017585 10.997300 0.009452 -0.017334 0.999805 -0.803100 0.000000 0.000000 0.000000 1.000000</float_array><technique_common><accessor source="#mixamorig_Spine-Matrix-animation-output-transform-array" count="61" stride="16"><param type="float4x4"/></accessor></technique_common></source><source id="mixamorig_Spine-Interpolations"><Name_array id="mixamorig_Spine-Interpolations-array" count="61">
 LINEAR LINEAR LINEAR LINEAR LINEAR LINEAR LINEAR LINEAR LINEAR LINEAR LINEAR
LINEAR LINEAR LINEAR LINEAR LINEAR LINEAR LINEAR LINEAR LINEAR LINEAR LINEAR LINEAR
LINEAR LINEAR LINEAR LINEAR LINEAR LINEAR LINEAR LINEAR LINEAR LINEAR LINEAR LINEAR
LINEAR LINEAR LINEAR LINEAR LINEAR LINEAR LINEAR LINEAR LINEAR LINEAR LINEAR LINEAR
LINEAR LINEAR LINEAR LINEAR LINEAR LINEAR LINEAR LINEAR LINEAR LINEAR LINEAR LINEAR
LINEAR LINEAR</Name_array><technique_common><accessor source="#mixamorig_Spine-Interpolations-array" count="61"><param type="name"/></accessor></technique_common></source><sampler id="mixamorig_Spine-Matrix-animation-transform"><input semantic="INPUT" source="#mixamorig_Spine-Matrix-animation-input"/><input semantic="OUTPUT" source="#mixamorig_Spine-Matrix-animation-output-transform"/><input semantic="INTERPOLATION" source="#mixamorig_Spine-Interpolations"/></sampler><channel source="#mixamorig_Spine-Matrix-animation-transform" target="mixamorig_Spine/matrix"/></animation>
    <animation id="mixamorig_Spine1-anim" name="mixamorig_Spine1"><source id="mixamorig_Spine1-Matrix-animation-input"><float_array id="mixamorig_Spine1-Matrix-animation-input-array" count="61">

0.000000 0.033333 0.066667 0.100000 0.133333 0.166667 0.200000 0.233333 0.266667 0.300000 0.333333 0.366667 0.400000 0.433333 0.466667 0.500000
0.533333 0.566667 0.600000 0.633333 0.666667 0.700000 0.733333 0.766667 0.800000 0.833333 0.866667 0.900000 0.933333 0.966667 1.000000 1.033333
1.066667 1.100000 1.133333 1.166667 1.200000 1.233333 1.266667 1.300000 1.333333 1.366667 1.400000 1.433333 1.466667 1.500000 1.533333 1.566667
1.600000 1.633333 1.666667 1.700000 1.733333 1.766667 1.800000 1.833333 1.866667 1.900000 1.933333 1.966667 2.000000</float_array><technique_common><accessor source="#mixamorig_Spine1-Matrix-animation-input-array" count="61"><param name="TIME" type="float"/></accessor></technique_common></source><source id="mixamorig_Spine1-Matrix-animation-output-transform"><float_array id="mixamorig_Spine1-Matrix-animation-output-transform-array" count="976">

0.999860 0.015744 -0.005682 0.000000 -0.016241 0.994662 -0.101901 12.864400 0.004047 0.101979 0.994778 0.000000 0.000000 0.000000 0.000000 1.000000
0.999787 0.019746 -0.006043 0.000000 -0.020255 0.994674 -0.101064 12.864400 0.004016 0.101165 0.994862 0.000000 0.000000 0.000000 0.000000 1.000000
0.999695 0.024032 -0.005615 0.000000 -0.024478 0.994523 -0.101614 12.864400 0.003142 0.101720 0.994808 -0.000000 0.000000 0.000000 0.000000 1.000000
0.999674 0.024559 -0.006929 0.000000 -0.025152 0.994149 -0.105045 12.864400 0.004308 0.105185 0.994443 0.000000 0.000000 0.000000 0.000000 1.000000
0.999779 0.016327 -0.013241 -0.000000 -0.017715 0.993486 -0.112570 12.864400 0.011317 0.112779 0.993556 0.000000 0.000000 0.000000 0.000000 1.000000
0.999782 -0.000420 -0.020884 0.000000 -0.002153 0.992402 -0.123016 12.864400 0.020777 0.123034 0.992185 0.000000 0.000000 0.000000 0.000000 1.000000
0.999643 -0.019928 -0.017788 0.000000 0.017435 0.991268 -0.130707 12.864400 0.020238 0.130350 0.991261 0.000000 0.000000 0.000000 0.000000 1.000000
0.999235 -0.038839 0.004520 0.000000 0.039097 0.990798 -0.129576 12.864400 0.000554 0.129653 0.991559 -0.000000 0.000000 0.000000 0.000000 1.000000
0.997442 -0.060197 0.038536 0.000000 0.064384 0.990844 -0.118669 12.864400 -0.031040 0.120846 0.992186 0.000000 0.000000 0.000000 0.000000 1.000000
0.994630 -0.081353 0.063976 -0.000000 0.087643 0.990855 -0.102589 12.864400 -0.055045 0.107646 0.992664 0.000000 0.000000 0.000000 0.000000 1.000000
0.994120 -0.087455 0.063846 0.000000 0.093168 0.991316 -0.092800 12.864400 -0.055176 0.098203 0.993636 0.000000 0.000000 0.000000 0.000000 1.000000
0.996961 -0.068604 0.036906 0.000000 0.072074 0.992088 -0.102797 12.864400 -0.029562 0.105145 0.994017 0.000000 0.000000 0.000000 0.000000 1.000000
0.999384 -0.035052 -0.001758 0.000000 0.034487 0.990089 -0.136138 12.864400 0.006512 0.135993 0.990688 0.000000 0.000000 0.000000 0.000000 1.000000
0.999483 -0.008644 -0.030968 0.000000 0.003027 0.984201 -0.177028 12.864400 0.032009 0.176843 0.983719 -0.000000 0.000000 0.000000 0.000000 1.000000
0.999290 0.002622 -0.037597 0.000000 -0.010511 0.977381 -0.211225 12.864400 0.036192 0.211470 0.976714 -0.000000 0.000000 0.000000 0.000000 1.000000
0.999681 0.009210 -0.023511 0.000000 -0.014230 0.974657 -0.223249 12.864400 0.020859 0.223513 0.974478 0.000000 0.000000 0.000000 0.000000 1.000000
0.999601 0.023588 -0.015556 0.000000 -0.026504 0.973583 -0.226788 12.864400 0.009796 0.227110 0.973820 -0.000000 0.000000 0.000000 0.000000 1.000000
0.999880 0.015228 0.002909 0.000000 -0.013803 0.959863 -0.280129 12.864400 -0.007058 0.280055 0.959958 0.000000 0.000000 0.000000 0.000000 1.000000
0.999981 0.002601 -0.005659 0.000000 -0.004263 0.948246 -0.317507 12.864400 0.004540 0.317525 0.948239 0.000000 0.000000 0.000000 0.000000 1.000000
0.999679 -0.019565 -0.016088 0.000000 0.013199 0.944435 -0.328434 12.864400 0.021620 0.328116 0.944390 -0.000000 0.000000 0.000000 0.000000 1.000000
0.999412 -0.030515 -0.015666 -0.000000 0.024042 0.948924 -0.314588 12.864400 0.024466 0.314026 0.949099 0.000000 0.000000 0.000000 0.000000 1.000000
0.999808 -0.019423 -0.002470 0.000000 0.017815 0.954780 -0.296780 12.864400 0.008123 0.296679 0.954943 0.000000 0.000000 0.000000 0.000000 1.000000
0.999855 0.006657 0.015663 0.000000 -0.001924 0.958632 -0.284641 12.864400 -0.016910 0.284569 0.958506 -0.000000 0.000000 0.000000 0.000000 1.000000
0.999296 0.024244 0.028642 -0.000000 -0.015338 0.960495 -0.277873 12.864400 -0.034248 0.277238 0.960191 -0.000000 0.000000 0.000000 0.000000 1.000000
0.999343 0.022717 0.028227 0.000000 -0.014221 0.962447 -0.271097 12.864400 -0.033326 0.270518 0.962138 0.000000 0.000000 0.000000 0.000000 1.000000
0.999825 0.001254 0.018644 -0.000000 0.003643 0.965515 -0.260322 12.864400 -0.018327 0.260344 0.965342 0.000000 0.000000 0.000000 0.000000 1.000000
0.999386 -0.027814 0.021322 0.000000 0.032422 0.964752 -0.261156 12.864400 -0.013307 0.261687 0.965061 0.000000 0.000000 0.000000 0.000000 1.000000
0.997063 -0.064703 0.040977 0.000000 0.073610 0.957330 -0.279466 12.864400 -0.021146 0.281662 0.959281 0.000000 0.000000 0.000000 0.000000 1.000000
0.995684 -0.084112 0.039234 0.000000 0.092081 0.948214 -0.303993 12.864400 -0.011632 0.306294 0.951866 -0.000000 0.000000 0.000000 0.000000 1.000000
0.998303 -0.057348 -0.010129 0.000000 0.050919 0.943972 -0.326072 12.864400 0.028261 0.325003 0.945291 0.000000 0.000000 0.000000 0.000000 1.000000
0.997638 0.001715 -0.068668 0.000000 -0.025289 0.938638 -0.343976 12.864400 0.063865 0.344900 0.936464 0.000000 0.000000 0.000000 0.000000 1.000000
0.994198 0.048848 -0.095839 0.000000 -0.080025 0.931240 -0.355510 12.864400 0.071884 0.361117 0.929746 0.000000 0.000000 0.000000 0.000000 1.000000
0.992715 0.072507 -0.096229 0.000000 -0.102087 0.930366 -0.352132 12.864400 0.063997 0.359391 0.930990 -0.000000 0.000000 0.000000 0.000000 1.000000
0.991745 0.088520 -0.092764 -0.000000 -0.114470 0.937195 -0.329488 12.864400 0.057771 0.337387 0.939592 0.000000 0.000000 0.000000 0.000000 1.000000
0.990028 0.104895 -0.094025 -0.000000 -0.128447 0.946255 -0.296823 12.864400 0.057837 0.305940 0.950292 -0.000000 0.000000 0.000000 0.000000 1.000000
0.988232 0.117926 -0.097421 0.000000 -0.140055 0.953655 -0.266321 12.864400 0.061500 0.276831 0.958949 0.000000 0.000000 0.000000 0.000000 1.000000
0.987639 0.122032 -0.098370 0.000000 -0.142725 0.959576 -0.242576 12.864400 0.064791 0.253617 0.965132 0.000000 0.000000 0.000000 0.000000 1.000000
0.988758 0.114516 -0.096142 0.000000 -0.133605 0.965339 -0.224209 12.864400 0.067134 0.234534 0.969787 0.000000 0.000000 0.000000 0.000000 1.000000
0.990666 0.098698 -0.094017 0.000000 -0.116668 0.970635 -0.210371 12.864400 0.070493 0.219376 0.973090 0.000000 0.000000 0.000000 0.000000 1.000000
0.992908 0.072849 -0.093950 -0.000000 -0.090657 0.975193 -0.201940 12.864400 0.076909 0.209025 0.974881 0.000000 0.000000 0.000000 0.000000 1.000000
0.993365 0.068319 -0.092508 0.000000 -0.085753 0.976036 -0.200000 12.864400 0.076628 0.206606 0.975419 0.000000 0.000000 0.000000 0.000000 1.000000
0.994401 0.059023 -0.087652 0.000000 -0.075803 0.976336 -0.202537 12.864400 0.073624 0.208047 0.975344 -0.000000 0.000000 0.000000 0.000000 1.000000
0.995592 0.049151 -0.079879 0.000000 -0.064928 0.975797 -0.208817 12.864400 0.067682 0.213083 0.974687 0.000000 0.000000 0.000000 0.000000 1.000000
0.996805 0.034604 -0.071984 0.000000 -0.049698 0.974267 -0.219849 12.864400 0.062525 0.222724 0.972874 0.000000 0.000000 0.000000 0.000000 1.000000
0.997740 0.016394 -0.065165 -0.000000 -0.031147 0.972137 -0.232335 12.864400 0.059540 0.233840 0.970450 0.000000 0.000000 0.000000 0.000000 1.000000
0.998228 0.001313 -0.059487 0.000000 -0.015361 0.971553 -0.236324 12.864400 0.057485 0.236820 0.969852 0.000000 0.000000 0.000000 0.000000 1.000000
0.998431 -0.004461 -0.055820 0.000000 -0.008297 0.974035 -0.226245 12.864400 0.055380 0.226353 0.972470 0.000000 0.000000 0.000000 0.000000 1.000000
0.998531 -0.002111 -0.054138 0.000000 -0.009244 0.977950 -0.208634 12.864400 0.053384 0.208828 0.976494 0.000000 0.000000 0.000000 0.000000 1.000000
0.998640 0.002823 -0.052053 0.000000 -0.012855 0.981032 -0.193418 12.864400 0.050520 0.193824 0.979735 0.000000 0.000000 0.000000 0.000000 1.000000
0.998842 0.006633 -0.047647 -0.000000 -0.015250 0.983026 -0.182833 12.864400 0.045626 0.183348 0.981989 0.000000 0.000000 0.000000 0.000000 1.000000
0.999046 0.009644 -0.042602 0.000000 -0.016908 0.984673 -0.173590 12.864400 0.040275 0.174144 0.983896 0.000000 0.000000 0.000000 0.000000 1.000000
0.999129 0.012769 -0.039735 0.000000 -0.019136 0.986235 -0.164239 12.864400 0.037090 0.164856 0.985620 0.000000 0.000000 0.000000 0.000000 1.000000
0.999132 0.015527 -0.038655 -0.000000 -0.021350 0.987664 -0.155128 12.864400 0.035770 0.155818 0.987138 0.000000 0.000000 0.000000 0.000000 1.000000
0.999157 0.018120 -0.036825 0.000000 -0.023317 0.989010 -0.145999 12.864400 0.033775 0.146734 0.988599 0.000000 0.000000 0.000000 0.000000 1.000000
0.999218 0.021115 -0.033433 0.000000 -0.025497 0.990297 -0.136611 12.864400 0.030225 0.137356 0.990060 0.000000 0.000000 0.000000 0.000000 1.000000
0.999261 0.024179 -0.029884 0.000000 -0.027811 0.991408 -0.127817 12.864400 0.026537 0.128554 0.991347 0.000000 0.000000 0.000000 0.000000 1.000000
0.999284 0.026133 -0.027358 0.000000 -0.029261 0.992223 -0.120985 12.864400 0.023983 0.121699 0.992277 0.000000 0.000000 0.000000 0.000000 1.000000
0.999329 0.026243 -0.025541 -0.000000 -0.029051 0.992754 -0.116601 12.864400 0.022296 0.117264 0.992850 0.000000 0.000000 0.000000 0.000000 1.000000
0.999402 0.025177 -0.023713 0.000000 -0.027720 0.993114 -0.113824 12.864400 0.020684 0.114413 0.993218 0.000000 0.000000 0.000000 0.000000 1.000000
0.999467 0.024261 -0.021865 0.000000 -0.026557 0.993389 -0.111684 12.864400 0.019011 0.112205 0.993503 0.000000 0.000000 0.000000 0.000000 1.000000
0.999502 0.024084 -0.020402 0.000000 -0.026190 0.993567 -0.110178 12.864400 0.017617 0.110657 0.993702 0.000000 0.000000 0.000000 0.000000 1.000000</float_array><technique_common><accessor source="#mixamorig_Spine1-Matrix-animation-output-transform-array" count="61" stride="16"><param type="float4x4"/></accessor></technique_common></source><source id="mixamorig_Spine1-Interpolations"><Name_array id="mixamorig_Spine1-Interpolations-array" count="61">
 LINEAR LINEAR LINEAR LINEAR LINEAR LINEAR LINEAR LINEAR LINEAR LINEAR LINEAR
LINEAR LINEAR LINEAR LINEAR LINEAR LINEAR LINEAR LINEAR LINEAR LINEAR LINEAR LINEAR
LINEAR LINEAR LINEAR LINEAR LINEAR LINEAR LINEAR LINEAR LINEAR LINEAR LINEAR LINEAR
LINEAR LINEAR LINEAR LINEAR LINEAR LINEAR LINEAR LINEAR LINEAR LINEAR LINEAR LINEAR
LINEAR LINEAR LINEAR LINEAR LINEAR LINEAR LINEAR LINEAR LINEAR LINEAR LINEAR LINEAR
LINEAR LINEAR</Name_array><technique_common><accessor source="#mixamorig_Spine1-Interpolations-array" count="61"><param type="name"/></accessor></technique_common></source><sampler id="mixamorig_Spine1-Matrix-animation-transform"><input semantic="INPUT" source="#mixamorig_Spine1-Matrix-animation-input"/><input semantic="OUTPUT" source="#mixamorig_Spine1-Matrix-animation-output-transform"/><input semantic="INTERPOLATION" source="#mixamorig_Spine1-Interpolations"/></sampler><channel source="#mixamorig_Spine1-Matrix-animation-transform" target="mixamorig_Spine1/matrix"/></animation>
    <animation id="mixamorig_Spine2-anim" name="mixamorig_Spine2"><source id="mixamorig_Spine2-Matrix-animation-input"><float_array id="mixamorig_Spine2-Matrix-animation-input-array" count="61">

0.000000 0.033333 0.066667 0.100000 0.133333 0.166667 0.200000 0.233333 0.266667 0.300000 0.333333 0.366667 0.400000 0.433333 0.466667 0.500000
0.533333 0.566667 0.600000 0.633333 0.666667 0.700000 0.733333 0.766667 0.800000 0.833333 0.866667 0.900000 0.933333 0.966667 1.000000 1.033333
1.066667 1.100000 1.133333 1.166667 1.200000 1.233333 1.266667 1.300000 1.333333 1.366667 1.400000 1.433333 1.466667 1.500000 1.533333 1.566667
1.600000 1.633333 1.666667 1.700000 1.733333 1.766667 1.800000 1.833333 1.866667 1.900000 1.933333 1.966667 2.000000</float_array><technique_common><accessor source="#mixamorig_Spine2-Matrix-animation-input-array" count="61"><param name="TIME" type="float"/></accessor></technique_common></source><source id="mixamorig_Spine2-Matrix-animation-output-transform"><float_array id="mixamorig_Spine2-Matrix-animation-output-transform-array" count="976">

0.999860 0.015744 -0.005682 0.000000 -0.016241 0.994662 -0.101901 14.702200 0.004048 0.101979 0.994778 0.000000 0.000000 0.000000 0.000000 1.000000
0.999787 0.019746 -0.006044 -0.000000 -0.020256 0.994674 -0.101064 14.702200 0.004016 0.101165 0.994862 -0.000000 0.000000 0.000000 0.000000 1.000000
0.999695 0.024032 -0.005615 0.000000 -0.024478 0.994523 -0.101614 14.702200 0.003142 0.101720 0.994808 0.000000 0.000000 0.000000 0.000000 1.000000
0.999674 0.024559 -0.006929 0.000000 -0.025152 0.994149 -0.105045 14.702200 0.004309 0.105185 0.994443 0.000000 0.000000 0.000000 0.000000 1.000000
0.999779 0.016327 -0.013242 0.000000 -0.017715 0.993486 -0.112570 14.702200 0.011318 0.112779 0.993556 0.000000 0.000000 0.000000 0.000000 1.000000
0.999782 -0.000420 -0.020884 0.000000 -0.002153 0.992402 -0.123016 14.702200 0.020777 0.123034 0.992185 0.000000 0.000000 0.000000 0.000000 1.000000
0.999643 -0.019928 -0.017788 0.000000 0.017435 0.991268 -0.130707 14.702200 0.020237 0.130350 0.991261 0.000000 0.000000 0.000000 0.000000 1.000000
0.999235 -0.038839 0.004520 -0.000000 0.039097 0.990798 -0.129576 14.702200 0.000554 0.129653 0.991559 -0.000000 0.000000 0.000000 0.000000 1.000000
0.997442 -0.060197 0.038537 0.000000 0.064384 0.990844 -0.118669 14.702200 -0.031040 0.120846 0.992186 0.000000 0.000000 0.000000 0.000000 1.000000
0.994630 -0.081353 0.063976 0.000000 0.087643 0.990855 -0.102590 14.702200 -0.055045 0.107646 0.992664 0.000000 0.000000 0.000000 0.000000 1.000000
0.994120 -0.087455 0.063846 0.000000 0.093168 0.991316 -0.092800 14.702200 -0.055176 0.098203 0.993636 0.000000 0.000000 0.000000 0.000000 1.000000
0.996961 -0.068604 0.036906 0.000000 0.072074 0.992088 -0.102797 14.702200 -0.029562 0.105145 0.994017 0.000000 0.000000 0.000000 0.000000 1.000000
0.999384 -0.035052 -0.001758 0.000000 0.034487 0.990089 -0.136138 14.702200 0.006512 0.135993 0.990688 -0.000000 0.000000 0.000000 0.000000 1.000000
0.999483 -0.008645 -0.030968 0.000000 0.003027 0.984201 -0.177028 14.702200 0.032009 0.176842 0.983719 0.000000 0.000000 0.000000 0.000000 1.000000
0.999290 0.002622 -0.037597 0.000000 -0.010511 0.977381 -0.211225 14.702200 0.036192 0.211470 0.976714 0.000000 0.000000 0.000000 0.000000 1.000000
0.999681 0.009210 -0.023511 0.000000 -0.014230 0.974658 -0.223249 14.702200 0.020859 0.223513 0.974478 0.000000 0.000000 0.000000 0.000000 1.000000
0.999601 0.023588 -0.015556 -0.000000 -0.026504 0.973583 -0.226788 14.702200 0.009796 0.227110 0.973820 0.000000 0.000000 0.000000 0.000000 1.000000
0.999880 0.015228 0.002909 0.000000 -0.013803 0.959863 -0.280130 14.702200 -0.007058 0.280056 0.959958 -0.000000 0.000000 0.000000 0.000000 1.000000
0.999981 0.002601 -0.005659 -0.000000 -0.004263 0.948246 -0.317507 14.702200 0.004540 0.317525 0.948239 -0.000000 0.000000 0.000000 0.000000 1.000000
0.999679 -0.019565 -0.016088 0.000000 0.013199 0.944435 -0.328433 14.702200 0.021620 0.328116 0.944390 0.000000 0.000000 0.000000 0.000000 1.000000
0.999412 -0.030515 -0.015666 0.000000 0.024043 0.948924 -0.314588 14.702200 0.024466 0.314027 0.949099 0.000000 0.000000 0.000000 0.000000 1.000000
0.999808 -0.019423 -0.002470 -0.000000 0.017815 0.954780 -0.296779 14.702200 0.008123 0.296678 0.954943 0.000000 0.000000 0.000000 0.000000 1.000000
0.999855 0.006657 0.015663 -0.000000 -0.001924 0.958632 -0.284641 14.702200 -0.016910 0.284569 0.958506 0.000000 0.000000 0.000000 0.000000 1.000000
0.999296 0.024244 0.028642 0.000000 -0.015338 0.960495 -0.277873 14.702200 -0.034247 0.277238 0.960191 0.000000 0.000000 0.000000 0.000000 1.000000
0.999343 0.022717 0.028227 0.000000 -0.014221 0.962447 -0.271098 14.702200 -0.033326 0.270518 0.962138 -0.000000 0.000000 0.000000 0.000000 1.000000
0.999825 0.001254 0.018643 -0.000000 0.003643 0.965515 -0.260322 14.702200 -0.018327 0.260344 0.965342 0.000000 0.000000 0.000000 0.000000 1.000000
