<?xml version="1.0" encoding="utf-8"?>
<COLLADA xmlns="http://www.collada.org/2005/11/COLLADASchema" version="1.4.1">
  <asset><contributor><author>Mixamo</author><authoring_tool>COLLADA Mixamo exporter</authoring_tool><comments></comments></contributor><created>2020-05-19T15:25:46Z</created><modified>2020-05-19T15:25:46Z</modified><revision></revision><title></title><unit meter="0.010000"/><up_axis>Y_UP</up_axis></asset>
  <library_animations>
    <animation id="mixamorig_Hips-anim" name="mixamorig_Hips"><source id="mixamorig_Hips-Matrix-animation-input"><float_array id="mixamorig_Hips-Matrix-animation-input-array" count="181">

0.000000 0.033333 0.066667 0.100000 0.133333 0.166667 0.200000 0.233333 0.266667 0.300000 0.333333 0.366667 0.400000 0.433333 0.466667 0.500000
0.533333 0.566667 0.600000 0.633333 0.666667 0.700000 0.733333 0.766667 0.800000 0.833333 0.866667 0.900000 0.933333 0.966667 1.000000 1.033333
1.066667 1.100000 1.133333 1.166667 1.200000 1.233333 1.266667 1.300000 1.333333 1.366667 1.400000 1.433333 1.466667 1.500000 1.533333 1.566667
1.600000 1.633333 1.666667 1.700000 1.733333 1.766667 1.800000 1.833333 1.866667 1.900000 1.933333 1.966667 2.000000 2.033333 2.066667 2.100000
2.133333 2.166667 2.200000 2.233333 2.266667 2.300000 2.333333 2.366667 2.400000 2.433333 2.466667 2.500000 2.533333 2.566667 2.600000 2.633333
2.666667 2.700000 2.733333 2.766667 2.800000 2.833333 2.866667 2.900000 2.933333 2.966667 3.000000 3.033333 3.066667 3.100000 3.133333 3.166667
3.200000 3.233333 3.266667 3.300000 3.333333 3.366667 3.400000 3.433333 3.466667 3.500000 3.533333 3.566667 3.600000 3.633333 3.666667 3.700000
3.733333 3.766667 3.800000 3.833333 3.866667 3.900000 3.933333 3.966667 4.000000 4.033333 4.066667 4.100000 4.133333 4.166667 4.200000 4.233333
4.266667 4.300000 4.333333 4.366667 4.400000 4.433333 4.466667 4.500000 4.533333 4.566667 4.600000 4.633333 4.666667 4.700000 4.733333 4.766667
4.800000 4.833333 4.866667 4.900000 4.933333 4.966667 5.000000 5.033333 5.066667 5.100000 5.133333 5.166667 5.200000 5.233333 5.266667 5.300000
5.333333 5.366667 5.400000 5.433333 5.466667 5.500000 5.533333 5.566667 5.600000 5.633333 5.666667 5.700000 5.733333 5.766667 5.800000 5.833333
5.866667 5.900000 5.933333 5.966667 6.000000</float_array><technique_common><accessor source="#mixamorig_Hips-Matrix-animation-input-array" count="181"><param name="TIME" type="float"/></accessor></technique_common></source><source id="mixamorig_Hips-Matrix-animation-output-transform"><float_array id="mixamorig_Hips-Matrix-animation-output-transform-array" count="2896">

0.999650 -0.025838 0.005738 -0.079881 0.025618 0.999041 0.035500 103.138115 -0.006650 -0.035341 0.999353 -0.721454 0.000000 0.000000 0.000000 1.000000
0.999659 -0.025414 0.005964 -0.078083 0.025179 0.999012 0.036626 103.153778 -0.006889 -0.036463 0.999311 -0.757983 0.000000 0.000000 0.000000 1.000000
0.999668 -0.024989 0.006261 -0.077156 0.024736 0.998982 0.037720 103.171051 -0.007197 -0.037552 0.999269 -0.796891 0.000000 0.000000 0.000000 1.000000
0.999670 -0.024709 0.007093 -0.077206 0.024418 0.998960 0.038498 103.186172 -0.008037 -0.038312 0.999233 -0.832714 0.000000 0.000000 0.000000 1.000000
0.999661 -0.024506 0.008754 -0.071671 0.024148 0.998950 0.038921 103.187431 -0.009699 -0.038696 0.999204 -0.858032 0.000000 0.000000 0.000000 1.000000
0.999651 -0.024304 0.010331 -0.067631 0.023881 0.998941 0.039321 103.188660 -0.011276 -0.039061 0.999173 -0.882879 0.000000 0.000000 0.000000 1.000000
0.999639 -0.024101 0.011856 -0.064720 0.023613 0.998933 0.039700 103.189644 -0.012801 -0.039405 0.999141 -0.907335 0.000000 0.000000 0.000000 1.000000
0.999625 -0.023887 0.013360 -0.062287 0.023335 0.998925 0.040057 103.190147 -0.014303 -0.039730 0.999108 -0.931230 0.000000 0.000000 0.000000 1.000000
0.999609 -0.023664 0.014873 -0.060013 0.023046 0.998918 0.040393 103.189301 -0.015813 -0.040034 0.999073 -0.954642 0.000000 0.000000 0.000000 1.000000
0.999590 -0.023450 0.016423 -0.057606 0.022765 0.998912 0.040709 103.186996 -0.017360 -0.040318 0.999036 -0.977382 0.000000 0.000000 0.000000 1.000000
0.999567 -0.023256 0.018039 -0.054834 0.022501 0.998906 0.041004 103.184349 -0.018972 -0.040581 0.998996 -0.999514 0.000000 0.000000 0.000000 1.000000
0.999538 -0.023097 0.019749 -0.051452 0.022267 0.998899 0.041281 103.181396 -0.020680 -0.040822 0.998952 -1.020857 0.000000 0.000000 0.000000 1.000000
0.999504 -0.022940 0.021587 -0.046559 0.022029 0.998894 0.041537 103.176834 -0.022516 -0.041041 0.998904 -1.041460 0.000000 0.000000 0.000000 1.000000
0.999461 -0.022821 0.023581 -0.040288 0.021822 0.998889 0.041775 103.172005 -0.024508 -0.041238 0.998849 -1.061140 0.000000 0.000000 0.000000 1.000000
0.999410 -0.022704 0.025763 -0.031585 0.021610 0.998884 0.041995 103.165024 -0.026688 -0.041413 0.998786 -1.079872 0.000000 0.000000 0.000000 1.000000
0.999348 -0.022607 0.028163 -0.020309 0.021407 0.998880 0.042196 103.156342 -0.029085 -0.041566 0.998712 -1.097592 0.000000 0.000000 0.000000 1.000000
0.999271 -0.022537 0.030809 -0.006129 0.021221 0.998876 0.042380 103.145927 -0.031729 -0.041695 0.998626 -1.114223 0.000000 0.000000 0.000000 1.000000
0.999178 -0.022499 0.033731 0.011379 0.021056 0.998873 0.042546 103.133675 -0.034650 -0.041801 0.998525 -1.129723 0.000000 0.000000 0.000000 1.000000
0.999063 -0.022520 0.036959 0.032597 0.020936 0.998869 0.042696 103.119576 -0.037878 -0.041883 0.998404 -1.144075 0.000000 0.000000 0.000000 1.000000
0.998924 -0.022578 0.040521 0.057724 0.020839 0.998865 0.042837 103.103790 -0.041442 -0.041946 0.998260 -1.157277 0.000000 0.000000 0.000000 1.000000
0.998754 -0.022715 0.044442 0.086524 0.020808 0.998862 0.042921 103.084450 -0.045367 -0.041943 0.998089 -1.169011 0.000000 0.000000 0.000000 1.000000
0.998549 -0.022875 0.048759 0.120273 0.020785 0.998861 0.042957 103.063728 -0.049687 -0.041882 0.997886 -1.179350 0.000000 0.000000 0.000000 1.000000
0.998236 -0.023257 0.054628 0.172345 0.020921 0.998858 0.042964 103.034454 -0.055565 -0.041745 0.997582 -1.183252 0.000000 0.000000 0.000000 1.000000
0.997822 -0.023913 0.061472 0.252669 0.021292 0.998851 0.042941 102.996475 -0.062428 -0.041539 0.997185 -1.202376 0.000000 0.000000 0.000000 1.000000
0.997395 -0.024767 0.067753 0.350679 0.021891 0.998841 0.042867 102.958557 -0.068736 -0.041272 0.996781 -1.252381 0.000000 0.000000 0.000000 1.000000
0.997003 -0.025883 0.072908 0.475569 0.022804 0.998825 0.042762 102.920341 -0.073930 -0.040972 0.996421 -1.353992 0.000000 0.000000 0.000000 1.000000
0.996740 -0.027561 0.075824 0.657340 0.024373 0.998792 0.042656 102.884178 -0.076908 -0.040669 0.996208 -1.553692 0.000000 0.000000 0.000000 1.000000
0.996644 -0.029742 0.076261 0.897352 0.026550 0.998742 0.042540 102.847374 -0.077431 -0.040372 0.996180 -1.834217 0.000000 0.000000 0.000000 1.000000
0.996637 -0.031842 0.075499 1.151557 0.028694 0.998688 0.042419 102.813454 -0.076751 -0.040110 0.996243 -2.115397 0.000000 0.000000 0.000000 1.000000
0.996692 -0.033438 0.074074 1.396736 0.030356 0.998642 0.042351 102.793457 -0.075389 -0.039962 0.996353 -2.350392 0.000000 0.000000 0.000000 1.000000
0.996779 -0.034065 0.072603 1.620741 0.031043 0.998620 0.042353 102.786011 -0.073946 -0.039963 0.996461 -2.504387 0.000000 0.000000 0.000000 1.000000
0.996882 -0.033805 0.071297 1.843148 0.030854 0.998637 0.042101 102.787361 -0.072623 -0.039770 0.996566 -2.636492 0.000000 0.000000 0.000000 1.000000
0.997018 -0.033050 0.069736 2.087428 0.030141 0.998647 0.042367 102.790901 -0.071042 -0.040139 0.996665 -2.807031 0.000000 0.000000 0.000000 1.000000
0.997062 -0.032678 0.069276 2.343613 0.029746 0.998635 0.042945 102.796143 -0.070585 -0.040758 0.996673 -2.996087 0.000000 0.000000 0.000000 1.000000
0.997114 -0.031828 0.068931 2.603470 0.028886 0.998646 0.043254 102.801445 -0.070214 -0.041138 0.996683 -3.199367 0.000000 0.000000 0.000000 1.000000
0.997199 -0.030675 0.068214 2.871367 0.027803 0.998702 0.042666 102.804390 -0.069434 -0.040650 0.996758 -3.418553 0.000000 0.000000 0.000000 1.000000
0.997268 -0.029876 0.067550 3.131801 0.027011 0.998713 0.042934 102.802521 -0.068746 -0.040992 0.996792 -3.643798 0.000000 0.000000 0.000000 1.000000
0.997401 -0.028245 0.066280 3.399923 0.025510 0.998802 0.041763 102.795410 -0.067380 -0.039963 0.996927 -3.887298 0.000000 0.000000 0.000000 1.000000
0.997508 -0.027979 0.064764 3.641653 0.025260 0.998780 0.042427 102.780060 -0.065872 -0.040686 0.996998 -4.105497 0.000000 0.000000 0.000000 1.000000
0.997565 -0.027162 0.064234 3.891819 0.024511 0.998829 0.041705 102.763687 -0.065292 -0.040029 0.997063 -4.329556 0.000000 0.000000 0.000000 1.000000
0.997639 -0.026453 0.063379 4.140654 0.023861 0.998862 0.041307 102.745941 -0.064399 -0.039697 0.997134 -4.542592 0.000000 0.000000 0.000000 1.000000
0.997700 -0.026070 0.062563 4.384252 0.023528 0.998881 0.041029 102.727524 -0.063563 -0.039463 0.997197 -4.747367 0.000000 0.000000 0.000000 1.000000
0.997759 -0.025832 0.061716 4.623376 0.023346 0.998900 0.040666 102.708992 -0.062698 -0.039134 0.997265 -4.929274 0.000000 0.000000 0.000000 1.000000
0.997835 -0.025831 0.060486 4.848026 0.023399 0.998902 0.040576 102.689255 -0.061467 -0.039073 0.997344 -5.090553 0.000000 0.000000 0.000000 1.000000
0.997912 -0.025997 0.059132 5.045355 0.023645 0.998914 0.040134 102.669868 -0.060111 -0.038652 0.997443 -5.227880 0.000000 0.000000 0.000000 1.000000
0.997998 -0.026254 0.057541 5.227578 0.023959 0.998903 0.040225 102.649628 -0.058534 -0.038766 0.997532 -5.341094 0.000000 0.000000 0.000000 1.000000
0.998084 -0.026287 0.056013 5.388474 0.024070 0.998914 0.039893 102.630157 -0.057001 -0.038468 0.997633 -5.431499 0.000000 0.000000 0.000000 1.000000
0.998164 -0.026212 0.054599 5.513093 0.024032 0.998903 0.040199 102.610802 -0.055593 -0.038813 0.997699 -5.486538 0.000000 0.000000 0.000000 1.000000
0.998253 -0.025883 0.053121 5.618680 0.023769 0.998914 0.040063 102.592499 -0.054100 -0.038730 0.997784 -5.521263 0.000000 0.000000 0.000000 1.000000
0.998310 -0.025421 0.052261 5.680334 0.023331 0.998918 0.040228 102.575081 -0.053227 -0.038940 0.997823 -5.531664 0.000000 0.000000 0.000000 1.000000
0.998361 -0.025098 0.051435 5.720768 0.023035 0.998921 0.040317 102.558426 -0.052392 -0.039066 0.997862 -5.535601 0.000000 0.000000 0.000000 1.000000
0.998367 -0.025063 0.051341 5.727450 0.022989 0.998911 0.040598 102.543144 -0.052303 -0.039351 0.997856 -5.529879 0.000000 0.000000 0.000000 1.000000
0.998393 -0.024335 0.051183 5.710410 0.022272 0.998932 0.040486 102.530457 -0.052114 -0.039281 0.997868 -5.517699 0.000000 0.000000 0.000000 1.000000
0.998410 -0.024023 0.050998 5.644493 0.021976 0.998945 0.040323 102.525314 -0.051912 -0.039139 0.997884 -5.496097 0.000000 0.000000 0.000000 1.000000
0.998439 -0.023856 0.050497 5.561130 0.021845 0.998960 0.040020 102.523521 -0.051399 -0.038855 0.997922 -5.472744 0.000000 0.000000 0.000000 1.000000
0.998473 -0.023817 0.049841 5.457389 0.021845 0.998971 0.039752 102.517990 -0.050736 -0.038603 0.997966 -5.446339 0.000000 0.000000 0.000000 1.000000
0.998532 -0.023883 0.048615 5.301348 0.021984 0.998988 0.039232 102.493195 -0.049503 -0.038105 0.998047 -5.416576 0.000000 0.000000 0.000000 1.000000
0.998592 -0.024029 0.047302 5.120241 0.022237 0.999029 0.038036 102.481270 -0.048170 -0.036931 0.998156 -5.387707 0.000000 0.000000 0.000000 1.000000
0.998644 -0.024396 0.045997 4.918057 0.022716 0.999068 0.036693 102.465446 -0.046849 -0.035599 0.998267 -5.352469 0.000000 0.000000 0.000000 1.000000
0.998682 -0.024599 0.045055 4.697083 0.023038 0.999127 0.034847 102.453308 -0.045872 -0.033763 0.998377 -5.313799 0.000000 0.000000 0.000000 1.000000
0.998711 -0.025249 0.044021 4.463622 0.023771 0.999147 0.033776 102.438377 -0.044836 -0.032686 0.998459 -5.270278 0.000000 0.000000 0.000000 1.000000
0.998729 -0.025963 0.043201 4.219386 0.024562 0.999165 0.032657 102.409431 -0.044013 -0.031555 0.998533 -5.230313 0.000000 0.000000 0.000000 1.000000
0.998738 -0.026614 0.042604 3.970792 0.025274 0.999178 0.031680 102.384636 -0.043412 -0.030563 0.998590 -5.185905 0.000000 0.000000 0.000000 1.000000
0.998721 -0.027492 0.042436 3.723446 0.026206 0.999189 0.030567 102.368744 -0.043242 -0.029416 0.998631 -5.142057 0.000000 0.000000 0.000000 1.000000
0.998693 -0.028400 0.042491 3.478823 0.027158 0.999194 0.029545 102.368744 -0.043296 -0.028352 0.998660 -5.083663 0.000000 0.000000 0.000000 1.000000
0.998655 -0.029519 0.042634 3.237535 0.028316 0.999191 0.028544 102.365906 -0.043442 -0.027299 0.998683 -5.023746 0.000000 0.000000 0.000000 1.000000
0.998622 -0.030811 0.042485 3.002745 0.029647 0.999175 0.027753 102.360909 -0.043305 -0.026456 0.998712 -4.960974 0.000000 0.000000 0.000000 1.000000
0.998604 -0.032060 0.041973 2.773363 0.030951 0.999161 0.026805 102.343636 -0.042798 -0.025469 0.998759 -4.898520 0.000000 0.000000 0.000000 1.000000
0.998566 -0.033107 0.042071 2.539471 0.032028 0.999147 0.026070 102.310280 -0.042898 -0.024685 0.998774 -4.841846 0.000000 0.000000 0.000000 1.000000
0.998516 -0.033895 0.042625 2.295464 0.032833 0.999138 0.025388 102.266350 -0.043449 -0.023951 0.998769 -4.791136 0.000000 0.000000 0.000000 1.000000
0.998472 -0.034423 0.043220 2.031357 0.033381 0.999140 0.024615 102.219124 -0.044030 -0.023134 0.998762 -4.742198 0.000000 0.000000 0.000000 1.000000
0.998429 -0.034898 0.043827 1.751981 0.033881 0.999144 0.023725 102.169342 -0.044618 -0.022202 0.998757 -4.695523 0.000000 0.000000 0.000000 1.000000
0.998388 -0.035290 0.044447 1.460912 0.034286 0.999144 0.023152 102.121185 -0.045225 -0.021590 0.998743 -4.649935 0.000000 0.000000 0.000000 1.000000
0.998334 -0.035743 0.045307 1.146827 0.034734 0.999135 0.022864 102.075539 -0.046085 -0.021252 0.998711 -4.604455 0.000000 0.000000 0.000000 1.000000
0.998297 -0.036170 0.045766 0.827006 0.035183 0.999135 0.022177 102.036446 -0.046529 -0.020529 0.998706 -4.572709 0.000000 0.000000 0.000000 1.000000
0.998233 -0.036845 0.046615 0.513500 0.035851 0.999115 0.021985 102.013069 -0.047384 -0.020275 0.998671 -4.526043 0.000000 0.000000 0.000000 1.000000
0.998186 -0.037145 0.047388 0.196707 0.036147 0.999110 0.021752 102.009140 -0.048154 -0.020000 0.998640 -4.479841 0.000000 0.000000 0.000000 1.000000
0.998134 -0.037228 0.048398 -0.119668 0.036235 0.999118 0.021237 102.012680 -0.049146 -0.019443 0.998602 -4.438074 0.000000 0.000000 0.000000 1.000000
0.998085 -0.037284 0.049363 -0.439275 0.036310 0.999131 0.020480 102.019066 -0.050084 -0.018649 0.998571 -4.395853 0.000000 0.000000 0.000000 1.000000
0.998044 -0.037444 0.050058 -0.753965 0.036515 0.999146 0.019343 102.026199 -0.050739 -0.017477 0.998559 -4.347600 0.000000 0.000000 0.000000 1.000000
0.997978 -0.037741 0.051141 -1.078138 0.036819 0.999144 0.018854 102.030975 -0.051809 -0.016933 0.998513 -4.298440 0.000000 0.000000 0.000000 1.000000
0.997927 -0.038103 0.051873 -1.386719 0.037203 0.999142 0.018220 102.030434 -0.052523 -0.016252 0.998487 -4.250457 0.000000 0.000000 0.000000 1.000000
0.997882 -0.038268 0.052606 -1.698344 0.037388 0.999145 0.017622 102.022568 -0.053235 -0.015618 0.998460 -4.207985 0.000000 0.000000 0.000000 1.000000
0.997833 -0.038488 0.053364 -1.976692 0.037624 0.999146 0.017103 102.014542 -0.053977 -0.015058 0.998429 -4.165599 0.000000 0.000000 0.000000 1.000000
0.997776 -0.038792 0.054198 -2.250407 0.037945 0.999142 0.016575 102.007355 -0.054794 -0.014481 0.998393 -4.123049 0.000000 0.000000 0.000000 1.000000
0.997713 -0.039165 0.055086 -2.517866 0.038332 0.999135 0.016093 102.001419 -0.055669 -0.013945 0.998352 -4.080501 0.000000 0.000000 0.000000 1.000000
0.997645 -0.039584 0.056009 -2.776983 0.038761 0.999125 0.015715 101.996437 -0.056582 -0.013507 0.998307 -4.037840 0.000000 0.000000 0.000000 1.000000
0.997574 -0.040044 0.056946 -3.026302 0.039221 0.999110 0.015494 101.993515 -0.057516 -0.013223 0.998257 -3.995173 0.000000 0.000000 0.000000 1.000000
0.997499 -0.040574 0.057872 -3.263820 0.039740 0.999090 0.015487 101.989311 -0.058448 -0.013148 0.998204 -3.953554 0.000000 0.000000 0.000000 1.000000
0.997421 -0.041183 0.058786 -3.472532 0.040307 0.999059 0.015997 101.987923 -0.059389 -0.013587 0.998142 -3.912535 0.000000 0.000000 0.000000 1.000000
0.997355 -0.041601 0.059597 -3.644978 0.040725 0.999045 0.015838 101.989571 -0.060199 -0.013369 0.998097 -3.880224 0.000000 0.000000 0.000000 1.000000
0.997275 -0.042426 0.060361 -3.802062 0.041488 0.998999 0.016718 101.991035 -0.061010 -0.014169 0.998037 -3.842927 0.000000 0.000000 0.000000 1.000000
0.997227 -0.042945 0.060783 -3.946715 0.042014 0.998981 0.016515 101.993362 -0.061430 -0.013915 0.998014 -3.815322 0.000000 0.000000 0.000000 1.000000
0.997179 -0.043468 0.061192 -4.078216 0.042547 0.998962 0.016278 101.995979 -0.061836 -0.013628 0.997993 -3.796691 0.000000 0.000000 0.000000 1.000000
0.997140 -0.043988 0.061455 -4.197894 0.043096 0.998947 0.015753 101.999298 -0.062083 -0.013059 0.997986 -3.777363 0.000000 0.000000 0.000000 1.000000
0.997079 -0.044704 0.061928 -4.298779 0.043813 0.998917 0.015666 102.002731 -0.062561 -0.012907 0.997958 -3.756955 0.000000 0.000000 0.000000 1.000000
0.997030 -0.045295 0.062281 -4.382012 0.044414 0.998894 0.015460 102.006432 -0.062912 -0.012648 0.997939 -3.733817 0.000000 0.000000 0.000000 1.000000
0.996975 -0.046075 0.062590 -4.450921 0.045186 0.998858 0.015547 102.010506 -0.063235 -0.012672 0.997918 -3.709816 0.000000 0.000000 0.000000 1.000000
0.996911 -0.047010 0.062917 -4.512186 0.046133 0.998818 0.015310 102.014725 -0.063562 -0.012360 0.997901 -3.689713 0.000000 0.000000 0.000000 1.000000
0.996862 -0.047873 0.063046 -4.565742 0.047001 0.998778 0.015249 102.019135 -0.063699 -0.012238 0.997894 -3.666697 0.000000 0.000000 0.000000 1.000000
0.996811 -0.048628 0.063273 -4.612750 0.047767 0.998745 0.015053 102.024315 -0.063926 -0.011983 0.997883 -3.649745 0.000000 0.000000 0.000000 1.000000
0.996766 -0.049484 0.063308 -4.658541 0.048606 0.998700 0.015327 102.029175 -0.063984 -0.012200 0.997876 -3.631407 0.000000 0.000000 0.000000 1.000000
0.996721 -0.050386 0.063305 -4.695270 0.049526 0.998659 0.015094 102.034492 -0.063980 -0.011909 0.997880 -3.613185 0.000000 0.000000 0.000000 1.000000
0.996683 -0.051170 0.063285 -4.731387 0.050307 0.998619 0.015163 102.040291 -0.063973 -0.011929 0.997880 -3.592707 0.000000 0.000000 0.000000 1.000000
0.996657 -0.051723 0.063248 -4.760068 0.050872 0.998593 0.014984 102.046547 -0.063934 -0.011716 0.997885 -3.572040 0.000000 0.000000 0.000000 1.000000
0.996631 -0.052275 0.063192 -4.783217 0.051435 0.998566 0.014848 102.052658 -0.063877 -0.011548 0.997891 -3.548930 0.000000 0.000000 0.000000 1.000000
0.996614 -0.052653 0.063155 -4.806566 0.051809 0.998545 0.014928 102.059410 -0.063849 -0.011606 0.997892 -3.524739 0.000000 0.000000 0.000000 1.000000
0.996613 -0.052616 0.063202 -4.820647 0.051793 0.998551 0.014584 102.065979 -0.063878 -0.011261 0.997894 -3.499310 0.000000 0.000000 0.000000 1.000000
0.996621 -0.052727 0.062985 -4.829819 0.051907 0.998545 0.014587 102.073288 -0.063662 -0.011268 0.997908 -3.467773 0.000000 0.000000 0.000000 1.000000
0.996658 -0.052637 0.062471 -4.833198 0.051839 0.998553 0.014333 102.080765 -0.063135 -0.011047 0.997944 -3.437585 0.000000 0.000000 0.000000 1.000000
0.996718 -0.052418 0.061696 -4.829564 0.051635 0.998565 0.014222 102.087395 -0.062353 -0.010990 0.997994 -3.408612 0.000000 0.000000 0.000000 1.000000
0.996776 -0.052362 0.060796 -4.812168 0.051590 0.998567 0.014198 102.094620 -0.061452 -0.011015 0.998049 -3.375007 0.000000 0.000000 0.000000 1.000000
0.996846 -0.052219 0.059761 -4.784165 0.051487 0.998580 0.013712 102.102203 -0.060392 -0.010592 0.998119 -3.337672 0.000000 0.000000 0.000000 1.000000
0.996909 -0.051970 0.058921 -4.739348 0.051250 0.998592 0.013662 102.109070 -0.059548 -0.010600 0.998169 -3.291261 0.000000 0.000000 0.000000 1.000000
0.996978 -0.051668 0.058017 -4.681938 0.050980 0.998611 0.013291 102.116302 -0.058624 -0.010293 0.998227 -3.255058 0.000000 0.000000 0.000000 1.000000
0.997036 -0.051504 0.057149 -4.614639 0.050805 0.998616 0.013617 102.123314 -0.057771 -0.010673 0.998273 -3.214998 0.000000 0.000000 0.000000 1.000000
0.997104 -0.051121 0.056311 -4.536559 0.050433 0.998635 0.013562 102.130432 -0.056927 -0.010683 0.998321 -3.174409 0.000000 0.000000 0.000000 1.000000
0.997181 -0.050778 0.055243 -4.448013 0.050093 0.998650 0.013717 102.137184 -0.055864 -0.010911 0.998379 -3.131943 0.000000 0.000000 0.000000 1.000000
0.997247 -0.050339 0.054454 -4.349760 0.049643 0.998668 0.014048 102.144081 -0.055089 -0.011306 0.998417 -3.083270 0.000000 0.000000 0.000000 1.000000
0.997301 -0.049709 0.054027 -4.244979 0.048986 0.998692 0.014626 102.151382 -0.054684 -0.011940 0.998432 -3.032994 0.000000 0.000000 0.000000 1.000000
0.997379 -0.049172 0.053073 -4.128521 0.048458 0.998718 0.014656 102.158501 -0.053725 -0.012046 0.998483 -2.981650 0.000000 0.000000 0.000000 1.000000
0.997470 -0.048486 0.051988 -4.004515 0.047775 0.998748 0.014841 102.169342 -0.052643 -0.012320 0.998537 -2.928140 0.000000 0.000000 0.000000 1.000000
0.997579 -0.047673 0.050621 -3.871556 0.046957 0.998781 0.015240 102.187378 -0.051286 -0.012826 0.998602 -2.868902 0.000000 0.000000 0.000000 1.000000
0.997703 -0.046779 0.048990 -3.732854 0.046070 0.998818 0.015495 102.211998 -0.049657 -0.013202 0.998679 -2.808221 0.000000 0.000000 0.000000 1.000000
0.997800 -0.046281 0.047473 -3.593769 0.045538 0.998824 0.016622 102.242302 -0.048186 -0.014423 0.998734 -2.733750 0.000000 0.000000 0.000000 1.000000
0.997914 -0.045407 0.045879 -3.441468 0.044670 0.998858 0.016966 102.278564 -0.046597 -0.014882 0.998803 -2.666176 0.000000 0.000000 0.000000 1.000000
0.998019 -0.044482 0.044500 -3.284096 0.043746 0.998892 0.017372 102.318680 -0.045223 -0.015391 0.998858 -2.593963 0.000000 0.000000 0.000000 1.000000
0.998118 -0.043624 0.043095 -3.123684 0.042895 0.998923 0.017700 102.362450 -0.043821 -0.015818 0.998914 -2.517356 0.000000 0.000000 0.000000 1.000000
0.998229 -0.042684 0.041441 -2.957510 0.041954 0.998951 0.018326 102.409531 -0.042180 -0.016554 0.998973 -2.435696 0.000000 0.000000 0.000000 1.000000
0.998354 -0.041638 0.039436 -2.789682 0.040918 0.998984 0.018897 102.458961 -0.040182 -0.017253 0.999043 -2.346903 0.000000 0.000000 0.000000 1.000000
0.998474 -0.040628 0.037404 -2.613950 0.039903 0.999004 0.019948 102.510124 -0.038177 -0.018425 0.999101 -2.253272 0.000000 0.000000 0.000000 1.000000
0.998589 -0.039664 0.035315 -2.444838 0.038940 0.999022 0.020949 102.562820 -0.036111 -0.019544 0.999157 -2.156811 0.000000 0.000000 0.000000 1.000000
0.998700 -0.038710 0.033176 -2.274240 0.037998 0.999039 0.021841 102.616364 -0.033989 -0.020552 0.999211 -2.061812 0.000000 0.000000 0.000000 1.000000
0.998796 -0.037833 0.031239 -2.107480 0.037123 0.999046 0.022997 102.669998 -0.032079 -0.021810 0.999247 -1.963883 0.000000 0.000000 0.000000 1.000000
0.998888 -0.036886 0.029348 -1.945178 0.036185 0.999055 0.024082 102.723190 -0.030209 -0.022993 0.999279 -1.870418 0.000000 0.000000 0.000000 1.000000
0.998983 -0.035889 0.027308 -1.794623 0.035203 0.999063 0.025191 102.774307 -0.028186 -0.024204 0.999310 -1.784096 0.000000 0.000000 0.000000 1.000000
0.999069 -0.034871 0.025387 -1.649253 0.034209 0.999075 0.026046 102.823578 -0.026271 -0.025154 0.999338 -1.701667 0.000000 0.000000 0.000000 1.000000
0.999148 -0.033950 0.023453 -1.511199 0.033311 0.999077 0.027106 102.869865 -0.024351 -0.026302 0.999357 -1.625474 0.000000 0.000000 0.000000 1.000000
0.999221 -0.033078 0.021543 -1.387124 0.032471 0.999082 0.027933 102.912971 -0.022448 -0.027212 0.999378 -1.558163 0.000000 0.000000 0.000000 1.000000
0.999278 -0.032347 0.019921 -1.271014 0.031765 0.999078 0.028890 102.950470 -0.020837 -0.028236 0.999384 -1.491894 0.000000 0.000000 0.000000 1.000000
0.999339 -0.031498 0.018143 -1.159366 0.030954 0.999084 0.029544 102.982994 -0.019056 -0.028963 0.999399 -1.431559 0.000000 0.000000 0.000000 1.000000
0.999391 -0.030793 0.016419 -1.058471 0.030284 0.999079 0.030389 103.008492 -0.017340 -0.029874 0.999403 -1.376136 0.000000 0.000000 0.000000 1.000000
0.999437 -0.029993 0.015018 -0.967721 0.029519 0.999087 0.030880 103.026932 -0.015930 -0.030419 0.999410 -1.336094 0.000000 0.000000 0.000000 1.000000
0.999468 -0.029422 0.014069 -0.885321 0.028968 0.999085 0.031449 103.038223 -0.014982 -0.031025 0.999406 -1.292366 0.000000 0.000000 0.000000 1.000000
0.999493 -0.028917 0.013339 -0.813396 0.028480 0.999086 0.031886 103.047745 -0.014249 -0.031490 0.999402 -1.257633 0.000000 0.000000 0.000000 1.000000
0.999514 -0.028542 0.012546 -0.748568 0.028123 0.999078 0.032454 103.056503 -0.013461 -0.032085 0.999394 -1.226537 0.000000 0.000000 0.000000 1.000000
0.999528 -0.028325 0.011934 -0.693411 0.027916 0.999058 0.033212 103.063988 -0.012863 -0.032863 0.999377 -1.198940 0.000000 0.000000 0.000000 1.000000
0.999543 -0.028014 0.011333 -0.647814 0.027618 0.999050 0.033714 103.069641 -0.012266 -0.033386 0.999367 -1.178118 0.000000 0.000000 0.000000 1.000000
0.999560 -0.027646 0.010729 -0.604979 0.027266 0.999046 0.034121 103.074142 -0.011662 -0.033813 0.999360 -1.159714 0.000000 0.000000 0.000000 1.000000
0.999577 -0.027270 0.010126 -0.565422 0.026906 0.999044 0.034449 103.078941 -0.011056 -0.034162 0.999355 -1.143382 0.000000 0.000000 0.000000 1.000000
0.999594 -0.026860 0.009538 -0.528369 0.026514 0.999045 0.034717 103.082466 -0.010462 -0.034450 0.999352 -1.128748 0.000000 0.000000 0.000000 1.000000
0.999610 -0.026446 0.008973 -0.493900 0.026118 0.999048 0.034940 103.085495 -0.009888 -0.034692 0.999349 -1.115316 0.000000 0.000000 0.000000 1.000000
0.999625 -0.026042 0.008438 -0.461836 0.025730 0.999051 0.035137 103.087936 -0.009345 -0.034907 0.999347 -1.102695 0.000000 0.000000 0.000000 1.000000
0.999639 -0.025670 0.007941 -0.431994 0.025374 0.999054 0.035324 103.090378 -0.008841 -0.035110 0.999344 -1.090517 0.000000 0.000000 0.000000 1.000000
0.999651 -0.025319 0.007495 -0.404086 0.025037 0.999055 0.035519 103.091782 -0.008387 -0.035319 0.999341 -1.078309 0.000000 0.000000 0.000000 1.000000
0.999662 -0.025025 0.007106 -0.378123 0.024756 0.999055 0.035738 103.093216 -0.007993 -0.035550 0.999336 -1.065791 0.000000 0.000000 0.000000 1.000000
0.999670 -0.024781 0.006787 -0.355075 0.024521 0.999052 0.035965 103.094154 -0.007672 -0.035787 0.999330 -1.053600 0.000000 0.000000 0.000000 1.000000
0.999676 -0.024583 0.006536 -0.335821 0.024331 0.999049 0.036174 103.094940 -0.007419 -0.036003 0.999324 -1.042548 0.000000 0.000000 0.000000 1.000000
0.999682 -0.024408 0.006342 -0.319630 0.024161 0.999046 0.036365 103.094788 -0.007223 -0.036200 0.999318 -1.032310 0.000000 0.000000 0.000000 1.000000
0.999687 -0.024253 0.006187 -0.305813 0.024011 0.999044 0.036543 103.094139 -0.007068 -0.036383 0.999313 -1.022576 0.000000 0.000000 0.000000 1.000000
0.999691 -0.024118 0.006055 -0.293646 0.023880 0.999041 0.036711 103.093323 -0.006935 -0.036555 0.999308 -1.012995 0.000000 0.000000 0.000000 1.000000
0.999694 -0.023996 0.005936 -0.282683 0.023761 0.999038 0.036870 103.092178 -0.006815 -0.036717 0.999302 -1.003295 0.000000 0.000000 0.000000 1.000000
0.999698 -0.023868 0.005814 -0.272053 0.023637 0.999035 0.037021 103.090454 -0.006692 -0.036872 0.999298 -0.993068 0.000000 0.000000 0.000000 1.000000
0.999702 -0.023735 0.005676 -0.261227 0.023508 0.999032 0.037172 103.088890 -0.006553 -0.037027 0.999293 -0.982267 0.000000 0.000000 0.000000 1.000000
0.999705 -0.023650 0.005514 -0.251050 0.023429 0.999029 0.037301 103.087166 -0.006390 -0.037161 0.999289 -0.969638 0.000000 0.000000 0.000000 1.000000
0.999708 -0.023572 0.005354 -0.242250 0.023355 0.999027 0.037410 103.084312 -0.006231 -0.037274 0.999286 -0.955689 0.000000 0.000000 0.000000 1.000000
0.999710 -0.023529 0.005200 -0.234313 0.023317 0.999024 0.037508 103.082443 -0.006078 -0.037376 0.999283 -0.941563 0.000000 0.000000 0.000000 1.000000
0.999712 -0.023473 0.005057 -0.225924 0.023267 0.999023 0.037561 103.079895 -0.005934 -0.037432 0.999282 -0.927037 0.000000 0.000000 0.000000 1.000000
0.999713 -0.023441 0.004930 -0.217856 0.023239 0.999022 0.037610 103.078110 -0.005807 -0.037485 0.999280 -0.912172 0.000000 0.000000 0.000000 1.000000
0.999714 -0.023416 0.004814 -0.209339 0.023218 0.999021 0.037649 103.076447 -0.005691 -0.037527 0.999279 -0.897133 0.000000 0.000000 0.000000 1.000000
0.999714 -0.023421 0.004749 -0.201009 0.023226 0.999020 0.037671 103.075928 -0.005626 -0.037550 0.999279 -0.881902 0.000000 0.000000 0.000000 1.000000
0.999714 -0.023444 0.004716 -0.192252 0.023250 0.999020 0.037667 103.076294 -0.005594 -0.037547 0.999279 -0.866577 0.000000 0.000000 0.000000 1.000000
0.999713 -0.023494 0.004704 -0.183093 0.023300 0.999020 0.037632 103.077896 -0.005584 -0.037511 0.999281 -0.851159 0.000000 0.000000 0.000000 1.000000
0.999711 -0.023584 0.004725 -0.172899 0.023391 0.999021 0.037556 103.080055 -0.005606 -0.037435 0.999283 -0.835598 0.000000 0.000000 0.000000 1.000000
0.999705 -0.023832 0.004781 -0.160686 0.023637 0.999023 0.037336 103.086174 -0.005666 -0.037212 0.999291 -0.819783 0.000000 0.000000 0.000000 1.000000
0.999697 -0.024125 0.004944 -0.147827 0.023925 0.999026 0.037071 103.093513 -0.005834 -0.036941 0.999300 -0.803593 0.000000 0.000000 0.000000 1.000000
0.999688 -0.024453 0.005138 -0.134488 0.024248 0.999029 0.036773 103.101990 -0.006033 -0.036637 0.999310 -0.787205 0.000000 0.000000 0.000000 1.000000
0.999678 -0.024798 0.005352 -0.120823 0.024587 0.999033 0.036455 103.111008 -0.006251 -0.036311 0.999321 -0.770766 0.000000 0.000000 0.000000 1.000000
0.999668 -0.025147 0.005575 -0.107003 0.024930 0.999036 0.036128 103.119949 -0.006478 -0.035977 0.999332 -0.754267 0.000000 0.000000 0.000000 1.000000
0.999658 -0.025511 0.005791 -0.093498 0.025287 0.999039 0.035806 103.129433 -0.006699 -0.035647 0.999342 -0.737799 0.000000 0.000000 0.000000 1.000000
0.999648 -0.025847 0.005994 -0.080092 0.025619 0.999041 0.035500 103.138092 -0.006905 -0.035334 0.999352 -0.721429 0.000000 0.000000 0.000000 1.000000</float_array><technique_common><accessor source="#mixamorig_Hips-Matrix-animation-output-transform-array" count="181" stride="16"><param type="float4x4"/></accessor></technique_common></source><source id="mixamorig_Hips-Interpolations"><Name_array id="mixamorig_Hips-Interpolations-array" count="181">
 LINEAR LINEAR LINEAR LINEAR LINEAR LINEAR LINEAR LINEAR LINEAR LINEAR LINEAR
LINEAR LINEAR LINEAR LINEAR LINEAR LINEAR LINEAR LINEAR LINEAR LINEAR LINEAR LINEAR
LINEAR LINEAR LINEAR LINEAR LINEAR LINEAR LINEAR LINEAR LINEAR LINEAR LINEAR LINEAR
LINEAR LINEAR LINEAR LINEAR LINEAR LINEAR LINEAR LINEAR LINEAR LINEAR LINEAR LINEAR
LINEAR LINEAR LINEAR LINEAR LINEAR LINEAR LINEAR LINEAR LINEAR LINEAR LINEAR LINEAR
LINEAR LINEAR LINEAR LINEAR LINEAR LINEAR LINEAR LINEAR LINEAR LINEAR LINEAR LINEAR
LINEAR LINEAR LINEAR LINEAR LINEAR LINEAR LINEAR LINEAR LINEAR LINEAR LINEAR LINEAR
LINEAR LINEAR LINEAR LINEAR LINEAR LINEAR LINEAR LINEAR LINEAR LINEAR LINEAR LINEAR
LINEAR LINEAR LINEAR LINEAR LINEAR LINEAR LINEAR LINEAR LINEAR LINEAR LINEAR LINEAR
LINEAR LINEAR LINEAR LINEAR LINEAR LINEAR LINEAR LINEAR LINEAR LINEAR LINEAR LINEAR
LINEAR LINEAR LINEAR LINEAR LINEAR LINEAR LINEAR LINEAR LINEAR LINEAR LINEAR LINEAR
LINEAR LINEAR LINEAR LINEAR LINEAR LINEAR LINEAR LINEAR LINEAR LINEAR LINEAR LINEAR
LINEAR LINEAR LINEAR LINEAR LINEAR LINEAR LINEAR LINEAR LINEAR LINEAR LINEAR LINEAR
LINEAR LINEAR LINEAR LINEAR LINEAR LINEAR LINEAR LINEAR LINEAR LINEAR LINEAR LINEAR
LINEAR LINEAR LINEAR LINEAR LINEAR LINEAR LINEAR LINEAR LINEAR LINEAR LINEAR LINEAR
LINEAR LINEAR</Name_array><technique_common><accessor source="#mixamorig_Hips-Interpolations-array" count="181"><param type="name"/></accessor></technique_common></source><sampler id="mixamorig_Hips-Matrix-animation-transform"><input semantic="INPUT" source="#mixamorig_Hips-Matrix-animation-input"/><input semantic="OUTPUT" source="#mixamorig_Hips-Matrix-animation-output-transform"/><input semantic="INTERPOLATION" source="#mixamorig_Hips-Interpolations"/></sampler><channel source="#mixamorig_Hips-Matrix-animation-transform" target="mixamorig_Hips/matrix"/></animation>
    <animation id="mixamorig_Spine-anim" name="mixamorig_Spine"><source id="mixamorig_Spine-Matrix-animation-input"><float_array id="mixamorig_Spine-Matrix-animation-input-array" count="181">

0.000000 0.033333 0.066667 0.100000 0.133333 0.166667 0.200000 0.233333 0.266667 0.300000 0.333333 0.366667 0.400000 0.433333 0.466667 0.500000
0.533333 0.566667 0.600000 0.633333 0.666667 0.700000 0.733333 0.766667 0.800000 0.833333 0.866667 0.900000 0.933333 0.966667 1.000000 1.033333
1.066667 1.100000 1.133333 1.166667 1.200000 1.233333 1.266667 1.300000 1.333333 1.366667 1.400000 1.433333 1.466667 1.500000 1.533333 1.566667
1.600000 1.633333 1.666667 1.700000 1.733333 1.766667 1.800000 1.833333 1.866667 1.900000 1.933333 1.966667 2.000000 2.033333 2.066667 2.100000
2.133333 2.166667 2.200000 2.233333 2.266667 2.300000 2.333333 2.366667 2.400000 2.433333 2.466667 2.500000 2.533333 2.566667 2.600000 2.633333
2.666667 2.700000 2.733333 2.766667 2.800000 2.833333 2.866667 2.900000 2.933333 2.966667 3.000000 3.033333 3.066667 3.100000 3.133333 3.166667
3.200000 3.233333 3.266667 3.300000 3.333333 3.366667 3.400000 3.433333 3.466667 3.500000 3.533333 3.566667 3.600000 3.633333 3.666667 3.700000
3.733333 3.766667 3.800000 3.833333 3.866667 3.900000 3.933333 3.966667 4.000000 4.033333 4.066667 4.100000 4.133333 4.166667 4.200000 4.233333
4.266667 4.300000 4.333333 4.366667 4.400000 4.433333 4.466667 4.500000 4.533333 4.566667 4.600000 4.633333 4.666667 4.700000 4.733333 4.766667
4.800000 4.833333 4.866667 4.900000 4.933333 4.966667 5.000000 5.033333 5.066667 5.100000 5.133333 5.166667 5.200000 5.233333 5.266667 5.300000
5.333333 5.366667 5.400000 5.433333 5.466667 5.500000 5.533333 5.566667 5.600000 5.633333 5.666667 5.700000 5.733333 5.766667 5.800000 5.833333
5.866667 5.900000 5.933333 5.966667 6.000000</float_array><technique_common><accessor source="#mixamorig_Spine-Matrix-animation-input-array" count="181"><param name="TIME" type="float"/></accessor></technique_common></source><source id="mixamorig_Spine-Matrix-animation-output-transform"><float_array id="mixamorig_Spine-Matrix-animation-output-transform-array" count="2896">

0.994550 0.086998 -0.057466 0.000000 -0.088712 0.995664 -0.027976 10.997300 0.054783 0.032922 0.997955 -0.803100 0.000000 0.000000 0.000000 1.000000
0.994521 0.087836 -0.056684 0.000000 -0.089585 0.995554 -0.029088 10.997300 0.053877 0.034006 0.997968 -0.803100 0.000000 0.000000 0.000000 1.000000
0.994513 0.088393 -0.055951 0.000000 -0.090149 0.995486 -0.029682 10.997300 0.053075 0.034563 0.997992 -0.803100 0.000000 0.000000 0.000000 1.000000
0.994477 0.088980 -0.055657 -0.000000 -0.090767 0.995407 -0.030441 10.997300 0.052692 0.035324 0.997986 -0.803100 0.000000 0.000000 0.000000 1.000000
0.994453 0.089456 -0.055320 -0.000000 -0.091248 0.995353 -0.030762 10.997300 0.052311 0.035639 0.997995 -0.803100 0.000000 0.000000 0.000000 1.000000
0.994432 0.089894 -0.054996 0.000000 -0.091688 0.995305 -0.031009 10.997300 0.051950 0.035879 0.998005 -0.803100 0.000000 0.000000 0.000000 1.000000
0.994413 0.090298 -0.054677 0.000000 -0.092090 0.995262 -0.031188 10.997300 0.051602 0.036049 0.998017 -0.803100 0.000000 0.000000 0.000000 1.000000
0.994397 0.090661 -0.054362 0.000000 -0.092446 0.995227 -0.031255 10.997300 0.051269 0.036105 0.998032 -0.803100 0.000000 0.000000 0.000000 1.000000
0.994384 0.090992 -0.054044 -0.000000 -0.092767 0.995196 -0.031291 10.997300 0.050937 0.036129 0.998048 -0.803100 0.000000 0.000000 0.000000 1.000000
0.994372 0.091312 -0.053718 0.000000 -0.093076 0.995167 -0.031299 10.997300 0.050601 0.036123 0.998065 -0.803100 0.000000 0.000000 0.000000 1.000000
0.994361 0.091638 -0.053378 0.000000 -0.093389 0.995138 -0.031282 10.997300 0.050252 0.036090 0.998084 -0.803100 0.000000 0.000000 0.000000 1.000000
0.994348 0.091988 -0.053017 0.000000 -0.093725 0.995108 -0.031243 10.997300 0.049884 0.036035 0.998105 -0.803100 0.000000 0.000000 0.000000 1.000000
0.994336 0.092334 -0.052634 0.000000 -0.094053 0.995080 -0.031157 10.997300 0.049498 0.035930 0.998128 -0.803100 0.000000 0.000000 0.000000 1.000000
0.994322 0.092718 -0.052220 0.000000 -0.094415 0.995049 -0.031023 10.997300 0.049085 0.035777 0.998154 -0.803100 0.000000 0.000000 0.000000 1.000000
0.994309 0.093105 -0.051775 -0.000000 -0.094779 0.995020 -0.030868 10.997300 0.048643 0.035600 0.998182 -0.803100 0.000000 0.000000 0.000000 1.000000
0.994295 0.093522 -0.051291 0.000000 -0.095171 0.994987 -0.030700 10.997300 0.048163 0.035406 0.998212 -0.803100 0.000000 0.000000 0.000000 1.000000
0.994279 0.093977 -0.050764 0.000000 -0.095599 0.994952 -0.030523 10.997300 0.047639 0.035202 0.998244 -0.803100 0.000000 0.000000 0.000000 1.000000
0.994261 0.094482 -0.050188 -0.000000 -0.096076 0.994911 -0.030344 10.997300 0.047066 0.034992 0.998279 -0.803100 0.000000 0.000000 0.000000 1.000000
0.994238 0.095048 -0.049557 0.000000 -0.096612 0.994865 -0.030169 10.997300 0.046435 0.034783 0.998316 -0.803100 0.000000 0.000000 0.000000 1.000000
0.994211 0.095689 -0.048867 0.000000 -0.097221 0.994810 -0.030003 10.997300 0.045742 0.034581 0.998355 -0.803100 0.000000 0.000000 0.000000 1.000000
0.994174 0.096454 -0.048108 0.000000 -0.097954 0.994743 -0.029852 10.997300 0.044976 0.034391 0.998396 -0.803100 0.000000 0.000000 0.000000 1.000000
0.994132 0.097295 -0.047280 0.000000 -0.098761 0.994667 -0.029724 10.997300 0.044136 0.034219 0.998439 -0.803100 0.000000 0.000000 0.000000 1.000000
0.994071 0.098437 -0.046174 0.000000 -0.099862 0.994560 -0.029634 10.997300 0.043006 0.034069 0.998494 -0.803100 0.000000 0.000000 0.000000 1.000000
0.993988 0.099994 -0.044603 0.000000 -0.101359 0.994413 -0.029477 10.997300 0.041406 0.033821 0.998570 -0.803100 0.000000 0.000000 0.000000 1.000000
0.993889 0.101774 -0.042742 0.000000 -0.103064 0.994248 -0.029141 10.997300 0.039531 0.033369 0.998661 -0.803100 0.000000 0.000000 0.000000 1.000000
0.993755 0.104057 -0.040279 0.000000 -0.105244 0.994036 -0.028558 10.997300 0.037067 0.032619 0.998780 -0.803100 0.000000 0.000000 0.000000 1.000000
0.993546 0.107307 -0.036752 -0.000000 -0.108353 0.993725 -0.027753 10.997300 0.033543 0.031556 0.998939 -0.803100 0.000000 0.000000 0.000000 1.000000
0.993242 0.111481 -0.032298 0.000000 -0.112358 0.993308 -0.026735 10.997300 0.029102 0.030183 0.999121 -0.803100 0.000000 0.000000 0.000000 1.000000
0.992874 0.115853 -0.027915 -0.000000 -0.116571 0.992852 -0.025613 10.997300 0.024749 0.028684 0.999282 -0.803100 0.000000 0.000000 0.000000 1.000000
0.992508 0.119621 -0.024871 0.000000 -0.120238 0.992431 -0.024987 10.997300 0.021694 0.027790 0.999378 -0.803100 0.000000 0.000000 0.000000 1.000000
0.992174 0.122652 -0.023384 0.000000 -0.123229 0.992061 -0.025095 10.997300 0.020121 0.027780 0.999412 -0.803100 0.000000 0.000000 0.000000 1.000000
0.991851 0.125425 -0.022342 0.000000 -0.125974 0.991715 -0.025149 10.997300 0.019002 0.027758 0.999434 -0.803100 0.000000 0.000000 0.000000 1.000000
0.991562 0.127874 -0.021285 -0.000000 -0.128386 0.991415 -0.024769 10.997300 0.017935 0.027293 0.999467 -0.803100 0.000000 0.000000 0.000000 1.000000
0.991292 0.130087 -0.020448 -0.000000 -0.130586 0.991113 -0.025328 10.997300 0.016971 0.027778 0.999470 -0.803100 0.000000 0.000000 0.000000 1.000000
0.991042 0.132102 -0.019616 0.000000 -0.132595 0.990818 -0.026439 10.997300 0.015943 0.028803 0.999458 -0.803100 0.000000 0.000000 0.000000 1.000000
0.990864 0.133620 -0.018255 0.000000 -0.134083 0.990602 -0.027016 10.997300 0.014473 0.029217 0.999468 -0.803100 0.000000 0.000000 0.000000 1.000000
0.990743 0.134753 -0.016456 0.000000 -0.135167 0.990445 -0.027358 10.997300 0.012612 0.029329 0.999490 -0.803100 0.000000 0.000000 0.000000 1.000000
0.990633 0.135783 -0.014466 0.000000 -0.136142 0.990300 -0.027775 10.997300 0.010554 0.029484 0.999510 -0.803100 0.000000 0.000000 0.000000 1.000000
0.990453 0.137265 -0.012687 0.000000 -0.137578 0.990082 -0.028459 10.997300 0.008655 0.029933 0.999514 -0.803100 0.000000 0.000000 0.000000 1.000000
