<?xml version="1.0" encoding="utf-8"?>
<COLLADA xmlns="http://www.collada.org/2005/11/COLLADASchema" version="1.4.1">
  <asset><contributor><author>Mixamo</author><authoring_tool>COLLADA Mixamo exporter</authoring_tool><comments></comments></contributor><created>2020-05-19T14:40:47Z</created><modified>2020-05-19T14:40:47Z</modified><revision></revision><title></title><unit meter="0.010000"/><up_axis>Y_UP</up_axis></asset>
  <library_animations>
    <animation id="mixamorig_Hips-anim" name="mixamorig_Hips"><source id="mixamorig_Hips-Matrix-animation-input"><float_array id="mixamorig_Hips-Matrix-animation-input-array" count="25">

0.000000 0.033333 0.066667 0.100000 0.133333 0.166667 0.200000 0.233333 0.266667 0.300000 0.333333 0.366667 0.400000 0.433333 0.466667 0.500000
0.533333 0.566667 0.600000 0.633333 0.666667 0.700000 0.733333 0.766667 0.800000</float_array><technique_common><accessor source="#mixamorig_Hips-Matrix-animation-input-array" count="25"><param name="TIME" type="float"/></accessor></technique_common></source><source id="mixamorig_Hips-Matrix-animation-output-transform"><float_array id="mixamorig_Hips-Matrix-animation-output-transform-array" count="400">

0.729734 0.050808 -0.681841 0.453243 0.003004 0.996987 0.077506 96.553947 0.683724 -0.058607 0.727383 -0.572444 0.000000 0.000000 0.000000 1.000000
0.782037 -0.007093 -0.623191 0.355563 -0.020045 0.999132 -0.036527 94.253136 0.622909 0.041057 0.781216 -1.263025 0.000000 0.000000 0.000000 1.000000
0.836606 -0.067680 -0.543608 0.360512 -0.028736 0.985550 -0.166927 91.434418 0.547051 0.155273 0.822572 -1.852501 0.000000 0.000000 0.000000 1.000000
0.882582 -0.121076 -0.454302 0.521425 -0.017998 0.956864 -0.289979 88.327759 0.469815 0.264107 0.842331 -2.118913 0.000000 0.000000 0.000000 1.000000
0.910699 -0.159871 -0.380879 0.814715 0.004250 0.925644 -0.378371 85.639999 0.413049 0.342963 0.843663 -1.721044 0.000000 0.000000 0.000000 1.000000
0.920165 -0.177180 -0.349148 0.996593 0.013071 0.905152 -0.424886 83.858269 0.391313 0.386402 0.835205 -0.003940 0.000000 0.000000 0.000000 1.000000
0.918262 -0.176538 -0.354442 1.015034 -0.000419 0.894683 -0.446702 82.946129 0.395973 0.410338 0.821479 3.273589 0.000000 0.000000 0.000000 1.000000
0.914619 -0.162263 -0.370327 0.746669 -0.030543 0.885589 -0.463464 82.507912 0.403161 0.435204 0.805021 7.991928 0.000000 0.000000 0.000000 1.000000
0.920211 -0.139776 -0.365614 0.089665 -0.057337 0.875856 -0.479154 82.323410 0.387200 0.461887 0.797958 13.781034 0.000000 0.000000 0.000000 1.000000
0.941089 -0.106528 -0.320942 -0.872908 -0.067086 0.871406 -0.485954 82.415649 0.331439 0.478857 0.812924 20.462120 0.000000 0.000000 0.000000 1.000000
0.970157 -0.061726 -0.234489 -1.908012 -0.060160 0.875544 -0.479378 82.785728 0.234896 0.479178 0.845702 27.776197 0.000000 0.000000 0.000000 1.000000
0.992227 -0.019078 -0.122966 -2.919058 -0.040871 0.883392 -0.466849 83.174866 0.117534 0.468246 0.875746 34.945412 0.000000 0.000000 0.000000 1.000000
0.999861 0.007022 -0.015143 -3.866775 -0.013209 0.887516 -0.460587 83.213493 0.010205 0.460723 0.887485 41.218079 0.000000 0.000000 0.000000 1.000000
0.997791 0.023610 0.062088 -4.706295 0.008206 0.883726 -0.467932 82.957703 -0.065917 0.467408 0.881581 46.988441 0.000000 0.000000 0.000000 1.000000
0.994566 0.049921 0.091358 -5.327918 0.001278 0.871614 -0.490191 82.864906 -0.104100 0.487644 0.866814 53.674931 0.000000 0.000000 0.000000 1.000000
0.993624 0.091577 0.065767 -5.513849 -0.044139 0.852718 -0.520504 83.213493 -0.103747 0.514282 0.851323 62.219986 0.000000 0.000000 0.000000 1.000000
0.990224 0.139322 -0.006699 -5.060044 -0.120416 0.829641 -0.545157 83.946762 -0.070395 0.540635 0.838307 71.977875 0.000000 0.000000 0.000000 1.000000
0.981183 0.166374 -0.097983 -4.274408 -0.192655 0.809851 -0.554099 84.665054 -0.012836 0.562549 0.826664 81.910866 0.000000 0.000000 0.000000 1.000000
0.971518 0.163160 -0.171848 -3.480447 -0.231924 0.803495 -0.548276 85.188721 0.048623 0.572516 0.818450 92.352753 0.000000 0.000000 0.000000 1.000000
0.965454 0.143613 -0.217427 -2.853678 -0.240394 0.812867 -0.530526 86.100784 0.100549 0.564466 0.819309 104.265526 0.000000 0.000000 0.000000 1.000000
0.962200 0.125682 -0.241608 -2.846385 -0.234878 0.832003 -0.502596 87.505028 0.137851 0.540346 0.830074 117.197731 0.000000 0.000000 0.000000 1.000000
0.960605 0.114306 -0.253322 -2.980508 -0.225112 0.854560 -0.468029 88.676155 0.162980 0.506617 0.846627 130.191772 0.000000 0.000000 0.000000 1.000000
0.961168 0.102034 -0.256407 -2.708099 -0.207560 0.879607 -0.428031 89.491798 0.181864 0.464630 0.866628 142.331146 0.000000 0.000000 0.000000 1.000000
0.968345 0.080510 -0.236277 -1.865317 -0.168245 0.909753 -0.379530 90.180000 0.184398 0.407268 0.894500 154.579727 0.000000 0.000000 0.000000 1.000000
0.983864 0.035456 -0.175370 -0.693172 -0.089776 0.945676 -0.312469 91.457489 0.154764 0.323171 0.933600 168.360519 0.000000 0.000000 0.000000 1.000000</float_array><technique_common><accessor source="#mixamorig_Hips-Matrix-animation-output-transform-array" count="25" stride="16"><param type="float4x4"/></accessor></technique_common></source><source id="mixamorig_Hips-Interpolations"><Name_array id="mixamorig_Hips-Interpolations-array" count="25">
 LINEAR LINEAR LINEAR LINEAR LINEAR LINEAR LINEAR LINEAR LINEAR LINEAR LINEAR
LINEAR LINEAR LINEAR LINEAR LINEAR LINEAR LINEAR LINEAR LINEAR LINEAR LINEAR LINEAR
LINEAR LINEAR</Name_array><technique_common><accessor source="#mixamorig_Hips-Interpolations-array" count="25"><param type="name"/></accessor></technique_common></source><sampler id="mixamorig_Hips-Matrix-animation-transform"><input semantic="INPUT" source="#mixamorig_Hips-Matrix-animation-input"/><input semantic="OUTPUT" source="#mixamorig_Hips-Matrix-animation-output-transform"/><input semantic="INTERPOLATION" source="#mixamorig_Hips-Interpolations"/></sampler><channel source="#mixamorig_Hips-Matrix-animation-transform" target="mixamorig_Hips/matrix"/></animation>
    <animation id="mixamorig_Spine-anim" name="mixamorig_Spine"><source id="mixamorig_Spine-Matrix-animation-input"><float_array id="mixamorig_Spine-Matrix-animation-input-array" count="25">

0.000000 0.033333 0.066667 0.100000 0.133333 0.166667 0.200000 0.233333 0.266667 0.300000 0.333333 0.366667 0.400000 0.433333 0.466667 0.500000
0.533333 0.566667 0.600000 0.633333 0.666667 0.700000 0.733333 0.766667 0.800000</float_array><technique_common><accessor source="#mixamorig_Spine-Matrix-animation-input-array" count="25"><param name="TIME" type="float"/></accessor></technique_common></source><source id="mixamorig_Spine-Matrix-animation-output-transform"><float_array id="mixamorig_Spine-Matrix-animation-output-transform-array" count="400">

0.996541 0.016197 0.081505 0.000000 -0.013903 0.999493 -0.028631 10.997300 -0.081928 0.027399 0.996262 -0.803100 0.000000 0.000000 0.000000 1.000000
0.997899 0.014866 0.063056 0.000000 -0.013923 0.999785 -0.015360 10.997300 -0.063271 0.014450 0.997892 -0.803100 0.000000 0.000000 0.000000 1.000000
0.998963 0.016554 0.042424 -0.000000 -0.016534 0.999863 -0.000822 10.997300 -0.042431 0.000119 0.999099 -0.803100 0.000000 0.000000 0.000000 1.000000
0.999552 0.019813 0.022444 0.000000 -0.020087 0.999726 0.012054 10.997300 -0.022199 -0.012499 0.999675 -0.803100 0.000000 0.000000 0.000000 1.000000
0.999668 0.024771 0.007125 0.000000 -0.024908 0.999492 0.019858 10.997300 -0.006630 -0.020029 0.999777 -0.803100 0.000000 0.000000 0.000000 1.000000
0.999661 0.025919 0.002483 -0.000000 -0.025968 0.999412 0.022379 10.997300 -0.001902 -0.022436 0.999746 -0.803100 0.000000 0.000000 0.000000 1.000000
0.999706 0.023568 0.005614 0.000000 -0.023696 0.999434 0.023871 10.997300 -0.005049 -0.023997 0.999699 -0.803100 0.000000 0.000000 0.000000 1.000000
0.999773 0.017414 0.012252 -0.000000 -0.017764 0.999419 0.029090 10.997300 -0.011738 -0.029301 0.999502 -0.803100 0.000000 0.000000 0.000000 1.000000
0.999787 0.012072 0.016762 0.000000 -0.012700 0.999201 0.037896 10.997300 -0.016291 -0.038100 0.999141 -0.803100 0.000000 0.000000 0.000000 1.000000
0.999836 0.007926 0.016274 0.000000 -0.008663 0.998916 0.045745 10.997300 -0.015893 -0.045878 0.998821 -0.803100 0.000000 0.000000 0.000000 1.000000
0.999939 0.003507 0.010521 0.000000 -0.004011 0.998824 0.048308 10.997300 -0.010339 -0.048347 0.998777 -0.803100 0.000000 0.000000 0.000000 1.000000
0.999998 0.001666 0.001210 0.000000 -0.001718 0.999003 0.044606 10.997300 -0.001134 -0.044608 0.999004 -0.803100 0.000000 0.000000 0.000000 1.000000
0.999947 0.005512 -0.008745 0.000000 -0.005181 0.999284 0.037474 10.997300 0.008945 -0.037427 0.999259 -0.803100 0.000000 0.000000 0.000000 1.000000
0.999767 0.011773 -0.018115 0.000000 -0.011201 0.999445 0.031373 10.997300 0.018474 -0.031163 0.999344 -0.803100 0.000000 0.000000 0.000000 1.000000
0.999493 0.013020 -0.029069 0.000000 -0.012178 0.999506 0.028973 10.997300 0.029432 -0.028605 0.999157 -0.803100 0.000000 0.000000 0.000000 1.000000
0.999100 0.004196 -0.042201 0.000000 -0.002947 0.999557 0.029623 10.997300 0.042307 -0.029472 0.998670 -0.803100 0.000000 0.000000 0.000000 1.000000
0.998520 -0.017937 -0.051338 0.000000 0.019515 0.999348 0.030389 10.997300 0.050759 -0.031346 0.998219 -0.803100 0.000000 0.000000 0.000000 1.000000
0.997932 -0.038404 -0.051535 0.000000 0.039948 0.998773 0.029260 10.997300 0.050348 -0.031258 0.998242 -0.803100 0.000000 0.000000 0.000000 1.000000
0.997551 -0.049171 -0.049741 0.000000 0.050499 0.998391 0.025799 10.997300 0.048392 -0.028247 0.998429 -0.803100 0.000000 0.000000 0.000000 1.000000
0.997300 -0.056376 -0.047051 0.000000 0.057369 0.998152 0.020027 10.997300 0.045835 -0.022672 0.998692 -0.803100 0.000000 0.000000 0.000000 1.000000
0.997016 -0.065699 -0.040519 0.000000 0.066216 0.997739 0.011539 10.997300 0.039669 -0.014187 0.999112 -0.803100 0.000000 0.000000 0.000000 1.000000
0.996837 -0.074573 -0.027483 0.000000 0.074606 0.997213 0.000191 10.997300 0.027392 -0.002241 0.999622 -0.803100 0.000000 0.000000 0.000000 1.000000
0.996863 -0.079054 -0.003762 -0.000000 0.079001 0.996794 -0.012656 10.997300 0.004750 0.012320 0.999913 -0.803100 0.000000 0.000000 0.000000 1.000000
0.996497 -0.079586 0.025682 0.000000 0.080224 0.996467 -0.024859 10.997300 -0.023613 0.026833 0.999361 -0.803100 0.000000 0.000000 0.000000 1.000000
0.996016 -0.069255 0.056182 0.000000 0.071304 0.996829 -0.035327 10.997300 -0.053557 0.039192 0.997795 -0.803100 0.000000 0.000000 0.000000 1.000000</float_array><technique_common><accessor source="#mixamorig_Spine-Matrix-animation-output-transform-array" count="25" stride="16"><param type="float4x4"/></accessor></technique_common></source><source id="mixamorig_Spine-Interpolations"><Name_array id="mixamorig_Spine-Interpolations-array" count="25">
 LINEAR LINEAR LINEAR LINEAR LINEAR LINEAR LINEAR LINEAR LINEAR LINEAR LINEAR
LINEAR LINEAR LINEAR LINEAR LINEAR LINEAR LINEAR LINEAR LINEAR LINEAR LINEAR LINEAR
LINEAR LINEAR</Name_array><technique_common><accessor source="#mixamorig_Spine-Interpolations-array" count="25"><param type="name"/></accessor></technique_common></source><sampler id="mixamorig_Spine-Matrix-animation-transform"><input semantic="INPUT" source="#mixamorig_Spine-Matrix-animation-input"/><input semantic="OUTPUT" source="#mixamorig_Spine-Matrix-animation-output-transform"/><input semantic="INTERPOLATION" source="#mixamorig_Spine-Interpolations"/></sampler><channel source="#mixamorig_Spine-Matrix-animation-transform" target="mixamorig_Spine/matrix"/></animation>
    <animation id="mixamorig_Spine1-anim" name="mixamorig_Spine1"><source id="mixamorig_Spine1-Matrix-animation-input"><float_array id="mixamorig_Spine1-Matrix-animation-input-array" count="25">

0.000000 0.033333 0.066667 0.100000 0.133333 0.166667 0.200000 0.233333 0.266667 0.300000 0.333333 0.366667 0.400000 0.433333 0.466667 0.500000
0.533333 0.566667 0.600000 0.633333 0.666667 0.700000 0.733333 0.766667 0.800000</float_array><technique_common><accessor source="#mixamorig_Spine1-Matrix-animation-input-array" count="25"><param name="TIME" type="float"/></accessor></technique_common></source><source id="mixamorig_Spine1-Matrix-animation-output-transform"><float_array id="mixamorig_Spine1-Matrix-animation-output-transform-array" count="400">

0.986155 0.041550 0.160535 -0.000000 -0.008442 0.979424 -0.201637 12.864400 -0.165610 0.197490 0.966215 -0.000000 0.000000 0.000000 0.000000 1.000000
0.991631 0.035736 0.124063 0.000000 -0.013481 0.984338 -0.175777 12.864400 -0.128402 0.172633 0.976581 0.000000 0.000000 0.000000 0.000000 1.000000
0.996010 0.031862 0.083362 -0.000000 -0.019338 0.988956 -0.146945 12.864400 -0.087123 0.144747 0.985626 0.000000 0.000000 0.000000 0.000000 1.000000
0.998505 0.030607 0.045295 -0.000000 -0.024916 0.992307 -0.121266 12.864400 -0.048659 0.119957 0.991586 0.000000 0.000000 0.000000 0.000000 1.000000
0.999320 0.031942 0.018436 0.000000 -0.029821 0.993957 -0.105639 12.864400 -0.021699 0.105017 0.994234 0.000000 0.000000 0.000000 0.000000 1.000000
0.999363 0.034927 0.007347 -0.000000 -0.034011 0.994340 -0.100657 12.864400 -0.010822 0.100343 0.994894 -0.000000 0.000000 0.000000 0.000000 1.000000
0.999228 0.038195 0.009232 0.000000 -0.037111 0.994513 -0.097809 12.864400 -0.012917 0.097391 0.995162 0.000000 0.000000 0.000000 0.000000 1.000000
0.999034 0.040440 0.017183 0.000000 -0.038783 0.995386 -0.087762 12.864400 -0.020653 0.087011 0.995993 -0.000000 0.000000 0.000000 0.000000 1.000000
0.998905 0.039840 0.024538 0.000000 -0.038022 0.996784 -0.070540 12.864400 -0.027270 0.069530 0.997207 0.000000 0.000000 0.000000 0.000000 1.000000
0.999078 0.034350 0.025766 0.000000 -0.032895 0.997949 -0.054912 12.864400 -0.027599 0.054014 0.998159 0.000000 0.000000 0.000000 0.000000 1.000000
0.999539 0.024731 0.017597 0.000000 -0.023832 0.998485 -0.049588 12.864400 -0.018796 0.049146 0.998615 0.000000 0.000000 0.000000 0.000000 1.000000
0.999871 0.016025 0.001340 0.000000 -0.015923 0.998265 -0.056683 12.864400 -0.002246 0.056654 0.998391 0.000000 0.000000 0.000000 0.000000 1.000000
0.999747 0.011899 -0.019072 0.000000 -0.013220 0.997410 -0.070696 12.864400 0.018181 0.070930 0.997316 0.000000 0.000000 0.000000 0.000000 1.000000
0.999144 0.007708 -0.040642 -0.000000 -0.011059 0.996496 -0.082904 12.864400 0.039861 0.083282 0.995728 0.000000 0.000000 0.000000 0.000000 1.000000
0.998110 -0.005137 -0.061233 -0.000000 -0.000283 0.996104 -0.088185 12.864400 0.061448 0.088036 0.994220 0.000000 0.000000 0.000000 0.000000 1.000000
0.996484 -0.028951 -0.078617 0.000000 0.022009 0.995897 -0.087778 12.864400 0.080836 0.085739 0.993033 0.000000 0.000000 0.000000 0.000000 1.000000
0.994082 -0.058560 -0.091497 0.000000 0.050634 0.994950 -0.086665 12.864400 0.096110 0.081520 0.992027 -0.000000 0.000000 0.000000 0.000000 1.000000
0.991146 -0.087176 -0.100145 0.000000 0.078314 0.992925 -0.089261 12.864400 0.107218 0.080628 0.990961 0.000000 0.000000 0.000000 0.000000 1.000000
0.988354 -0.110513 -0.104614 -0.000000 0.100465 0.990211 -0.096892 12.864400 0.114298 0.085253 0.989782 0.000000 0.000000 0.000000 0.000000 1.000000
0.986467 -0.128040 -0.102414 0.000000 0.116830 0.987168 -0.108855 12.864400 0.115038 0.095417 0.988768 0.000000 0.000000 0.000000 0.000000 1.000000
0.985962 -0.142047 -0.087760 0.000000 0.130527 0.983481 -0.125411 12.864400 0.104125 0.112196 0.988216 -0.000000 0.000000 0.000000 0.000000 1.000000
0.986932 -0.151633 -0.054513 -0.000000 0.142287 0.978878 -0.146807 12.864400 0.075622 0.137133 0.987662 0.000000 0.000000 0.000000 0.000000 1.000000
0.988886 -0.148654 -0.002621 0.000000 0.146038 0.974487 -0.170434 12.864400 0.027890 0.168157 0.985366 -0.000000 0.000000 0.000000 0.000000 1.000000
0.990327 -0.126101 0.057888 0.000000 0.135043 0.971794 -0.193337 12.864400 -0.031875 0.199284 0.979423 0.000000 0.000000 0.000000 0.000000 1.000000
0.989878 -0.086141 0.112792 0.000000 0.108903 0.970646 -0.214445 12.864400 -0.091009 0.224557 0.970202 0.000000 0.000000 0.000000 0.000000 1.000000</float_array><technique_common><accessor source="#mixamorig_Spine1-Matrix-animation-output-transform-array" count="25" stride="16"><param type="float4x4"/></accessor></technique_common></source><source id="mixamorig_Spine1-Interpolations"><Name_array id="mixamorig_Spine1-Interpolations-array" count="25">
 LINEAR LINEAR LINEAR LINEAR LINEAR LINEAR LINEAR LINEAR LINEAR LINEAR LINEAR
LINEAR LINEAR LINEAR LINEAR LINEAR LINEAR LINEAR LINEAR LINEAR LINEAR LINEAR LINEAR
LINEAR LINEAR</Name_array><technique_common><accessor source="#mixamorig_Spine1-Interpolations-array" count="25"><param type="name"/></accessor></technique_common></source><sampler id="mixamorig_Spine1-Matrix-animation-transform"><input semantic="INPUT" source="#mixamorig_Spine1-Matrix-animation-input"/><input semantic="OUTPUT" source="#mixamorig_Spine1-Matrix-animation-output-transform"/><input semantic="INTERPOLATION" source="#mixamorig_Spine1-Interpolations"/></sampler><channel source="#mixamorig_Spine1-Matrix-animation-transform" target="mixamorig_Spine1/matrix"/></animation>
    <animation id="mixamorig_Spine2-anim" name="mixamorig_Spine2"><source id="mixamorig_Spine2-Matrix-animation-input"><float_array id="mixamorig_Spine2-Matrix-animation-input-array" count="25">

0.000000 0.033333 0.066667 0.100000 0.133333 0.166667 0.200000 0.233333 0.266667 0.300000 0.333333 0.366667 0.400000 0.433333 0.466667 0.500000
0.533333 0.566667 0.600000 0.633333 0.666667 0.700000 0.733333 0.766667 0.800000</float_array><technique_common><accessor source="#mixamorig_Spine2-Matrix-animation-input-array" count="25"><param name="TIME" type="float"/></accessor></technique_common></source><source id="mixamorig_Spine2-Matrix-animation-output-transform"><float_array id="mixamorig_Spine2-Matrix-animation-output-transform-array" count="400">

0.986155 0.041550 0.160535 -0.000000 -0.008443 0.979424 -0.201637 14.702200 -0.165610 0.197490 0.966215 0.000000 0.000000 0.000000 0.000000 1.000000
0.991631 0.035736 0.124063 -0.000000 -0.013481 0.984338 -0.175777 14.702200 -0.128402 0.172633 0.976581 0.000000 0.000000 0.000000 0.000000 1.000000
0.996010 0.031862 0.083362 0.000000 -0.019338 0.988956 -0.146945 14.702200 -0.087123 0.144747 0.985626 -0.000000 0.000000 0.000000 0.000000 1.000000
0.998505 0.030607 0.045295 -0.000000 -0.024916 0.992307 -0.121267 14.702200 -0.048658 0.119957 0.991586 0.000000 0.000000 0.000000 0.000000 1.000000
0.999320 0.031942 0.018436 0.000000 -0.029821 0.993957 -0.105638 14.702200 -0.021699 0.105017 0.994234 -0.000000 0.000000 0.000000 0.000000 1.000000
0.999363 0.034927 0.007347 0.000000 -0.034011 0.994340 -0.100657 14.702200 -0.010822 0.100343 0.994894 0.000000 0.000000 0.000000 0.000000 1.000000
0.999228 0.038195 0.009232 -0.000000 -0.037111 0.994513 -0.097809 14.702200 -0.012917 0.097391 0.995162 -0.000000 0.000000 0.000000 0.000000 1.000000
0.999034 0.040440 0.017183 -0.000000 -0.038783 0.995386 -0.087763 14.702200 -0.020653 0.087011 0.995993 -0.000000 0.000000 0.000000 0.000000 1.000000
0.998905 0.039840 0.024538 -0.000000 -0.038022 0.996784 -0.070540 14.702200 -0.027270 0.069530 0.997207 0.000000 0.000000 0.000000 0.000000 1.000000
0.999078 0.034350 0.025766 0.000000 -0.032895 0.997949 -0.054913 14.702200 -0.027599 0.054014 0.998159 0.000000 0.000000 0.000000 0.000000 1.000000
0.999539 0.024731 0.017596 0.000000 -0.023832 0.998485 -0.049588 14.702200 -0.018796 0.049145 0.998615 0.000000 0.000000 0.000000 0.000000 1.000000
0.999871 0.016025 0.001339 0.000000 -0.015923 0.998265 -0.056683 14.702200 -0.002246 0.056654 0.998391 0.000000 0.000000 0.000000 0.000000 1.000000
0.999747 0.011899 -0.019072 0.000000 -0.013220 0.997410 -0.070696 14.702200 0.018181 0.070930 0.997316 0.000000 0.000000 0.000000 0.000000 1.000000
0.999144 0.007708 -0.040642 0.000000 -0.011059 0.996496 -0.082904 14.702200 0.039861 0.083282 0.995728 0.000000 0.000000 0.000000 0.000000 1.000000
0.998110 -0.005137 -0.061233 0.000000 -0.000283 0.996104 -0.088185 14.702200 0.061448 0.088036 0.994220 0.000000 0.000000 0.000000 0.000000 1.000000
0.996484 -0.028951 -0.078617 0.000000 0.022009 0.995897 -0.087779 14.702200 0.080836 0.085740 0.993033 -0.000000 0.000000 0.000000 0.000000 1.000000
0.994082 -0.058560 -0.091497 -0.000000 0.050634 0.994950 -0.086665 14.702200 0.096110 0.081520 0.992027 -0.000000 0.000000 0.000000 0.000000 1.000000
0.991146 -0.087176 -0.100145 -0.000000 0.078314 0.992925 -0.089261 14.702200 0.107218 0.080628 0.990961 0.000000 0.000000 0.000000 0.000000 1.000000
0.988354 -0.110513 -0.104614 0.000000 0.100465 0.990211 -0.096892 14.702200 0.114298 0.085254 0.989782 0.000000 0.000000 0.000000 0.000000 1.000000
0.986467 -0.128040 -0.102414 -0.000000 0.116830 0.987168 -0.108855 14.702200 0.115038 0.095417 0.988768 0.000000 0.000000 0.000000 0.000000 1.000000
0.985962 -0.142047 -0.087760 -0.000000 0.130527 0.983481 -0.125411 14.702200 0.104125 0.112196 0.988216 -0.000000 0.000000 0.000000 0.000000 1.000000
0.986933 -0.151633 -0.054513 0.000000 0.142287 0.978878 -0.146807 14.702200 0.075622 0.137132 0.987662 -0.000000 0.000000 0.000000 0.000000 1.000000
0.988886 -0.148654 -0.002621 0.000000 0.146038 0.974487 -0.170434 14.702200 0.027890 0.168157 0.985366 0.000000 0.000000 0.000000 0.000000 1.000000
0.990327 -0.126101 0.057888 0.000000 0.135043 0.971794 -0.193338 14.702200 -0.031875 0.199285 0.979423 0.000000 0.000000 0.000000 0.000000 1.000000
0.989878 -0.086142 0.112792 0.000000 0.108903 0.970646 -0.214445 14.702200 -0.091009 0.224558 0.970202 0.000000 0.000000 0.000000 0.000000 1.000000</float_array><technique_common><accessor source="#mixamorig_Spine2-Matrix-animation-output-transform-array" count="25" stride="16"><param type="float4x4"/></accessor></technique_common></source><source id="mixamorig_Spine2-Interpolations"><Name_array id="mixamorig_Spine2-Interpolations-array" count="25">
 LINEAR LINEAR LINEAR LINEAR LINEAR LINEAR LINEAR LINEAR LINEAR LINEAR LINEAR
LINEAR LINEAR LINEAR LINEAR LINEAR LINEAR LINEAR LINEAR LINEAR LINEAR LINEAR LINEAR
LINEAR LINEAR</Name_array><technique_common><accessor source="#mixamorig_Spine2-Interpolations-array" count="25"><param type="name"/></accessor></technique_common></source><sampler id="mixamorig_Spine2-Matrix-animation-transform"><input semantic="INPUT" source="#mixamorig_Spine2-Matrix-animation-input"/><input semantic="OUTPUT" source="#mixamorig_Spine2-Matrix-animation-output-transform"/><input semantic="INTERPOLATION" source="#mixamorig_Spine2-Interpolations"/></sampler><channel source="#mixamorig_Spine2-Matrix-animation-transform" target="mixamorig_Spine2/matrix"/></animation>
    <animation id="mixamorig_Neck-anim" name="mixamorig_Neck"><source id="mixamorig_Neck-Matrix-animation-input"><float_array id="mixamorig_Neck-Matrix-animation-input-array" count="25">

0.000000 0.033333 0.066667 0.100000 0.133333 0.166667 0.200000 0.233333 0.266667 0.300000 0.333333 0.366667 0.400000 0.433333 0.466667 0.500000
0.533333 0.566667 0.600000 0.633333 0.666667 0.700000 0.733333 0.766667 0.800000</float_array><technique_common><accessor source="#mixamorig_Neck-Matrix-animation-input-array" count="25"><param name="TIME" type="float"/></accessor></technique_common></source><source id="mixamorig_Neck-Matrix-animation-output-transform"><float_array id="mixamorig_Neck-Matrix-animation-output-transform-array" count="400">

0.999747 -0.003600 -0.022215 0.000000 0.003650 0.999991 0.002209 16.539900 0.022207 -0.002289 0.999751 0.000000 0.000000 0.000000 0.000000 1.000000
0.999556 0.005159 0.029329 0.000000 -0.005829 0.999723 0.022812 16.539900 -0.029203 -0.022972 0.999309 0.000000 0.000000 0.000000 0.000000 1.000000
0.996058 0.013679 0.087645 -0.000000 -0.018013 0.998644 0.048852 16.539900 -0.086858 -0.050238 0.994953 0.000000 0.000000 0.000000 0.000000 1.000000
0.989360 0.027629 0.142842 0.000000 -0.038655 0.996434 0.075000 16.539900 -0.140261 -0.079724 0.986900 -0.000000 0.000000 0.000000 0.000000 1.000000
0.982168 0.048773 0.181571 0.000000 -0.067158 0.993062 0.096528 16.539900 -0.175603 -0.107001 0.978629 -0.000000 0.000000 0.000000 0.000000 1.000000
0.977845 0.068150 0.197927 -0.000000 -0.092353 0.988977 0.115736 16.539900 -0.187857 -0.131451 0.973360 0.000000 0.000000 0.000000 0.000000 1.000000
0.977578 0.070479 0.198430 0.000000 -0.099868 0.984783 0.142230 16.539900 -0.185386 -0.158857 0.969740 0.000000 0.000000 0.000000 0.000000 1.000000
0.980569 0.048713 0.190031 -0.000000 -0.083147 0.980568 0.177686 16.539900 -0.177683 -0.190034 0.965565 -0.000000 0.000000 0.000000 0.000000 1.000000
0.985053 0.015558 0.171545 -0.000000 -0.051404 0.977083 0.206559 16.539900 -0.164400 -0.212290 0.963279 0.000000 0.000000 0.000000 0.000000 1.000000
0.989396 -0.003575 0.145197 0.000000 -0.027521 0.976972 0.211587 16.539900 -0.142609 -0.213339 0.966514 0.000000 0.000000 0.000000 0.000000 1.000000
0.992896 0.005278 0.118868 0.000000 -0.028360 0.980722 0.193341 16.539900 -0.115556 -0.195338 0.973904 0.000000 0.000000 0.000000 0.000000 1.000000
0.994544 0.037476 0.097352 0.000000 -0.053638 0.984135 0.169122 16.539900 -0.089469 -0.173421 0.980775 0.000000 0.000000 0.000000 0.000000 1.000000
0.993112 0.083046 0.082660 0.000000 -0.094891 0.983878 0.151589 16.539900 -0.068738 -0.158389 0.984981 0.000000 0.000000 0.000000 0.000000 1.000000
0.988387 0.130534 0.077788 -0.000000 -0.140516 0.980000 0.140907 16.539900 -0.057839 -0.150201 0.986962 0.000000 0.000000 0.000000 0.000000 1.000000
0.983027 0.161068 0.087833 0.000000 -0.172410 0.974707 0.142199 16.539900 -0.062708 -0.154929 0.985933 -0.000000 0.000000 0.000000 0.000000 1.000000
0.981196 0.154045 0.116292 0.000000 -0.172493 0.970190 0.170226 16.539900 -0.086603 -0.187085 0.978519 0.000000 0.000000 0.000000 0.000000 1.000000
0.982020 0.106726 0.155711 0.000000 -0.141052 0.963034 0.229497 16.539900 -0.125462 -0.247334 0.960773 -0.000000 0.000000 0.000000 0.000000 1.000000
0.982885 0.023081 0.182771 0.000000 -0.077969 0.951000 0.299199 16.539900 -0.166910 -0.308329 0.936523 -0.000000 0.000000 0.000000 0.000000 1.000000
0.979662 -0.080150 0.183951 0.000000 0.013362 0.940782 0.338749 16.539900 -0.200208 -0.329401 0.922720 0.000000 0.000000 0.000000 0.000000 1.000000
0.970063 -0.169666 0.173755 -0.000000 0.106499 0.940214 0.323506 16.539900 -0.218255 -0.295317 0.930136 0.000000 0.000000 0.000000 0.000000 1.000000
0.963392 -0.209273 0.167574 0.000000 0.158772 0.949005 0.272362 16.539900 -0.216027 -0.235785 0.947490 0.000000 0.000000 0.000000 0.000000 1.000000
0.969514 -0.184277 0.161506 0.000000 0.149083 0.966691 0.208046 16.539900 -0.194465 -0.177626 0.964693 -0.000000 0.000000 0.000000 0.000000 1.000000
0.984498 -0.105443 0.140165 0.000000 0.085467 0.986227 0.141607 16.539900 -0.153165 -0.127432 0.979950 0.000000 0.000000 0.000000 0.000000 1.000000
0.996019 -0.003279 0.089081 0.000000 -0.001980 0.998263 0.058886 16.539900 -0.089119 -0.058828 0.994282 -0.000000 0.000000 0.000000 0.000000 1.000000
0.995420 0.095427 0.005643 0.000000 -0.094952 0.993842 -0.057116 16.539900 -0.011059 0.056319 0.998352 0.000000 0.000000 0.000000 0.000000 1.000000</float_array><technique_common><accessor source="#mixamorig_Neck-Matrix-animation-output-transform-array" count="25" stride="16"><param type="float4x4"/></accessor></technique_common></source><source id="mixamorig_Neck-Interpolations"><Name_array id="mixamorig_Neck-Interpolations-array" count="25">
 LINEAR LINEAR LINEAR LINEAR LINEAR LINEAR LINEAR LINEAR LINEAR LINEAR LINEAR
LINEAR LINEAR LINEAR LINEAR LINEAR LINEAR LINEAR LINEAR LINEAR LINEAR LINEAR LINEAR
LINEAR LINEAR</Name_array><technique_common><accessor source="#mixamorig_Neck-Interpolations-array" count="25"><param type="name"/></accessor></technique_common></source><sampler id="mixamorig_Neck-Matrix-animation-transform"><input semantic="INPUT" source="#mixamorig_Neck-Matrix-animation-input"/><input semantic="OUTPUT" source="#mixamorig_Neck-Matrix-animation-output-transform"/><input semantic="INTERPOLATION" source="#mixamorig_Neck-Interpolations"/></sampler><channel source="#mixamorig_Neck-Matrix-animation-transform" target="mixamorig_Neck/matrix"/></animation>
    <animation id="mixamorig_Head-anim" name="mixamorig_Head"><source id="mixamorig_Head-Matrix-animation-input"><float_array id="mixamorig_Head-Matrix-animation-input-array" count="25">

0.000000 0.033333 0.066667 0.100000 0.133333 0.166667 0.200000 0.233333 0.266667 0.300000 0.333333 0.366667 0.400000 0.433333 0.466667 0.500000
0.533333 0.566667 0.600000 0.633333 0.666667 0.700000 0.733333 0.766667 0.800000</float_array><technique_common><accessor source="#mixamorig_Head-Matrix-animation-input-array" count="25"><param name="TIME" type="float"/></accessor></technique_common></source><source id="mixamorig_Head-Matrix-animation-output-transform"><float_array id="mixamorig_Head-Matrix-animation-output-transform-array" count="400">

0.937032 0.006168 0.349190 -0.000000 -0.044691 0.993742 0.102370 6.188500 -0.346374 -0.111530 0.931443 2.321600 0.000000 0.000000 0.000000 1.000000
0.949621 0.007635 0.313308 0.000000 -0.053052 0.989192 0.136692 6.188500 -0.308878 -0.146427 0.939762 2.321600 0.000000 0.000000 0.000000 1.000000
0.962174 0.008579 0.272301 0.000000 -0.058235 0.982879 0.174807 6.188500 -0.266140 -0.184052 0.946200 2.321600 0.000000 0.000000 0.000000 1.000000
0.973264 0.007308 0.229573 -0.000000 -0.059079 0.973830 0.219463 6.188500 -0.221961 -0.227159 0.948226 2.321600 0.000000 0.000000 0.000000 1.000000
0.981455 0.002911 0.191669 0.000000 -0.054432 0.962958 0.264102 6.188500 -0.183800 -0.269637 0.945258 2.321600 0.000000 0.000000 0.000000 1.000000
0.986013 -0.003688 0.166628 0.000000 -0.045238 0.956303 0.288856 6.188500 -0.160412 -0.292354 0.942760 2.321600 0.000000 0.000000 0.000000 1.000000
0.987388 -0.010224 0.157990 0.000000 -0.034426 0.960170 0.277287 6.188500 -0.154532 -0.279229 0.947708 2.321600 0.000000 0.000000 0.000000 1.000000
0.987347 -0.017796 0.157574 0.000000 -0.019573 0.972408 0.232466 6.188500 -0.157363 -0.232609 0.959755 2.321600 0.000000 0.000000 0.000000 1.000000
0.988369 -0.033200 0.148408 0.000000 0.006668 0.984402 0.175810 6.188500 -0.151930 -0.172776 0.973173 2.321600 0.000000 0.000000 0.000000 1.000000
0.990604 -0.062269 0.121766 0.000000 0.045946 0.990112 0.132542 6.188500 -0.128816 -0.125702 0.983669 2.321600 0.000000 0.000000 0.000000 1.000000
0.991256 -0.103865 0.081381 0.000000 0.094267 0.988996 0.114020 6.188500 -0.092328 -0.105351 0.990140 2.321600 0.000000 0.000000 0.000000 1.000000
0.987976 -0.150765 0.034252 0.000000 0.145746 0.982133 0.119046 6.188500 -0.051588 -0.112623 0.992298 2.321600 0.000000 0.000000 0.000000 1.000000
0.980336 -0.196814 -0.014307 0.000000 0.196820 0.969984 0.142802 6.188500 -0.014228 -0.142810 0.989648 2.321600 0.000000 0.000000 0.000000 1.000000
0.968538 -0.242201 -0.057214 -0.000000 0.248589 0.952411 0.176397 6.188500 0.011768 -0.185070 0.982655 2.321600 0.000000 0.000000 0.000000 1.000000
0.955625 -0.283894 -0.078641 -0.000000 0.294192 0.933504 0.204990 6.188500 0.015216 -0.219029 0.975600 2.321600 0.000000 0.000000 0.000000 1.000000
0.951877 -0.301158 -0.056875 0.000000 0.306309 0.928597 0.209480 6.188500 -0.010273 -0.216820 0.976157 2.321600 0.000000 0.000000 0.000000 1.000000
0.963025 -0.269092 0.013102 0.000000 0.262816 0.949034 0.173962 6.188500 -0.059246 -0.164087 0.984665 2.321600 0.000000 0.000000 0.000000 1.000000
0.978142 -0.173857 0.114070 0.000000 0.161901 0.981002 0.106880 6.188500 -0.130485 -0.086076 0.987707 2.321600 0.000000 0.000000 0.000000 1.000000
0.976409 -0.038367 0.212493 -0.000000 0.027906 0.998257 0.052011 6.188500 -0.214118 -0.044854 0.975778 2.321600 0.000000 0.000000 0.000000 1.000000
0.955711 0.091222 0.279813 0.000000 -0.110937 0.992281 0.055413 6.188500 -0.272598 -0.084001 0.958454 2.321600 0.000000 0.000000 0.000000 1.000000
0.934084 0.186460 0.304499 0.000000 -0.231607 0.965470 0.119275 6.188500 -0.271745 -0.181937 0.945015 2.321600 0.000000 0.000000 0.000000 1.000000
0.928551 0.235565 0.286882 0.000000 -0.299379 0.932162 0.203582 6.188500 -0.219463 -0.274923 0.936084 2.321600 0.000000 0.000000 0.000000 1.000000
0.942177 0.244484 0.229195 0.000000 -0.306056 0.906340 0.291337 6.188500 -0.136501 -0.344637 0.928759 2.321600 0.000000 0.000000 0.000000 1.000000
0.965426 0.225208 0.131280 0.000000 -0.259260 0.881985 0.393556 6.188500 -0.027155 -0.413984 0.909879 2.321600 0.000000 0.000000 0.000000 1.000000
0.981682 0.190526 0.000797 0.000000 -0.162892 0.837115 0.522212 6.188500 0.098828 -0.512776 0.852815 2.321600 0.000000 0.000000 0.000000 1.000000</float_array><technique_common><accessor source="#mixamorig_Head-Matrix-animation-output-transform-array" count="25" stride="16"><param type="float4x4"/></accessor></technique_common></source><source id="mixamorig_Head-Interpolations"><Name_array id="mixamorig_Head-Interpolations-array" count="25">
 LINEAR LINEAR LINEAR LINEAR LINEAR LINEAR LINEAR LINEAR LINEAR LINEAR LINEAR
LINEAR LINEAR LINEAR LINEAR LINEAR LINEAR LINEAR LINEAR LINEAR LINEAR LINEAR LINEAR
LINEAR LINEAR</Name_array><technique_common><accessor source="#mixamorig_Head-Interpolations-array" count="25"><param type="name"/></accessor></technique_common></source><sampler id="mixamorig_Head-Matrix-animation-transform"><input semantic="INPUT" source="#mixamorig_Head-Matrix-animation-input"/><input semantic="OUTPUT" source="#mixamorig_Head-Matrix-animation-output-transform"/><input semantic="INTERPOLATION" source="#mixamorig_Head-Interpolations"/></sampler><channel source="#mixamorig_Head-Matrix-animation-transform" target="mixamorig_Head/matrix"/></animation>
    <animation id="mixamorig_LeftShoulder-anim" name="mixamorig_LeftShoulder"><source id="mixamorig_LeftShoulder-Matrix-animation-input"><float_array id="mixamorig_LeftShoulder-Matrix-animation-input-array" count="25">

0.000000 0.033333 0.066667 0.100000 0.133333 0.166667 0.200000 0.233333 0.266667 0.300000 0.333333 0.366667 0.400000 0.433333 0.466667 0.500000
0.533333 0.566667 0.600000 0.633333 0.666667 0.700000 0.733333 0.766667 0.800000</float_array><technique_common><accessor source="#mixamorig_LeftShoulder-Matrix-animation-input-array" count="25"><param name="TIME" type="float"/></accessor></technique_common></source><source id="mixamorig_LeftShoulder-Matrix-animation-output-transform"><float_array id="mixamorig_LeftShoulder-Matrix-animation-output-transform-array" count="400">

-0.012404 0.925961 -0.377415 7.985300 0.026828 -0.377000 -0.925825 14.403600 -0.999563 -0.021609 -0.020166 -0.124400 0.000000 0.000000 0.000000 1.000000
-0.015653 0.905990 -0.423009 7.985300 0.031161 -0.422413 -0.905868 14.403600 -0.999392 -0.027361 -0.021620 -0.124400 0.000000 0.000000 0.000000 1.000000
-0.020205 0.881033 -0.472624 7.985300 0.036022 -0.471772 -0.880984 14.403600 -0.999147 -0.034825 -0.022204 -0.124400 0.000000 0.000000 0.000000 1.000000
-0.023802 0.851129 -0.524417 7.985300 0.040800 -0.523301 -0.851170 14.403600 -0.998884 -0.041656 -0.022270 -0.124400 0.000000 0.000000 0.000000 1.000000
-0.025235 0.816834 -0.576320 7.985300 0.044743 -0.575003 -0.816927 14.403600 -0.998680 -0.046402 -0.022038 -0.124400 0.000000 0.000000 0.000000 1.000000
-0.026336 0.781328 -0.623565 7.985300 0.047661 -0.622091 -0.781493 14.403600 -0.998516 -0.050301 -0.020855 -0.124400 0.000000 0.000000 0.000000 1.000000
-0.030093 0.755073 -0.654950 7.985300 0.049565 -0.653314 -0.755463 14.403600 -0.998317 -0.055197 -0.017765 -0.124400 0.000000 0.000000 0.000000 1.000000
-0.035099 0.752939 -0.657153 7.985300 0.048780 -0.655484 -0.753632 14.403600 -0.998193 -0.058508 -0.013721 -0.124400 0.000000 0.000000 0.000000 1.000000
-0.032778 0.776038 -0.629834 7.985300 0.042781 -0.628506 -0.776628 14.403600 -0.998547 -0.052401 -0.012598 -0.124400 0.000000 0.000000 0.000000 1.000000
-0.014769 0.800702 -0.598881 7.985300 0.033764 -0.598206 -0.800631 14.403600 -0.999321 -0.032045 -0.018200 -0.124400 0.000000 0.000000 0.000000 1.000000
0.015581 0.796846 -0.603981 7.985300 0.026955 -0.604170 -0.796400 14.403600 -0.999515 -0.003872 -0.030893 -0.124400 0.000000 0.000000 0.000000 1.000000
0.049343 0.752562 -0.656670 7.985300 0.022527 -0.658142 -0.752557 14.403600 -0.998528 0.022340 -0.049428 -0.124400 0.000000 0.000000 0.000000 1.000000
0.086160 0.688254 -0.720335 7.985300 0.015911 -0.723882 -0.689740 14.403600 -0.996154 0.047966 -0.073320 -0.124400 0.000000 0.000000 0.000000 1.000000
0.126463 0.656383 -0.743753 7.985300 0.004327 -0.750130 -0.661276 14.403600 -0.991962 0.080409 -0.097704 -0.124400 0.000000 0.000000 0.000000 1.000000
0.157511 0.701029 -0.695521 7.985300 -0.002734 -0.704000 -0.710195 14.403600 -0.987513 0.113765 -0.108971 -0.124400 0.000000 0.000000 0.000000 1.000000
0.158597 0.810128 -0.564394 7.985300 0.006102 -0.572422 -0.819936 14.403600 -0.987325 0.126596 -0.095728 -0.124400 0.000000 0.000000 0.000000 1.000000
0.123289 0.919067 -0.374320 7.985300 0.018530 -0.379264 -0.925103 14.403600 -0.992198 0.107119 -0.063790 -0.124400 0.000000 0.000000 0.000000 1.000000
0.079740 0.975335 -0.205822 7.985300 0.019242 -0.207947 -0.977951 14.403600 -0.996630 0.074021 -0.035349 -0.124400 0.000000 0.000000 0.000000 1.000000
0.063400 0.987534 -0.144070 7.985300 0.021095 -0.145654 -0.989111 14.403600 -0.997765 0.059670 -0.030066 -0.124400 0.000000 0.000000 0.000000 1.000000
0.077172 0.976552 -0.200974 7.985300 0.031390 -0.203855 -0.978498 14.403600 -0.996523 0.069204 -0.046386 -0.124400 0.000000 0.000000 0.000000 1.000000
0.085900 0.944161 -0.318089 7.985300 0.039865 -0.322270 -0.945808 14.403600 -0.995506 0.068564 -0.065322 -0.124400 0.000000 0.000000 0.000000 1.000000
0.052631 0.906550 -0.418804 7.985300 0.053980 -0.421355 -0.905288 14.403600 -0.997154 0.025039 -0.071112 -0.124400 0.000000 0.000000 0.000000 1.000000
-0.016810 0.895475 -0.444795 7.985300 0.080368 -0.442208 -0.893304 14.403600 -0.996624 -0.050764 -0.064534 -0.124400 0.000000 0.000000 0.000000 1.000000
-0.087114 0.924774 -0.370411 7.985300 0.096358 -0.362259 -0.927083 14.403600 -0.991527 -0.116454 -0.057551 -0.124400 0.000000 0.000000 0.000000 1.000000
-0.121935 0.971907 -0.201317 7.985300 0.085748 -0.191757 -0.977689 14.403600 -0.988827 -0.136477 -0.059958 -0.124400 0.000000 0.000000 0.000000 1.000000</float_array><technique_common><accessor source="#mixamorig_LeftShoulder-Matrix-animation-output-transform-array" count="25" stride="16"><param type="float4x4"/></accessor></technique_common></source><source id="mixamorig_LeftShoulder-Interpolations"><Name_array id="mixamorig_LeftShoulder-Interpolations-array" count="25">
 LINEAR LINEAR LINEAR LINEAR LINEAR LINEAR LINEAR LINEAR LINEAR LINEAR LINEAR
LINEAR LINEAR LINEAR LINEAR LINEAR LINEAR LINEAR LINEAR LINEAR LINEAR LINEAR LINEAR
LINEAR LINEAR</Name_array><technique_common><accessor source="#mixamorig_LeftShoulder-Interpolations-array" count="25"><param type="name"/></accessor></technique_common></source><sampler id="mixamorig_LeftShoulder-Matrix-animation-transform"><input semantic="INPUT" source="#mixamorig_LeftShoulder-Matrix-animation-input"/><input semantic="OUTPUT" source="#mixamorig_LeftShoulder-Matrix-animation-output-transform"/><input semantic="INTERPOLATION" source="#mixamorig_LeftShoulder-Interpolations"/></sampler><channel source="#mixamorig_LeftShoulder-Matrix-animation-transform" target="mixamorig_LeftShoulder/matrix"/></animation>
    <animation id="mixamorig_LeftArm-anim" name="mixamorig_LeftArm"><source id="mixamorig_LeftArm-Matrix-animation-input"><float_array id="mixamorig_LeftArm-Matrix-animation-input-array" count="25">

0.000000 0.033333 0.066667 0.100000 0.133333 0.166667 0.200000 0.233333 0.266667 0.300000 0.333333 0.366667 0.400000 0.433333 0.466667 0.500000
0.533333 0.566667 0.600000 0.633333 0.666667 0.700000 0.733333 0.766667 0.800000</float_array><technique_common><accessor source="#mixamorig_LeftArm-Matrix-animation-input-array" count="25"><param name="TIME" type="float"/></accessor></technique_common></source><source id="mixamorig_LeftArm-Matrix-animation-output-transform"><float_array id="mixamorig_LeftArm-Matrix-animation-output-transform-array" count="400">

