<?xml version="1.0" encoding="utf-8"?>
<COLLADA xmlns="http://www.collada.org/2005/11/COLLADASchema" version="1.4.1">
  <asset><contributor><author>Mixamo</author><authoring_tool>COLLADA Mixamo exporter</authoring_tool><comments></comments></contributor><created>2020-05-19T14:37:52Z</created><modified>2020-05-19T14:37:52Z</modified><revision></revision><title></title><unit meter="0.010000"/><up_axis>Y_UP</up_axis></asset>
  <library_animations>
    <animation id="mixamorig_Hips-anim" name="mixamorig_Hips"><source id="mixamorig_Hips-Matrix-animation-input"><float_array id="mixamorig_Hips-Matrix-animation-input-array" count="135">

0.000000 0.033333 0.066667 0.100000 0.133333 0.166667 0.200000 0.233333 0.266667 0.300000 0.333333 0.366667 0.400000 0.433333 0.466667 0.500000
0.533333 0.566667 0.600000 0.633333 0.666667 0.700000 0.733333 0.766667 0.800000 0.833333 0.866667 0.900000 0.933333 0.966667 1.000000 1.033333
1.066667 1.100000 1.133333 1.166667 1.200000 1.233333 1.266667 1.300000 1.333333 1.366667 1.400000 1.433333 1.466667 1.500000 1.533333 1.566667
1.600000 1.633333 1.666667 1.700000 1.733333 1.766667 1.800000 1.833333 1.866667 1.900000 1.933333 1.966667 2.000000 2.033333 2.066667 2.100000
2.133333 2.166667 2.200000 2.233333 2.266667 2.300000 2.333333 2.366667 2.400000 2.433333 2.466667 2.500000 2.533333 2.566667 2.600000 2.633333
2.666667 2.700000 2.733333 2.766667 2.800000 2.833333 2.866667 2.900000 2.933333 2.966667 3.000000 3.033333 3.066667 3.100000 3.133333 3.166667
3.200000 3.233333 3.266667 3.300000 3.333333 3.366667 3.400000 3.433333 3.466667 3.500000 3.533333 3.566667 3.600000 3.633333 3.666667 3.700000
3.733333 3.766667 3.800000 3.833333 3.866667 3.900000 3.933333 3.966667 4.000000 4.033333 4.066667 4.100000 4.133333 4.166667 4.200000 4.233333
4.266667 4.300000 4.333333 4.366667 4.400000 4.433333 4.466667</float_array><technique_common><accessor source="#mixamorig_Hips-Matrix-animation-input-array" count="135"><param name="TIME" type="float"/></accessor></technique_common></source><source id="mixamorig_Hips-Matrix-animation-output-transform"><float_array id="mixamorig_Hips-Matrix-animation-output-transform-array" count="2160">

0.979177 0.049476 0.196887 -0.395305 -0.056765 0.997889 0.031549 97.198921 -0.194910 -0.042068 0.979918 -1.619015 0.000000 0.000000 0.000000 1.000000
0.978361 0.051865 0.200299 -0.409849 -0.059210 0.997769 0.030855 97.204071 -0.198252 -0.042047 0.979249 -1.570376 0.000000 0.000000 0.000000 1.000000
0.977053 0.054154 0.205998 -0.441869 -0.061564 0.997660 0.029726 97.219986 -0.203907 -0.041726 0.978101 -1.508566 0.000000 0.000000 0.000000 1.000000
0.975239 0.055541 0.214065 -0.497992 -0.062877 0.997639 0.027606 97.251488 -0.212027 -0.040382 0.976429 -1.431606 0.000000 0.000000 0.000000 1.000000
0.972712 0.055712 0.225229 -0.576145 -0.062852 0.997718 0.024647 97.306564 -0.223342 -0.038131 0.973994 -1.346931 0.000000 0.000000 0.000000 1.000000
0.969104 0.055157 0.240405 -0.669790 -0.062085 0.997843 0.021334 97.391121 -0.238710 -0.035600 0.970438 -1.264937 0.000000 0.000000 0.000000 1.000000
0.964036 0.054710 0.260078 -0.776584 -0.061501 0.997944 0.018040 97.503311 -0.258556 -0.033386 0.965419 -1.192845 0.000000 0.000000 0.000000 1.000000
0.957193 0.054778 0.284219 -0.894677 -0.061489 0.997999 0.014739 97.634270 -0.282843 -0.031584 0.958646 -1.132876 0.000000 0.000000 0.000000 1.000000
0.948373 0.055128 0.312330 -1.017553 -0.061714 0.998031 0.011233 97.775543 -0.311096 -0.029929 0.949907 -1.083707 0.000000 0.000000 0.000000 1.000000
0.937489 0.055436 0.343570 -1.141798 -0.061751 0.998064 0.007456 97.924423 -0.342492 -0.028206 0.939097 -1.045078 0.000000 0.000000 0.000000 1.000000
0.924395 0.055625 0.377360 -1.263171 -0.061304 0.998115 0.003044 98.080750 -0.376479 -0.025947 0.926062 -1.022281 0.000000 0.000000 0.000000 1.000000
0.908780 0.055815 0.413526 -1.360854 -0.060110 0.998188 -0.002629 98.246208 -0.412923 -0.022468 0.910489 -1.022699 0.000000 0.000000 0.000000 1.000000
0.890441 0.056495 0.451578 -1.409131 -0.058680 0.998235 -0.009176 98.429825 -0.451299 -0.018328 0.892185 -1.044267 0.000000 0.000000 0.000000 1.000000
0.869654 0.058547 0.490178 -1.412706 -0.058868 0.998156 -0.014779 98.642067 -0.490140 -0.016003 0.871497 -1.074546 0.000000 0.000000 0.000000 1.000000
0.847041 0.061873 0.527914 -1.402088 -0.061457 0.997941 -0.018354 98.887466 -0.527963 -0.016897 0.849100 -1.098267 0.000000 0.000000 0.000000 1.000000
0.823012 0.065106 0.564280 -1.370028 -0.064350 0.997701 -0.021259 99.152023 -0.564367 -0.018815 0.825310 -1.119172 0.000000 0.000000 0.000000 1.000000
0.797840 0.067220 0.599110 -1.278971 -0.065322 0.997553 -0.024935 99.417488 -0.599320 -0.019241 0.800278 -1.154444 0.000000 0.000000 0.000000 1.000000
0.772514 0.067904 0.631357 -1.142196 -0.064282 0.997521 -0.028632 99.655540 -0.631736 -0.018466 0.774964 -1.221556 0.000000 0.000000 0.000000 1.000000
0.747994 0.067566 0.660257 -0.969787 -0.062288 0.997560 -0.031519 99.856987 -0.660776 -0.017550 0.750378 -1.302495 0.000000 0.000000 0.000000 1.000000
0.725205 0.066417 0.685322 -0.775250 -0.060114 0.997643 -0.033073 100.021240 -0.685904 -0.017212 0.727489 -1.403896 0.000000 0.000000 0.000000 1.000000
0.704724 0.064602 0.706534 -0.561481 -0.058006 0.997758 -0.033372 100.152496 -0.707106 -0.017465 0.706892 -1.539048 0.000000 0.000000 0.000000 1.000000
0.687073 0.062884 0.723862 -0.328313 -0.056357 0.997859 -0.033193 100.253296 -0.724399 -0.017989 0.689146 -1.708956 0.000000 0.000000 0.000000 1.000000
0.672943 0.062283 0.737067 -0.086300 -0.055825 0.997883 -0.033353 100.323792 -0.737584 -0.018702 0.674996 -1.904246 0.000000 0.000000 0.000000 1.000000
0.662701 0.063017 0.746228 0.147011 -0.056633 0.997817 -0.033970 100.369179 -0.746740 -0.019749 0.664823 -2.110152 0.000000 0.000000 0.000000 1.000000
0.655798 0.064238 0.752199 0.362015 -0.058097 0.997713 -0.034554 100.403580 -0.752698 -0.021040 0.658030 -2.307887 0.000000 0.000000 0.000000 1.000000
0.651363 0.064953 0.755981 0.554623 -0.059234 0.997642 -0.034679 100.436981 -0.756451 -0.022191 0.653674 -2.490559 0.000000 0.000000 0.000000 1.000000
0.648969 0.065055 0.758029 0.726319 -0.059773 0.997618 -0.034443 100.465767 -0.758464 -0.022957 0.651311 -2.657534 0.000000 0.000000 0.000000 1.000000
0.648798 0.065070 0.758174 0.880701 -0.060369 0.997598 -0.033959 100.479591 -0.758563 -0.023737 0.651168 -2.809260 0.000000 0.000000 0.000000 1.000000
0.651071 0.065251 0.756207 1.020596 -0.061628 0.997553 -0.033016 100.474304 -0.756511 -0.025108 0.653499 -2.947906 0.000000 0.000000 0.000000 1.000000
0.655562 0.065374 0.752306 1.145898 -0.063335 0.997495 -0.031489 100.454224 -0.752480 -0.027004 0.658061 -3.078545 0.000000 0.000000 0.000000 1.000000
0.661670 0.065120 0.746962 1.253294 -0.064853 0.997458 -0.029511 100.421822 -0.746985 -0.028916 0.664212 -3.205462 0.000000 0.000000 0.000000 1.000000
0.668833 0.064269 0.740630 1.340748 -0.065856 0.997462 -0.027084 100.369514 -0.740490 -0.030660 0.671367 -3.328179 0.000000 0.000000 0.000000 1.000000
0.676998 0.062805 0.733300 1.413444 -0.066581 0.997493 -0.023963 100.284515 -0.732967 -0.032601 0.679483 -3.441914 0.000000 0.000000 0.000000 1.000000
0.686815 0.060885 0.724278 1.481530 -0.067438 0.997525 -0.019904 100.162163 -0.723697 -0.035173 0.689221 -3.541201 0.000000 0.000000 0.000000 1.000000
0.699162 0.058365 0.712577 1.549840 -0.068184 0.997563 -0.014808 100.008095 -0.711705 -0.038233 0.701438 -3.623705 0.000000 0.000000 0.000000 1.000000
0.714445 0.054755 0.697546 1.612350 -0.067944 0.997651 -0.008722 99.827538 -0.696385 -0.041163 0.716487 -3.691595 0.000000 0.000000 0.000000 1.000000
0.732629 0.049983 0.678790 1.658458 -0.066424 0.997790 -0.001780 99.624969 -0.677379 -0.043784 0.734330 -3.749820 0.000000 0.000000 0.000000 1.000000
0.753763 0.044731 0.655623 1.683787 -0.064420 0.997905 0.005979 99.411659 -0.653982 -0.046742 0.755065 -3.803920 0.000000 0.000000 0.000000 1.000000
0.777701 0.039913 0.627365 1.690022 -0.062914 0.997914 0.014502 99.198853 -0.625478 -0.050748 0.778590 -3.855200 0.000000 0.000000 0.000000 1.000000
0.803458 0.035990 0.594272 1.675005 -0.062072 0.997795 0.023493 98.988945 -0.592117 -0.055763 0.803921 -3.895460 0.000000 0.000000 0.000000 1.000000
0.829621 0.032916 0.557356 1.628464 -0.061274 0.997599 0.032290 98.776428 -0.554955 -0.060940 0.829646 -3.906686 0.000000 0.000000 0.000000 1.000000
0.855199 0.030854 0.517380 1.548999 -0.060280 0.997373 0.040161 98.545242 -0.514782 -0.065533 0.854813 -3.878035 0.000000 0.000000 0.000000 1.000000
0.879631 0.029871 0.474719 1.449771 -0.059243 0.997135 0.047031 98.323914 -0.471954 -0.069494 0.878880 -3.809670 0.000000 0.000000 0.000000 1.000000
0.902443 0.029594 0.429792 1.336925 -0.058215 0.996864 0.053595 98.117630 -0.426859 -0.073386 0.901336 -3.704838 0.000000 0.000000 0.000000 1.000000
0.923399 0.030100 0.382659 1.210166 -0.057386 0.996542 0.060091 97.921303 -0.379527 -0.077447 0.921934 -3.571119 0.000000 0.000000 0.000000 1.000000
0.942274 0.032310 0.333280 1.073116 -0.057429 0.996179 0.065795 97.719727 -0.329881 -0.081137 0.940529 -3.413008 0.000000 0.000000 0.000000 1.000000
0.958585 0.037120 0.282377 0.942582 -0.059228 0.995776 0.070158 97.501892 -0.278580 -0.083977 0.956735 -3.231133 0.000000 0.000000 0.000000 1.000000
0.971721 0.043992 0.231998 0.832849 -0.062593 0.995334 0.073430 97.279564 -0.227685 -0.085875 0.969941 -3.028899 0.000000 0.000000 0.000000 1.000000
0.981492 0.051355 0.184488 0.734562 -0.066304 0.994917 0.075793 97.077614 -0.179658 -0.086622 0.979908 -2.812751 0.000000 0.000000 0.000000 1.000000
0.988293 0.058474 0.140918 0.624045 -0.069845 0.994571 0.077141 96.906738 -0.135642 -0.086080 0.987011 -2.580961 0.000000 0.000000 0.000000 1.000000
0.992690 0.065260 0.101530 0.487941 -0.073315 0.994275 0.077730 96.761620 -0.095877 -0.084605 0.991791 -2.323795 0.000000 0.000000 0.000000 1.000000
0.995246 0.070757 0.066918 0.330293 -0.075917 0.994059 0.077998 96.640518 -0.061001 -0.082707 0.994705 -2.044476 0.000000 0.000000 0.000000 1.000000
0.996560 0.073894 0.037520 0.160239 -0.076641 0.994003 0.077999 96.549797 -0.031531 -0.080606 0.996247 -1.764722 0.000000 0.000000 0.000000 1.000000
0.997096 0.075125 0.012442 -0.018036 -0.075868 0.994089 0.077665 96.492874 -0.006534 -0.078383 0.996902 -1.500129 0.000000 0.000000 0.000000 1.000000
0.997069 0.075839 -0.010085 -0.202303 -0.074841 0.994205 0.077164 96.465973 0.015879 -0.076183 0.996967 -1.245288 0.000000 0.000000 0.000000 1.000000
0.996553 0.076938 -0.031023 -0.388554 -0.074381 0.994288 0.076540 96.460503 0.036735 -0.073968 0.996584 -0.988100 0.000000 0.000000 0.000000 1.000000
0.995662 0.078498 -0.049949 -0.574389 -0.074607 0.994350 0.075511 96.466133 0.055594 -0.071457 0.995893 -0.731696 0.000000 0.000000 0.000000 1.000000
0.994579 0.080150 -0.066252 -0.763426 -0.075221 0.994431 0.073816 96.474503 0.071800 -0.068432 0.995069 -0.494693 0.000000 0.000000 0.000000 1.000000
0.993450 0.081417 -0.080181 -0.962236 -0.075727 0.994553 0.071619 96.480103 0.085575 -0.065078 0.994204 -0.290755 0.000000 0.000000 0.000000 1.000000
0.992327 0.082138 -0.092411 -1.171709 -0.075871 0.994699 0.069401 96.478958 0.097621 -0.061857 0.993299 -0.119679 0.000000 0.000000 0.000000 1.000000
0.991213 0.082732 -0.103205 -1.384817 -0.076006 0.994821 0.067489 96.469391 0.108254 -0.059052 0.992368 0.023213 0.000000 0.000000 0.000000 1.000000
0.990150 0.083689 -0.112244 -1.594400 -0.076610 0.994876 0.065971 96.451714 0.117190 -0.056722 0.991488 0.137540 0.000000 0.000000 0.000000 1.000000
0.989274 0.084921 -0.118850 -1.799142 -0.077616 0.994875 0.064805 96.428368 0.123744 -0.054885 0.990795 0.218312 0.000000 0.000000 0.000000 1.000000
0.988755 0.086008 -0.122340 -2.001410 -0.078641 0.994857 0.063832 96.404610 0.127200 -0.053493 0.990434 0.262839 0.000000 0.000000 0.000000 1.000000
0.988655 0.086713 -0.122649 -2.201877 -0.079464 0.994857 0.062815 96.386871 0.127465 -0.052356 0.990460 0.276357 0.000000 0.000000 0.000000 1.000000
0.988881 0.087075 -0.120549 -2.396329 -0.080100 0.994884 0.061555 96.377731 0.125292 -0.051215 0.990797 0.267855 0.000000 0.000000 0.000000 1.000000
0.989289 0.087224 -0.117048 -2.577903 -0.080626 0.994938 0.059976 96.376083 0.121687 -0.049896 0.991314 0.243160 0.000000 0.000000 0.000000 1.000000
0.989779 0.087224 -0.112821 -2.741632 -0.081058 0.995012 0.058143 96.380005 0.117330 -0.048404 0.991913 0.203667 0.000000 0.000000 0.000000 1.000000
0.990296 0.087062 -0.108321 -2.887417 -0.081332 0.995099 0.056246 96.387268 0.112687 -0.046890 0.992523 0.150475 0.000000 0.000000 0.000000 1.000000
0.990787 0.086728 -0.104013 -3.018342 -0.081392 0.995191 0.054495 96.394318 0.108239 -0.045527 0.993082 0.088573 0.000000 0.000000 0.000000 1.000000
0.991219 0.086400 -0.100098 -3.135847 -0.081395 0.995269 0.053057 96.398689 0.104209 -0.044444 0.993562 0.025014 0.000000 0.000000 0.000000 1.000000
0.991621 0.086208 -0.096211 -3.240316 -0.081485 0.995317 0.051998 96.401917 0.100244 -0.043722 0.994002 -0.036186 0.000000 0.000000 0.000000 1.000000
0.992038 0.086285 -0.091733 -3.336239 -0.081834 0.995328 0.051229 96.407921 0.095724 -0.043314 0.994465 -0.093195 0.000000 0.000000 0.000000 1.000000
0.992492 0.086583 -0.086383 -3.433020 -0.082428 0.995313 0.050568 96.417572 0.090357 -0.043068 0.994978 -0.142585 0.000000 0.000000 0.000000 1.000000
0.992981 0.086850 -0.080287 -3.537314 -0.083012 0.995295 0.049973 96.428070 0.084250 -0.042958 0.995518 -0.183484 0.000000 0.000000 0.000000 1.000000
0.993490 0.086848 -0.073726 -3.647712 -0.083344 0.995298 0.049351 96.438293 0.077666 -0.042885 0.996057 -0.221974 0.000000 0.000000 0.000000 1.000000
0.993991 0.086659 -0.066867 -3.758925 -0.083523 0.995332 0.048358 96.452026 0.070746 -0.042482 0.996589 -0.264886 0.000000 0.000000 0.000000 1.000000
0.994464 0.086488 -0.059684 -3.868090 -0.083776 0.995398 0.046527 96.475197 0.063434 -0.041269 0.997132 -0.312054 0.000000 0.000000 0.000000 1.000000
0.994886 0.086386 -0.052337 -3.977127 -0.084125 0.995484 0.043979 96.506981 0.055900 -0.039351 0.997661 -0.359115 0.000000 0.000000 0.000000 1.000000
0.995254 0.086163 -0.045215 -4.090022 -0.084316 0.995583 0.041283 96.540062 0.048572 -0.037275 0.998124 -0.405695 0.000000 0.000000 0.000000 1.000000
0.995580 0.085752 -0.038299 -4.207044 -0.084271 0.995689 0.038746 96.569214 0.041456 -0.035347 0.998515 -0.455227 0.000000 0.000000 0.000000 1.000000
0.995868 0.085338 -0.031045 -4.324573 -0.084203 0.995791 0.036192 96.594879 0.034003 -0.033428 0.998863 -0.506273 0.000000 0.000000 0.000000 1.000000
0.996114 0.084977 -0.023137 -4.439709 -0.084185 0.995895 0.033252 96.618141 0.025867 -0.031175 0.999179 -0.549710 0.000000 0.000000 0.000000 1.000000
0.996282 0.084882 -0.014733 -4.550078 -0.084416 0.995985 0.029801 96.639130 0.017203 -0.028446 0.999447 -0.577303 0.000000 0.000000 0.000000 1.000000
0.996381 0.084781 -0.006113 -4.654805 -0.084595 0.996073 0.026131 96.662239 0.008305 -0.025520 0.999640 -0.588288 0.000000 0.000000 0.000000 1.000000
0.996415 0.084566 0.002580 -4.752063 -0.084603 0.996158 0.022603 96.696083 -0.000658 -0.022740 0.999741 -0.585180 0.000000 0.000000 0.000000 1.000000
0.996353 0.084582 0.011263 -4.838644 -0.084787 0.996213 0.019261 96.745186 -0.009591 -0.020146 0.999751 -0.566838 0.000000 0.000000 0.000000 1.000000
0.996175 0.085115 0.019793 -4.911716 -0.085435 0.996216 0.015973 96.804848 -0.018359 -0.017603 0.999676 -0.531868 0.000000 0.000000 0.000000 1.000000
0.995907 0.085943 0.027980 -4.970673 -0.086323 0.996187 0.012660 96.866753 -0.026785 -0.015024 0.999528 -0.483877 0.000000 0.000000 0.000000 1.000000
0.995587 0.086838 0.035568 -5.014960 -0.087217 0.996146 0.009251 96.926193 -0.034627 -0.012312 0.999324 -0.426628 0.000000 0.000000 0.000000 1.000000
0.995224 0.087947 0.042355 -5.042315 -0.088265 0.996081 0.005701 96.983315 -0.041687 -0.009413 0.999086 -0.359872 0.000000 0.000000 0.000000 1.000000
0.994841 0.089191 0.048328 -5.052559 -0.089397 0.995994 0.002112 97.040916 -0.047946 -0.006422 0.998829 -0.284580 0.000000 0.000000 0.000000 1.000000
0.994497 0.089978 0.053657 -5.051588 -0.090037 0.995938 -0.001327 97.102203 -0.053558 -0.003512 0.998559 -0.207158 0.000000 0.000000 0.000000 1.000000
0.994209 0.089949 0.058807 -5.049177 -0.089843 0.995946 -0.004442 97.169212 -0.058968 -0.000867 0.998260 -0.138123 0.000000 0.000000 0.000000 1.000000
0.993895 0.089590 0.064398 -5.051808 -0.089312 0.995978 -0.007184 97.238823 -0.064782 0.001388 0.997898 -0.087656 0.000000 0.000000 0.000000 1.000000
0.993472 0.089583 0.070633 -5.056149 -0.089122 0.995974 -0.009646 97.302673 -0.071213 0.003288 0.997456 -0.061017 0.000000 0.000000 0.000000 1.000000
0.992960 0.089939 0.077087 -5.050631 -0.089285 0.995935 -0.011893 97.352722 -0.077843 0.004927 0.996953 -0.058844 0.000000 0.000000 0.000000 1.000000
0.992442 0.090271 0.083132 -5.027975 -0.089425 0.995897 -0.013849 97.385254 -0.084041 0.006311 0.996442 -0.082497 0.000000 0.000000 0.000000 1.000000
0.991989 0.090354 0.088286 -4.991301 -0.089339 0.995882 -0.015386 97.400856 -0.089312 0.007375 0.995976 -0.131652 0.000000 0.000000 0.000000 1.000000
0.991645 0.090127 0.092287 -4.947030 -0.088988 0.995898 -0.016398 97.402252 -0.093386 0.008049 0.995597 -0.202424 0.000000 0.000000 0.000000 1.000000
0.991422 0.089540 0.095216 -4.898110 -0.088338 0.995949 -0.016768 97.393364 -0.096331 0.008213 0.995315 -0.289852 0.000000 0.000000 0.000000 1.000000
0.991287 0.088559 0.097506 -4.842652 -0.087368 0.996041 -0.016423 97.381332 -0.098574 0.007761 0.995099 -0.389275 0.000000 0.000000 0.000000 1.000000
0.991181 0.087254 0.099738 -4.776381 -0.086139 0.996163 -0.015441 97.374619 -0.100703 0.006713 0.994894 -0.496744 0.000000 0.000000 0.000000 1.000000
0.991046 0.085874 0.102247 -4.697922 -0.084884 0.996292 -0.014009 97.375885 -0.103071 0.005204 0.994660 -0.608468 0.000000 0.000000 0.000000 1.000000
0.990877 0.084633 0.104884 -4.611364 -0.083801 0.996406 -0.012320 97.378738 -0.105550 0.003418 0.994408 -0.720587 0.000000 0.000000 0.000000 1.000000
0.990732 0.083413 0.107202 -4.522301 -0.082768 0.996514 -0.010462 97.373947 -0.107701 0.001492 0.994182 -0.831367 0.000000 0.000000 0.000000 1.000000
0.990682 0.081976 0.108764 -4.433351 -0.081556 0.996634 -0.008312 97.356789 -0.109079 -0.000636 0.994033 -0.941134 0.000000 0.000000 0.000000 1.000000
0.990741 0.080349 0.109438 -4.342785 -0.080210 0.996762 -0.005675 97.328987 -0.109539 -0.003155 0.993977 -1.048990 0.000000 0.000000 0.000000 1.000000
0.990871 0.078767 0.109405 -4.248028 -0.078960 0.996874 -0.002575 97.296265 -0.109266 -0.006087 0.993994 -1.151237 0.000000 0.000000 0.000000 1.000000
0.991035 0.077414 0.108892 -4.150290 -0.077951 0.996957 0.000677 97.263443 -0.108508 -0.009159 0.994053 -1.244962 0.000000 0.000000 0.000000 1.000000
0.991211 0.076299 0.108074 -4.053668 -0.077159 0.997012 0.003793 97.232834 -0.107462 -0.012098 0.994136 -1.330295 0.000000 0.000000 0.000000 1.000000
0.991379 0.075287 0.107232 -3.961209 -0.076462 0.997049 0.006881 97.206963 -0.106397 -0.015021 0.994210 -1.407359 0.000000 0.000000 0.000000 1.000000
0.991501 0.074300 0.106796 -3.873011 -0.075812 0.997070 0.010165 97.188919 -0.105728 -0.018175 0.994229 -1.474593 0.000000 0.000000 0.000000 1.000000
0.991523 0.073496 0.107149 -3.787914 -0.075373 0.997063 0.013568 97.177803 -0.105838 -0.021529 0.994150 -1.533278 0.000000 0.000000 0.000000 1.000000
0.991401 0.073009 0.108603 -3.699246 -0.075267 0.997021 0.016829 97.170174 -0.107051 -0.024859 0.993943 -1.584736 0.000000 0.000000 0.000000 1.000000
0.991138 0.072593 0.111242 -3.599145 -0.075253 0.996966 0.019894 97.163086 -0.109460 -0.028089 0.993594 -1.632133 0.000000 0.000000 0.000000 1.000000
0.990784 0.071966 0.114755 -3.485531 -0.075058 0.996917 0.022847 97.156097 -0.112757 -0.031249 0.993131 -1.679182 0.000000 0.000000 0.000000 1.000000
0.990403 0.071086 0.118523 -3.359300 -0.074614 0.996884 0.025589 97.151031 -0.116335 -0.034187 0.992622 -1.723593 0.000000 0.000000 0.000000 1.000000
0.990079 0.070079 0.121792 -3.222012 -0.074003 0.996865 0.027998 97.147362 -0.119448 -0.036734 0.992161 -1.762168 0.000000 0.000000 0.000000 1.000000
0.989860 0.068960 0.124188 -3.072989 -0.073232 0.996858 0.030171 97.142494 -0.121717 -0.038960 0.991800 -1.794902 0.000000 0.000000 0.000000 1.000000
0.989708 0.067699 0.126071 -2.909841 -0.072310 0.996857 0.032360 97.135902 -0.123484 -0.041143 0.991493 -1.824918 0.000000 0.000000 0.000000 1.000000
0.989522 0.066415 0.128198 -2.731514 -0.071403 0.996843 0.034710 97.130379 -0.125488 -0.043500 0.991141 -1.853496 0.000000 0.000000 0.000000 1.000000
0.989216 0.065206 0.131148 -2.541478 -0.070617 0.996816 0.037037 97.127670 -0.128315 -0.045899 0.990671 -1.877316 0.000000 0.000000 0.000000 1.000000
0.988769 0.063814 0.135145 -2.347363 -0.069662 0.996808 0.038990 97.126976 -0.132226 -0.047967 0.990058 -1.892895 0.000000 0.000000 0.000000 1.000000
0.988182 0.061967 0.140201 -2.154993 -0.068238 0.996852 0.040366 97.127541 -0.137259 -0.049456 0.989300 -1.900184 0.000000 0.000000 0.000000 1.000000
0.987442 0.059840 0.146210 -1.963118 -0.066515 0.996934 0.041199 97.129166 -0.143297 -0.050406 0.988395 -1.901318 0.000000 0.000000 0.000000 1.000000
0.986555 0.057823 0.152862 -1.767262 -0.064885 0.997024 0.041622 97.129921 -0.150000 -0.050981 0.987371 -1.898895 0.000000 0.000000 0.000000 1.000000
0.985584 0.056133 0.159606 -1.567928 -0.063545 0.997107 0.041718 97.127296 -0.156802 -0.051259 0.986299 -1.893990 0.000000 0.000000 0.000000 1.000000
0.984612 0.054755 0.165954 -1.370363 -0.062442 0.997187 0.041455 97.123154 -0.163218 -0.051180 0.985262 -1.884619 0.000000 0.000000 0.000000 1.000000
0.983660 0.053595 0.171872 -1.178632 -0.061451 0.997279 0.040714 97.123116 -0.169222 -0.050611 0.984278 -1.867790 0.000000 0.000000 0.000000 1.000000
0.982679 0.052595 0.177694 -0.993557 -0.060507 0.997390 0.039400 97.130157 -0.175158 -0.049469 0.983297 -1.842372 0.000000 0.000000 0.000000 1.000000
0.981643 0.051723 0.183580 -0.814968 -0.059583 0.997517 0.037559 97.142479 -0.181181 -0.047807 0.982287 -1.808432 0.000000 0.000000 0.000000 1.000000
0.980599 0.050931 0.189290 -0.643249 -0.058653 0.997650 0.035419 97.157349 -0.187041 -0.045835 0.981282 -1.765978 0.000000 0.000000 0.000000 1.000000
0.979615 0.050183 0.194514 -0.479073 -0.057712 0.997780 0.033234 97.172676 -0.192414 -0.043783 0.980337 -1.716216 0.000000 0.000000 0.000000 1.000000
0.979177 0.049523 0.196874 -0.395065 -0.056766 0.997896 0.031311 97.199371 -0.194910 -0.041834 0.979929 -1.618335 0.000000 0.000000 0.000000 1.000000</float_array><technique_common><accessor source="#mixamorig_Hips-Matrix-animation-output-transform-array" count="135" stride="16"><param type="float4x4"/></accessor></technique_common></source><source id="mixamorig_Hips-Interpolations"><Name_array id="mixamorig_Hips-Interpolations-array" count="135">
 LINEAR LINEAR LINEAR LINEAR LINEAR LINEAR LINEAR LINEAR LINEAR LINEAR LINEAR
LINEAR LINEAR LINEAR LINEAR LINEAR LINEAR LINEAR LINEAR LINEAR LINEAR LINEAR LINEAR
LINEAR LINEAR LINEAR LINEAR LINEAR LINEAR LINEAR LINEAR LINEAR LINEAR LINEAR LINEAR
LINEAR LINEAR LINEAR LINEAR LINEAR LINEAR LINEAR LINEAR LINEAR LINEAR LINEAR LINEAR
LINEAR LINEAR LINEAR LINEAR LINEAR LINEAR LINEAR LINEAR LINEAR LINEAR LINEAR LINEAR
LINEAR LINEAR LINEAR LINEAR LINEAR LINEAR LINEAR LINEAR LINEAR LINEAR LINEAR LINEAR
LINEAR LINEAR LINEAR LINEAR LINEAR LINEAR LINEAR LINEAR LINEAR LINEAR LINEAR LINEAR
LINEAR LINEAR LINEAR LINEAR LINEAR LINEAR LINEAR LINEAR LINEAR LINEAR LINEAR LINEAR
LINEAR LINEAR LINEAR LINEAR LINEAR LINEAR LINEAR LINEAR LINEAR LINEAR LINEAR LINEAR
LINEAR LINEAR LINEAR LINEAR LINEAR LINEAR LINEAR LINEAR LINEAR LINEAR LINEAR LINEAR
LINEAR LINEAR LINEAR LINEAR LINEAR LINEAR LINEAR LINEAR LINEAR LINEAR LINEAR LINEAR
LINEAR LINEAR LINEAR LINEAR</Name_array><technique_common><accessor source="#mixamorig_Hips-Interpolations-array" count="135"><param type="name"/></accessor></technique_common></source><sampler id="mixamorig_Hips-Matrix-animation-transform"><input semantic="INPUT" source="#mixamorig_Hips-Matrix-animation-input"/><input semantic="OUTPUT" source="#mixamorig_Hips-Matrix-animation-output-transform"/><input semantic="INTERPOLATION" source="#mixamorig_Hips-Interpolations"/></sampler><channel source="#mixamorig_Hips-Matrix-animation-transform" target="mixamorig_Hips/matrix"/></animation>
    <animation id="mixamorig_Spine-anim" name="mixamorig_Spine"><source id="mixamorig_Spine-Matrix-animation-input"><float_array id="mixamorig_Spine-Matrix-animation-input-array" count="135">

0.000000 0.033333 0.066667 0.100000 0.133333 0.166667 0.200000 0.233333 0.266667 0.300000 0.333333 0.366667 0.400000 0.433333 0.466667 0.500000
0.533333 0.566667 0.600000 0.633333 0.666667 0.700000 0.733333 0.766667 0.800000 0.833333 0.866667 0.900000 0.933333 0.966667 1.000000 1.033333
1.066667 1.100000 1.133333 1.166667 1.200000 1.233333 1.266667 1.300000 1.333333 1.366667 1.400000 1.433333 1.466667 1.500000 1.533333 1.566667
1.600000 1.633333 1.666667 1.700000 1.733333 1.766667 1.800000 1.833333 1.866667 1.900000 1.933333 1.966667 2.000000 2.033333 2.066667 2.100000
2.133333 2.166667 2.200000 2.233333 2.266667 2.300000 2.333333 2.366667 2.400000 2.433333 2.466667 2.500000 2.533333 2.566667 2.600000 2.633333
2.666667 2.700000 2.733333 2.766667 2.800000 2.833333 2.866667 2.900000 2.933333 2.966667 3.000000 3.033333 3.066667 3.100000 3.133333 3.166667
3.200000 3.233333 3.266667 3.300000 3.333333 3.366667 3.400000 3.433333 3.466667 3.500000 3.533333 3.566667 3.600000 3.633333 3.666667 3.700000
3.733333 3.766667 3.800000 3.833333 3.866667 3.900000 3.933333 3.966667 4.000000 4.033333 4.066667 4.100000 4.133333 4.166667 4.200000 4.233333
4.266667 4.300000 4.333333 4.366667 4.400000 4.433333 4.466667</float_array><technique_common><accessor source="#mixamorig_Spine-Matrix-animation-input-array" count="135"><param name="TIME" type="float"/></accessor></technique_common></source><source id="mixamorig_Spine-Matrix-animation-output-transform"><float_array id="mixamorig_Spine-Matrix-animation-output-transform-array" count="2160">

0.999724 -0.019422 0.013189 0.000000 0.019940 0.998988 -0.040322 10.997300 -0.012393 0.040574 0.999100 -0.803100 0.000000 0.000000 0.000000 1.000000
0.999716 -0.020257 0.012570 0.000000 0.020754 0.998951 -0.040816 10.997300 -0.011730 0.041065 0.999088 -0.803100 0.000000 0.000000 0.000000 1.000000
0.999700 -0.021396 0.011942 0.000000 0.021873 0.998906 -0.041339 10.997300 -0.011045 0.041588 0.999074 -0.803100 0.000000 0.000000 0.000000 1.000000
0.999675 -0.022648 0.011676 0.000000 0.023117 0.998863 -0.041683 10.997300 -0.010719 0.041939 0.999063 -0.803100 0.000000 0.000000 0.000000 1.000000
0.999645 -0.023781 0.012012 0.000000 0.024265 0.998830 -0.041822 10.997300 -0.011004 0.042099 0.999053 -0.803100 0.000000 0.000000 0.000000 1.000000
0.999611 -0.024689 0.012979 0.000000 0.025213 0.998804 -0.041884 10.997300 -0.011929 0.042195 0.999038 -0.803100 0.000000 0.000000 0.000000 1.000000
0.999572 -0.025449 0.014437 0.000000 0.026035 0.998780 -0.041964 10.997300 -0.013351 0.042322 0.999015 -0.803100 0.000000 0.000000 0.000000 1.000000
0.999525 -0.026192 0.016210 0.000000 0.026854 0.998755 -0.042050 10.997300 -0.015089 0.042465 0.998984 -0.803100 0.000000 0.000000 0.000000 1.000000
0.999471 -0.026893 0.018271 0.000000 0.027642 0.998732 -0.042079 10.997300 -0.017116 0.042562 0.998947 -0.803100 0.000000 0.000000 0.000000 1.000000
0.999412 -0.027304 0.020733 0.000000 0.028155 0.998724 -0.041928 10.997300 -0.019561 0.042487 0.998906 -0.803100 0.000000 0.000000 0.000000 1.000000
0.999356 -0.027041 0.023586 0.000000 0.028001 0.998751 -0.041371 10.997300 -0.022438 0.042005 0.998865 -0.803100 0.000000 0.000000 0.000000 1.000000
0.999308 -0.026079 0.026531 0.000000 0.027136 0.998818 -0.040319 10.997300 -0.025448 0.041011 0.998835 -0.803100 0.000000 0.000000 0.000000 1.000000
0.999260 -0.025049 0.029187 -0.000000 0.026181 0.998894 -0.039050 10.997300 -0.028177 0.039785 0.998811 -0.803100 0.000000 0.000000 0.000000 1.000000
0.999196 -0.024797 0.031515 0.000000 0.025988 0.998940 -0.037982 10.997300 -0.030540 0.038771 0.998781 -0.803100 0.000000 0.000000 0.000000 1.000000
0.999108 -0.025438 0.033718 0.000000 0.026689 0.998952 -0.037185 10.997300 -0.032737 0.038052 0.998739 -0.803100 0.000000 0.000000 0.000000 1.000000
0.999014 -0.026237 0.035825 -0.000000 0.027537 0.998962 -0.036283 10.997300 -0.034836 0.037234 0.998699 -0.803100 0.000000 0.000000 0.000000 1.000000
0.998933 -0.026550 0.037778 0.000000 0.027876 0.998998 -0.035015 10.997300 -0.036811 0.036031 0.998672 -0.803100 0.000000 0.000000 0.000000 1.000000
0.998862 -0.026267 0.039805 0.000000 0.027610 0.999055 -0.033582 10.997300 -0.038885 0.034643 0.998643 -0.803100 0.000000 0.000000 0.000000 1.000000
0.998787 -0.025726 0.041982 0.000000 0.027092 0.999111 -0.032295 10.997300 -0.041114 0.033393 0.998596 -0.803100 0.000000 0.000000 0.000000 1.000000
0.998705 -0.025158 0.044224 0.000000 0.026559 0.999155 -0.031375 10.997300 -0.043398 0.032509 0.998529 -0.803100 0.000000 0.000000 0.000000 1.000000
0.998621 -0.024631 0.046365 0.000000 0.026074 0.999186 -0.030782 10.997300 -0.045569 0.031949 0.998450 -0.803100 0.000000 0.000000 0.000000 1.000000
0.998540 -0.024108 0.048342 0.000000 0.025591 0.999213 -0.030302 10.997300 -0.047574 0.031495 0.998371 -0.803100 0.000000 0.000000 0.000000 1.000000
0.998461 -0.023548 0.050208 0.000000 0.025068 0.999240 -0.029861 10.997300 -0.049466 0.031074 0.998292 -0.803100 0.000000 0.000000 0.000000 1.000000
0.998385 -0.022978 0.051961 0.000000 0.024536 0.999262 -0.029540 10.997300 -0.051244 0.030767 0.998212 -0.803100 0.000000 0.000000 0.000000 1.000000
0.998316 -0.022429 0.053492 0.000000 0.024023 0.999281 -0.029331 10.997300 -0.052795 0.030567 0.998137 -0.803100 0.000000 0.000000 0.000000 1.000000
0.998262 -0.021860 0.054723 0.000000 0.023480 0.999299 -0.029145 10.997300 -0.054047 0.030380 0.998076 -0.803100 0.000000 0.000000 0.000000 1.000000
0.998224 -0.021216 0.055663 -0.000000 0.022852 0.999321 -0.028917 10.997300 -0.055011 0.030138 0.998031 -0.803100 0.000000 0.000000 0.000000 1.000000
0.998199 -0.020567 0.056359 0.000000 0.022211 0.999341 -0.028708 10.997300 -0.055731 0.029908 0.997998 -0.803100 0.000000 0.000000 0.000000 1.000000
0.998183 -0.020041 0.056826 0.000000 0.021694 0.999355 -0.028617 10.997300 -0.056216 0.029798 0.997974 -0.803100 0.000000 0.000000 0.000000 1.000000
0.998181 -0.019636 0.057003 -0.000000 0.021293 0.999364 -0.028599 10.997300 -0.056406 0.029761 0.997964 -0.803100 0.000000 0.000000 0.000000 1.000000
0.998201 -0.019232 0.056792 0.000000 0.020884 0.999372 -0.028634 10.997300 -0.056205 0.029768 0.997975 -0.803100 0.000000 0.000000 0.000000 1.000000
0.998245 -0.018822 0.056148 0.000000 0.020459 0.999378 -0.028720 10.997300 -0.055572 0.029818 0.998009 -0.803100 0.000000 0.000000 0.000000 1.000000
0.998300 -0.018616 0.055236 -0.000000 0.020232 0.999380 -0.028827 10.997300 -0.054665 0.029896 0.998057 -0.803100 0.000000 0.000000 0.000000 1.000000
0.998344 -0.018637 0.054432 -0.000000 0.020235 0.999376 -0.028947 10.997300 -0.053859 0.030000 0.998098 -0.803100 0.000000 0.000000 0.000000 1.000000
0.998369 -0.018456 0.054019 -0.000000 0.020054 0.999373 -0.029193 10.997300 -0.053447 0.030229 0.998113 -0.803100 0.000000 0.000000 0.000000 1.000000
0.998391 -0.017489 0.053944 0.000000 0.019109 0.999377 -0.029658 10.997300 -0.053392 0.030641 0.998103 -0.803100 0.000000 0.000000 0.000000 1.000000
0.998420 -0.015683 0.053953 0.000000 0.017336 0.999390 -0.030306 10.997300 -0.053444 0.031194 0.998083 -0.803100 0.000000 0.000000 0.000000 1.000000
0.998459 -0.013420 0.053844 -0.000000 0.015110 0.999402 -0.031092 10.997300 -0.053395 0.031857 0.998065 -0.803100 0.000000 0.000000 0.000000 1.000000
0.998507 -0.011009 0.053497 -0.000000 0.012738 0.999404 -0.032082 10.997300 -0.053112 0.032716 0.998053 -0.803100 0.000000 0.000000 0.000000 1.000000
0.998574 -0.008542 0.052700 0.000000 0.010309 0.999390 -0.033363 10.997300 -0.052383 0.033859 0.998053 -0.803100 0.000000 0.000000 0.000000 1.000000
0.998671 -0.006043 0.051189 -0.000000 0.007829 0.999365 -0.034769 10.997300 -0.050946 0.035124 0.998084 -0.803100 0.000000 0.000000 0.000000 1.000000
0.998800 -0.003799 0.048837 0.000000 0.005562 0.999336 -0.036004 10.997300 -0.048667 0.036233 0.998158 -0.803100 0.000000 0.000000 0.000000 1.000000
0.998955 -0.002141 0.045650 0.000000 0.003836 0.999305 -0.037080 10.997300 -0.045539 0.037216 0.998269 -0.803100 0.000000 0.000000 0.000000 1.000000
0.999130 -0.001039 0.041695 0.000000 0.002632 0.999268 -0.038157 10.997300 -0.041625 0.038233 0.998402 -0.803100 0.000000 0.000000 0.000000 1.000000
0.999311 -0.000520 0.037121 -0.000000 0.001978 0.999228 -0.039247 10.997300 -0.037072 0.039294 0.998540 -0.803100 0.000000 0.000000 0.000000 1.000000
0.999486 -0.000970 0.032032 -0.000000 0.002254 0.999194 -0.040080 10.997300 -0.031967 0.040131 0.998683 -0.803100 0.000000 0.000000 0.000000 1.000000
0.999642 -0.002632 0.026608 0.000000 0.003705 0.999179 -0.040348 10.997300 -0.026480 0.040432 0.998831 -0.803100 0.000000 0.000000 0.000000 1.000000
0.999763 -0.005067 0.021172 -0.000000 0.005914 0.999178 -0.040110 10.997300 -0.020951 0.040226 0.998971 -0.803100 0.000000 0.000000 0.000000 1.000000
0.999844 -0.007585 0.015981 -0.000000 0.008216 0.999175 -0.039765 10.997300 -0.015666 0.039890 0.999081 -0.803100 0.000000 0.000000 0.000000 1.000000
0.999888 -0.009999 0.011159 -0.000000 0.010434 0.999162 -0.039580 10.997300 -0.010754 0.039692 0.999154 -0.803100 0.000000 0.000000 0.000000 1.000000
0.999900 -0.012450 0.006752 0.000000 0.012707 0.999142 -0.039411 10.997300 -0.006256 0.039493 0.999200 -0.803100 0.000000 0.000000 0.000000 1.000000
0.999886 -0.014871 0.002765 0.000000 0.014968 0.999123 -0.039116 10.997300 -0.002181 0.039153 0.999231 -0.803100 0.000000 0.000000 0.000000 1.000000
0.999853 -0.017131 -0.000808 -0.000000 0.017087 0.999100 -0.038814 10.997300 0.001472 0.038795 0.999246 -0.803100 0.000000 0.000000 0.000000 1.000000
0.999805 -0.019365 -0.003953 -0.000000 0.019198 0.999072 -0.038549 10.997300 0.004696 0.038465 0.999249 -0.803100 0.000000 0.000000 0.000000 1.000000
0.999746 -0.021571 -0.006531 0.000000 0.021305 0.999039 -0.038307 10.997300 0.007351 0.038159 0.999245 -0.803100 0.000000 0.000000 0.000000 1.000000
0.999687 -0.023551 -0.008416 0.000000 0.023214 0.999004 -0.038120 10.997300 0.009305 0.037912 0.999238 -0.803100 0.000000 0.000000 0.000000 1.000000
0.999633 -0.025300 -0.009722 0.000000 0.024915 0.998971 -0.037886 10.997300 0.010670 0.037629 0.999235 -0.803100 0.000000 0.000000 0.000000 1.000000
0.999582 -0.026874 -0.010632 0.000000 0.026459 0.998948 -0.037467 10.997300 0.011627 0.037170 0.999241 -0.803100 0.000000 0.000000 0.000000 1.000000
0.999541 -0.028155 -0.011163 -0.000000 0.027726 0.998934 -0.036909 10.997300 0.012191 0.036582 0.999256 -0.803100 0.000000 0.000000 0.000000 1.000000
0.999515 -0.029025 -0.011260 0.000000 0.028598 0.998927 -0.036418 10.997300 0.012305 0.036078 0.999273 -0.803100 0.000000 0.000000 0.000000 1.000000
0.999502 -0.029596 -0.010967 -0.000000 0.029181 0.998919 -0.036185 10.997300 0.012026 0.035847 0.999285 -0.803100 0.000000 0.000000 0.000000 1.000000
0.999493 -0.030070 -0.010438 0.000000 0.029674 0.998903 -0.036222 10.997300 0.011516 0.035894 0.999289 -0.803100 0.000000 0.000000 0.000000 1.000000
0.999484 -0.030573 -0.009889 0.000000 0.030194 0.998880 -0.036439 10.997300 0.010992 0.036121 0.999287 -0.803100 0.000000 0.000000 0.000000 1.000000
0.999473 -0.031048 -0.009446 -0.000000 0.030682 0.998854 -0.036742 10.997300 0.010576 0.036433 0.999280 -0.803100 0.000000 0.000000 0.000000 1.000000
0.999466 -0.031380 -0.009100 0.000000 0.031022 0.998829 -0.037114 10.997300 0.010254 0.036812 0.999270 -0.803100 0.000000 0.000000 0.000000 1.000000
0.999466 -0.031483 -0.008761 -0.000000 0.031133 0.998811 -0.037526 10.997300 0.009932 0.037234 0.999257 -0.803100 0.000000 0.000000 0.000000 1.000000
0.999473 -0.031370 -0.008381 0.000000 0.031031 0.998800 -0.037896 10.997300 0.009560 0.037616 0.999247 -0.803100 0.000000 0.000000 0.000000 1.000000
0.999484 -0.031107 -0.007957 0.000000 0.030781 0.998797 -0.038167 10.997300 0.009135 0.037902 0.999240 -0.803100 0.000000 0.000000 0.000000 1.000000
0.999499 -0.030740 -0.007495 0.000000 0.030430 0.998798 -0.038418 10.997300 0.008667 0.038171 0.999234 -0.803100 0.000000 0.000000 0.000000 1.000000
0.999516 -0.030329 -0.006958 0.000000 0.030037 0.998797 -0.038759 10.997300 0.008125 0.038532 0.999224 -0.803100 0.000000 0.000000 0.000000 1.000000
0.999531 -0.029963 -0.006258 0.000000 0.029695 0.998791 -0.039167 10.997300 0.007424 0.038963 0.999213 -0.803100 0.000000 0.000000 0.000000 1.000000
0.999545 -0.029683 -0.005367 0.000000 0.029448 0.998784 -0.039548 10.997300 0.006534 0.039372 0.999203 -0.803100 0.000000 0.000000 0.000000 1.000000
0.999557 -0.029450 -0.004373 0.000000 0.029252 0.998776 -0.039890 10.997300 0.005543 0.039745 0.999194 -0.803100 0.000000 0.000000 0.000000 1.000000
0.999567 -0.029220 -0.003375 -0.000000 0.029061 0.998767 -0.040254 10.997300 0.004548 0.040139 0.999184 -0.803100 0.000000 0.000000 0.000000 1.000000
0.999577 -0.028979 -0.002443 0.000000 0.028856 0.998754 -0.040709 10.997300 0.003620 0.040622 0.999168 -0.803100 0.000000 0.000000 0.000000 1.000000
0.999584 -0.028794 -0.001626 0.000000 0.028702 0.998737 -0.041245 10.997300 0.002812 0.041182 0.999148 -0.803100 0.000000 0.000000 0.000000 1.000000
0.999584 -0.028818 -0.000895 0.000000 0.028755 0.998716 -0.041716 10.997300 0.002096 0.041673 0.999129 -0.803100 0.000000 0.000000 0.000000 1.000000
0.999576 -0.029101 -0.000112 -0.000000 0.029070 0.998695 -0.041991 10.997300 0.001334 0.041970 0.999118 -0.803100 0.000000 0.000000 0.000000 1.000000
0.999564 -0.029528 0.000905 0.000000 0.029540 0.998674 -0.042158 10.997300 0.000341 0.042166 0.999111 -0.803100 0.000000 0.000000 0.000000 1.000000
0.999552 -0.029846 0.002257 0.000000 0.029915 0.998652 -0.042425 10.997300 -0.000988 0.042474 0.999097 -0.803100 0.000000 0.000000 0.000000 1.000000
0.999547 -0.029836 0.003868 0.000000 0.029974 0.998632 -0.042852 10.997300 -0.002584 0.042949 0.999074 -0.803100 0.000000 0.000000 0.000000 1.000000
0.999549 -0.029497 0.005545 0.000000 0.029710 0.998621 -0.043285 10.997300 -0.004260 0.043431 0.999047 -0.803100 0.000000 0.000000 0.000000 1.000000
0.999554 -0.028976 0.007167 0.000000 0.029261 0.998622 -0.043555 10.997300 -0.005895 0.043745 0.999025 -0.803100 0.000000 0.000000 0.000000 1.000000
0.999560 -0.028351 0.008762 0.000000 0.028708 0.998634 -0.043669 10.997300 -0.007512 0.043901 0.999008 -0.803100 0.000000 0.000000 0.000000 1.000000
0.999566 -0.027581 0.010390 0.000000 0.028011 0.998648 -0.043791 10.997300 -0.009169 0.044063 0.998987 -0.803100 0.000000 0.000000 0.000000 1.000000
0.999572 -0.026674 0.012038 -0.000000 0.027180 0.998660 -0.044037 10.997300 -0.010847 0.044345 0.998957 -0.803100 0.000000 0.000000 0.000000 1.000000
0.999577 -0.025717 0.013584 0.000000 0.026297 0.998669 -0.044379 10.997300 -0.012425 0.044718 0.998922 -0.803100 0.000000 0.000000 0.000000 1.000000
0.999583 -0.024809 0.014807 0.000000 0.025449 0.998675 -0.044726 10.997300 -0.013678 0.045084 0.998890 -0.803100 0.000000 0.000000 0.000000 1.000000
0.999589 -0.024096 0.015542 0.000000 0.024774 0.998681 -0.044966 10.997300 -0.014438 0.045333 0.998868 -0.803100 0.000000 0.000000 0.000000 1.000000
0.999591 -0.023765 0.015888 0.000000 0.024459 0.998689 -0.044975 10.997300 -0.014798 0.045345 0.998862 -0.803100 0.000000 0.000000 0.000000 1.000000
0.999588 -0.023777 0.016105 0.000000 0.024477 0.998697 -0.044782 10.997300 -0.015020 0.045157 0.998867 -0.803100 0.000000 0.000000 0.000000 1.000000
0.999582 -0.023840 0.016335 -0.000000 0.024546 0.998707 -0.044511 10.997300 -0.015252 0.044894 0.998875 -0.803100 0.000000 0.000000 0.000000 1.000000
0.999581 -0.023730 0.016554 0.000000 0.024442 0.998720 -0.044279 10.997300 -0.015482 0.044665 0.998882 -0.803100 0.000000 0.000000 0.000000 1.000000
