<?xml version="1.0" encoding="utf-8"?>
<COLLADA xmlns="http://www.collada.org/2005/11/COLLADASchema" version="1.4.1">
  <asset><contributor><author>Mixamo</author><authoring_tool>COLLADA Mixamo exporter</authoring_tool><comments></comments></contributor><created>2020-05-19T14:41:27Z</created><modified>2020-05-19T14:41:27Z</modified><revision></revision><title></title><unit meter="0.010000"/><up_axis>Y_UP</up_axis></asset>
  <library_animations>
    <animation id="mixamorig_Hips-anim" name="mixamorig_Hips"><source id="mixamorig_Hips-Matrix-animation-input"><float_array id="mixamorig_Hips-Matrix-animation-input-array" count="45">

0.000000 0.033333 0.066667 0.100000 0.133333 0.166667 0.200000 0.233333 0.266667 0.300000 0.333333 0.366667 0.400000 0.433333 0.466667 0.500000
0.533333 0.566667 0.600000 0.633333 0.666667 0.700000 0.733333 0.766667 0.800000 0.833333 0.866667 0.900000 0.933333 0.966667 1.000000 1.033333
1.066667 1.100000 1.133333 1.166667 1.200000 1.233333 1.266667 1.300000 1.333333 1.366667 1.400000 1.433333 1.466667</float_array><technique_common><accessor source="#mixamorig_Hips-Matrix-animation-input-array" count="45"><param name="TIME" type="float"/></accessor></technique_common></source><source id="mixamorig_Hips-Matrix-animation-output-transform"><float_array id="mixamorig_Hips-Matrix-animation-output-transform-array" count="720">

0.972604 0.106440 0.206669 0.099114 -0.015444 0.916640 -0.399415 92.969612 -0.231955 0.385281 0.893172 -0.414890 0.000000 0.000000 0.000000 1.000000
0.963879 0.091896 0.249984 -0.311486 0.003449 0.934205 -0.356720 94.959930 -0.266318 0.344697 0.900144 8.341261 0.000000 0.000000 0.000000 1.000000
0.953459 0.078672 0.291079 -0.685243 0.016209 0.950593 -0.310017 96.627663 -0.301088 0.300306 0.905076 16.913740 0.000000 0.000000 0.000000 1.000000
0.943068 0.074384 0.324177 -1.020058 0.013005 0.965678 -0.259415 97.261864 -0.332347 0.248862 0.909733 25.325720 0.000000 0.000000 0.000000 1.000000
0.932455 0.103497 0.346143 -1.333215 -0.032815 0.978391 -0.204142 96.940254 -0.359792 0.178994 0.915702 34.451595 0.000000 0.000000 0.000000 1.000000
0.928291 0.126294 0.349752 -1.781439 -0.079272 0.986149 -0.145695 95.153465 -0.363308 0.107521 0.925444 43.761806 0.000000 0.000000 0.000000 1.000000
0.927146 0.138479 0.348173 -2.487687 -0.115304 0.989554 -0.086535 92.719658 -0.356519 0.040085 0.933428 52.961994 0.000000 0.000000 0.000000 1.000000
0.919527 0.098406 0.380508 -3.225194 -0.088323 0.995123 -0.043916 92.449341 -0.382974 0.006774 0.923734 60.603123 0.000000 0.000000 0.000000 1.000000
0.907757 0.037961 0.417775 -4.247424 -0.038675 0.999229 -0.006761 91.416870 -0.417710 -0.010020 0.908525 68.120895 0.000000 0.000000 0.000000 1.000000
0.880627 -0.001264 0.473809 -5.279002 -0.012097 0.999610 0.025151 90.806557 -0.473656 -0.027881 0.880268 76.417336 0.000000 0.000000 0.000000 1.000000
0.835360 -0.007622 0.549651 -6.189177 -0.022287 0.998612 0.047718 91.444557 -0.549252 -0.052112 0.834030 85.106590 0.000000 0.000000 0.000000 1.000000
0.739381 0.014684 0.673128 -7.379791 -0.050117 0.998189 0.033275 92.974297 -0.671420 -0.058338 0.738777 93.252937 0.000000 0.000000 0.000000 1.000000
0.628262 0.023621 0.777643 -8.517817 -0.062219 0.997863 0.019956 94.533920 -0.775510 -0.060922 0.628389 102.147789 0.000000 0.000000 0.000000 1.000000
0.532748 0.020990 0.846014 -9.381847 -0.065771 0.997696 0.016664 95.706444 -0.843714 -0.064521 0.532901 111.151260 0.000000 0.000000 0.000000 1.000000
0.434465 0.007762 0.900655 -10.063545 -0.051065 0.998567 0.016027 95.969193 -0.899240 -0.052955 0.434238 120.446907 0.000000 0.000000 0.000000 1.000000
0.314128 0.000653 0.949380 -10.965405 -0.033767 0.999375 0.010485 94.856201 -0.948780 -0.035351 0.313954 130.543030 0.000000 0.000000 0.000000 1.000000
0.185559 0.024531 0.982327 -12.069137 -0.069021 0.997545 -0.011873 94.339325 -0.980206 -0.065598 0.186797 139.606232 0.000000 0.000000 0.000000 1.000000
0.063681 0.046618 0.996881 -13.423315 -0.109289 0.993226 -0.039465 93.375656 -0.991968 -0.106435 0.068345 148.131729 0.000000 0.000000 0.000000 1.000000
-0.028236 0.055063 0.998084 -14.641567 -0.137859 0.988726 -0.058447 93.005081 -0.990049 -0.139245 -0.020327 155.826202 0.000000 0.000000 0.000000 1.000000
-0.093553 0.046348 0.994535 -15.203662 -0.140008 0.988377 -0.059231 93.452713 -0.985721 -0.144784 -0.085977 162.844635 0.000000 0.000000 0.000000 1.000000
-0.165011 0.035501 0.985653 -15.030387 -0.126096 0.990392 -0.056782 94.444603 -0.978198 -0.133657 -0.158949 169.377655 0.000000 0.000000 0.000000 1.000000
-0.246660 0.037135 0.968390 -14.516339 -0.110381 0.991686 -0.066144 95.527145 -0.962795 -0.123207 -0.240510 175.676605 0.000000 0.000000 0.000000 1.000000
-0.318820 0.045703 0.946713 -13.823125 -0.093646 0.992431 -0.079447 96.549667 -0.943178 -0.113985 -0.312127 181.603836 0.000000 0.000000 0.000000 1.000000
-0.374064 0.050914 0.926004 -12.884588 -0.076377 0.993409 -0.085473 97.411896 -0.924252 -0.102698 -0.367710 187.003113 0.000000 0.000000 0.000000 1.000000
-0.409330 0.054889 0.910734 -11.789821 -0.063780 0.994026 -0.088575 97.952087 -0.910155 -0.094342 -0.403383 192.138367 0.000000 0.000000 0.000000 1.000000
-0.420370 0.061507 0.905266 -10.639010 -0.061726 0.993450 -0.096162 98.256592 -0.905251 -0.096302 -0.413820 197.284302 0.000000 0.000000 0.000000 1.000000
-0.412040 0.068002 0.908625 -9.455353 -0.064430 0.992541 -0.103499 98.324387 -0.908885 -0.101188 -0.404585 202.449432 0.000000 0.000000 0.000000 1.000000
-0.400739 0.074112 0.913190 -8.442041 -0.061711 0.992276 -0.107612 98.305527 -0.914112 -0.099478 -0.393070 207.540054 0.000000 0.000000 0.000000 1.000000
-0.411554 0.077655 0.908071 -7.755940 -0.049906 0.992948 -0.107532 98.246635 -0.910018 -0.089573 -0.404776 212.519501 0.000000 0.000000 0.000000 1.000000
-0.456849 0.071564 0.886661 -7.212807 -0.035563 0.994492 -0.098591 98.396049 -0.888833 -0.076573 -0.451788 217.467651 0.000000 0.000000 0.000000 1.000000
-0.512600 0.054531 0.856894 -6.534260 -0.027640 0.996416 -0.079945 98.855293 -0.858183 -0.064664 -0.509255 222.344513 0.000000 0.000000 0.000000 1.000000
-0.552466 0.033467 0.832863 -5.760026 -0.022288 0.998243 -0.054897 99.538155 -0.833237 -0.048892 -0.550749 227.095032 0.000000 0.000000 0.000000 1.000000
-0.575669 0.013967 0.817563 -4.924999 -0.015034 0.999504 -0.027660 100.192825 -0.817544 -0.028214 -0.575174 231.795868 0.000000 0.000000 0.000000 1.000000
-0.591178 -0.001990 0.806539 -4.050313 -0.007221 0.999970 -0.002826 100.657860 -0.806509 -0.007495 -0.591174 236.557404 0.000000 0.000000 0.000000 1.000000
-0.602462 -0.015838 0.797991 -3.205306 -0.000844 0.999815 0.019207 100.795990 -0.798147 0.010898 -0.602364 241.439392 0.000000 0.000000 0.000000 1.000000
-0.610434 -0.029578 0.791515 -2.396882 0.001489 0.999258 0.038489 100.580147 -0.792066 0.024673 -0.609937 246.490433 0.000000 0.000000 0.000000 1.000000
-0.617297 -0.040063 0.785710 -1.523486 0.002186 0.998611 0.052635 99.947144 -0.786727 0.034209 -0.616352 251.906067 0.000000 0.000000 0.000000 1.000000
-0.628004 -0.053906 0.776341 -0.585832 -0.008895 0.998030 0.062104 98.818344 -0.778159 0.032096 -0.627246 257.722137 0.000000 0.000000 0.000000 1.000000
-0.643042 -0.073894 0.762258 0.092360 -0.037452 0.997177 0.065073 97.932007 -0.764915 0.013296 -0.643994 263.796387 0.000000 0.000000 0.000000 1.000000
-0.650911 -0.091057 0.753674 0.416988 -0.064567 0.995824 0.064549 97.741066 -0.756404 -0.006647 -0.654071 269.700409 0.000000 0.000000 0.000000 1.000000
-0.653493 -0.090951 0.751448 0.635969 -0.062117 0.995850 0.066513 98.208626 -0.754379 -0.003212 -0.656431 275.182129 0.000000 0.000000 0.000000 1.000000
-0.670113 -0.075964 0.738361 0.792804 -0.036657 0.996922 0.069297 99.529907 -0.741353 0.019370 -0.670836 280.464539 0.000000 0.000000 0.000000 1.000000
-0.701193 -0.056856 0.710701 0.775972 -0.006093 0.997257 0.073769 101.276505 -0.712945 0.047396 -0.699616 285.542389 0.000000 0.000000 0.000000 1.000000
-0.719014 -0.043948 0.693605 0.498233 0.017352 0.996552 0.081131 102.612892 -0.694779 0.070370 -0.715772 290.094421 0.000000 0.000000 0.000000 1.000000
-0.710549 -0.029348 0.703035 0.041960 0.042945 0.995459 0.084959 103.548553 -0.702336 0.090559 -0.706062 294.398987 0.000000 0.000000 0.000000 1.000000</float_array><technique_common><accessor source="#mixamorig_Hips-Matrix-animation-output-transform-array" count="45" stride="16"><param type="float4x4"/></accessor></technique_common></source><source id="mixamorig_Hips-Interpolations"><Name_array id="mixamorig_Hips-Interpolations-array" count="45">
 LINEAR LINEAR LINEAR LINEAR LINEAR LINEAR LINEAR LINEAR LINEAR LINEAR LINEAR
LINEAR LINEAR LINEAR LINEAR LINEAR LINEAR LINEAR LINEAR LINEAR LINEAR LINEAR LINEAR
LINEAR LINEAR LINEAR LINEAR LINEAR LINEAR LINEAR LINEAR LINEAR LINEAR LINEAR LINEAR
LINEAR LINEAR LINEAR LINEAR LINEAR LINEAR LINEAR LINEAR LINEAR LINEAR</Name_array><technique_common><accessor source="#mixamorig_Hips-Interpolations-array" count="45"><param type="name"/></accessor></technique_common></source><sampler id="mixamorig_Hips-Matrix-animation-transform"><input semantic="INPUT" source="#mixamorig_Hips-Matrix-animation-input"/><input semantic="OUTPUT" source="#mixamorig_Hips-Matrix-animation-output-transform"/><input semantic="INTERPOLATION" source="#mixamorig_Hips-Interpolations"/></sampler><channel source="#mixamorig_Hips-Matrix-animation-transform" target="mixamorig_Hips/matrix"/></animation>
    <animation id="mixamorig_Spine-anim" name="mixamorig_Spine"><source id="mixamorig_Spine-Matrix-animation-input"><float_array id="mixamorig_Spine-Matrix-animation-input-array" count="45">

0.000000 0.033333 0.066667 0.100000 0.133333 0.166667 0.200000 0.233333 0.266667 0.300000 0.333333 0.366667 0.400000 0.433333 0.466667 0.500000
0.533333 0.566667 0.600000 0.633333 0.666667 0.700000 0.733333 0.766667 0.800000 0.833333 0.866667 0.900000 0.933333 0.966667 1.000000 1.033333
1.066667 1.100000 1.133333 1.166667 1.200000 1.233333 1.266667 1.300000 1.333333 1.366667 1.400000 1.433333 1.466667</float_array><technique_common><accessor source="#mixamorig_Spine-Matrix-animation-input-array" count="45"><param name="TIME" type="float"/></accessor></technique_common></source><source id="mixamorig_Spine-Matrix-animation-output-transform"><float_array id="mixamorig_Spine-Matrix-animation-output-transform-array" count="720">

0.998513 -0.048977 0.023936 0.000000 0.050084 0.997588 -0.048069 10.997300 -0.021524 0.049196 0.998557 -0.803100 0.000000 0.000000 0.000000 1.000000
0.999657 -0.023212 0.012149 0.000000 0.023869 0.998090 -0.056975 10.997300 -0.010804 0.057246 0.998302 -0.803100 0.000000 0.000000 0.000000 1.000000
0.999965 -0.008150 -0.001791 -0.000000 0.008012 0.997745 -0.066632 10.997300 0.002330 0.066616 0.997776 -0.803100 0.000000 0.000000 0.000000 1.000000
0.999912 -0.009285 -0.009511 0.000000 0.008565 0.997285 -0.073145 10.997300 0.010165 0.073057 0.997276 -0.803100 0.000000 0.000000 0.000000 1.000000
0.998756 -0.049699 -0.003940 -0.000000 0.049312 0.996422 -0.068641 10.997300 0.007337 0.068362 0.997634 -0.803100 0.000000 0.000000 0.000000 1.000000
0.996528 -0.080545 0.021082 0.000000 0.081637 0.995005 -0.057441 10.997300 -0.016350 0.058962 0.998126 -0.803100 0.000000 0.000000 0.000000 1.000000
0.993687 -0.098563 0.053594 0.000000 0.101115 0.993755 -0.047195 10.997300 -0.048607 0.052316 0.997447 -0.803100 0.000000 0.000000 0.000000 1.000000
0.996597 -0.063341 0.052757 0.000000 0.066454 0.996014 -0.059499 10.997300 -0.048778 0.062802 0.996833 -0.803100 0.000000 0.000000 0.000000 1.000000
0.998730 -0.001348 0.050367 0.000000 0.005025 0.997322 -0.072961 10.997300 -0.050134 0.073122 0.996062 -0.803100 0.000000 0.000000 0.000000 1.000000
0.998623 0.038378 0.035757 0.000000 -0.035621 0.996561 -0.074810 10.997300 -0.038505 0.073434 0.996557 -0.803100 0.000000 0.000000 0.000000 1.000000
0.999169 0.039722 0.009133 -0.000000 -0.039015 0.996945 -0.067665 10.997300 -0.011793 0.067252 0.997666 -0.803100 0.000000 0.000000 0.000000 1.000000
0.998958 0.014644 -0.043227 0.000000 -0.016955 0.998419 -0.053589 10.997300 0.042373 0.054266 0.997627 -0.803100 0.000000 0.000000 0.000000 1.000000
0.996504 0.004414 -0.083427 0.000000 -0.008066 0.999021 -0.043490 10.997300 0.083153 0.044011 0.995564 -0.803100 0.000000 0.000000 0.000000 1.000000
0.995106 0.004729 -0.098696 0.000000 -0.008831 0.999113 -0.041166 10.997300 0.098414 0.041836 0.994266 -0.803100 0.000000 0.000000 0.000000 1.000000
0.994531 0.028347 -0.100518 0.000000 -0.031903 0.998914 -0.033943 10.997300 0.099447 0.036965 0.994356 -0.803100 0.000000 0.000000 0.000000 1.000000
0.993218 0.066052 -0.095688 0.000000 -0.068205 0.997483 -0.019404 10.997300 0.094165 0.025798 0.995222 -0.803100 0.000000 0.000000 0.000000 1.000000
0.995747 0.033310 -0.085899 0.000000 -0.034646 0.999300 -0.014101 10.997300 0.085369 0.017017 0.996204 -0.803100 0.000000 0.000000 0.000000 1.000000
0.997325 -0.001971 -0.073073 0.000000 0.000981 0.999907 -0.013589 10.997300 0.073093 0.013481 0.997234 -0.803100 0.000000 0.000000 0.000000 1.000000
0.998563 -0.024643 -0.047581 0.000000 0.023828 0.999561 -0.017621 10.997300 0.047994 0.016461 0.998712 -0.803100 0.000000 0.000000 0.000000 1.000000
0.999343 -0.030125 -0.020161 0.000000 0.029607 0.999236 -0.025523 10.997300 0.020915 0.024909 0.999471 -0.803100 0.000000 0.000000 0.000000 1.000000
0.999574 -0.028962 -0.003520 0.000000 0.028834 0.999069 -0.032097 10.997300 0.004447 0.031982 0.999479 -0.803100 0.000000 0.000000 0.000000 1.000000
0.999672 -0.021807 0.013457 0.000000 0.022172 0.999372 -0.027628 10.997300 -0.012846 0.027917 0.999528 -0.803100 0.000000 0.000000 0.000000 1.000000
0.999282 -0.008062 0.037028 0.000000 0.008662 0.999833 -0.016076 10.997300 -0.036892 0.016386 0.999185 -0.803100 0.000000 0.000000 0.000000 1.000000
0.998021 -0.000408 0.062888 -0.000000 0.000803 0.999980 -0.006253 10.997300 -0.062884 0.006291 0.998001 -0.803100 0.000000 0.000000 0.000000 1.000000
0.995270 -0.001195 0.097142 0.000000 0.001008 0.999998 0.001970 10.997300 -0.097144 -0.001862 0.995269 -0.803100 0.000000 0.000000 0.000000 1.000000
0.989987 -0.001724 0.141151 0.000000 -0.000206 0.999907 0.013655 10.997300 -0.141161 -0.013547 0.989894 -0.803100 0.000000 0.000000 0.000000 1.000000
0.983883 0.001643 0.178807 0.000000 -0.006606 0.999609 0.027165 10.997300 -0.178692 -0.027908 0.983509 -0.803100 0.000000 0.000000 0.000000 1.000000
0.980707 0.005628 0.195401 0.000000 -0.012638 0.999320 0.034643 10.997300 -0.195073 -0.036444 0.980111 -0.803100 0.000000 0.000000 0.000000 1.000000
0.982692 0.007005 0.185113 0.000000 -0.013084 0.999414 0.031642 10.997300 -0.184783 -0.033516 0.982208 -0.803100 0.000000 0.000000 0.000000 1.000000
0.988084 0.001105 0.153910 -0.000000 -0.004597 0.999740 0.022338 10.997300 -0.153845 -0.022779 0.987832 -0.803100 0.000000 0.000000 0.000000 1.000000
0.992032 -0.013475 0.125266 0.000000 0.011734 0.999824 0.014621 10.997300 -0.125441 -0.013035 0.992015 -0.803100 0.000000 0.000000 0.000000 1.000000
0.993522 -0.027152 0.110345 0.000000 0.026135 0.999602 0.010653 10.997300 -0.110591 -0.007701 0.993836 -0.803100 0.000000 0.000000 0.000000 1.000000
0.994441 -0.036101 0.098911 0.000000 0.035503 0.999339 0.007806 10.997300 -0.099128 -0.004251 0.995066 -0.803100 0.000000 0.000000 0.000000 1.000000
0.995626 -0.041985 0.083469 0.000000 0.041806 0.999118 0.003889 10.997300 -0.083559 -0.000382 0.996503 -0.803100 0.000000 0.000000 0.000000 1.000000
0.996642 -0.046237 0.067585 0.000000 0.046469 0.998918 -0.001872 10.997300 -0.067425 0.005006 0.997712 -0.803100 0.000000 0.000000 0.000000 1.000000
0.997187 -0.051595 0.054363 0.000000 0.052054 0.998619 -0.007054 10.997300 -0.053924 0.009864 0.998496 -0.803100 0.000000 0.000000 0.000000 1.000000
0.997625 -0.053886 0.042901 0.000000 0.054358 0.998472 -0.009907 10.997300 -0.042302 0.012216 0.999030 -0.803100 0.000000 0.000000 0.000000 1.000000
0.997437 -0.064127 0.031733 0.000000 0.064523 0.997849 -0.011601 10.997300 -0.030921 0.013619 0.999429 -0.803100 0.000000 0.000000 0.000000 1.000000
0.996198 -0.084253 0.022157 -0.000000 0.084584 0.996312 -0.014442 10.997300 -0.020859 0.016261 0.999650 -0.803100 0.000000 0.000000 0.000000 1.000000
0.994731 -0.101022 0.017478 0.000000 0.101349 0.994670 -0.018964 10.997300 -0.015469 0.020636 0.999667 -0.803100 0.000000 0.000000 0.000000 1.000000
0.995091 -0.098265 0.011733 0.000000 0.098531 0.994827 -0.024707 10.997300 -0.009244 0.025742 0.999626 -0.803100 0.000000 0.000000 0.000000 1.000000
0.996997 -0.076843 -0.009611 0.000000 0.076512 0.996585 -0.031038 10.997300 0.011963 0.030210 0.999472 -0.803100 0.000000 0.000000 0.000000 1.000000
0.997863 -0.048524 -0.043761 0.000000 0.047044 0.998306 -0.034245 10.997300 0.045349 0.032113 0.998455 -0.803100 0.000000 0.000000 0.000000 1.000000
0.997209 -0.032268 -0.067334 0.000000 0.030176 0.999037 -0.031845 10.997300 0.068297 0.029724 0.997222 -0.803100 0.000000 0.000000 0.000000 1.000000
0.996992 -0.017619 -0.075479 0.000000 0.015793 0.999570 -0.024721 10.997300 0.075882 0.023455 0.996841 -0.803100 0.000000 0.000000 0.000000 1.000000</float_array><technique_common><accessor source="#mixamorig_Spine-Matrix-animation-output-transform-array" count="45" stride="16"><param type="float4x4"/></accessor></technique_common></source><source id="mixamorig_Spine-Interpolations"><Name_array id="mixamorig_Spine-Interpolations-array" count="45">
 LINEAR LINEAR LINEAR LINEAR LINEAR LINEAR LINEAR LINEAR LINEAR LINEAR LINEAR
LINEAR LINEAR LINEAR LINEAR LINEAR LINEAR LINEAR LINEAR LINEAR LINEAR LINEAR LINEAR
LINEAR LINEAR LINEAR LINEAR LINEAR LINEAR LINEAR LINEAR LINEAR LINEAR LINEAR LINEAR
LINEAR LINEAR LINEAR LINEAR LINEAR LINEAR LINEAR LINEAR LINEAR LINEAR</Name_array><technique_common><accessor source="#mixamorig_Spine-Interpolations-array" count="45"><param type="name"/></accessor></technique_common></source><sampler id="mixamorig_Spine-Matrix-animation-transform"><input semantic="INPUT" source="#mixamorig_Spine-Matrix-animation-input"/><input semantic="OUTPUT" source="#mixamorig_Spine-Matrix-animation-output-transform"/><input semantic="INTERPOLATION" source="#mixamorig_Spine-Interpolations"/></sampler><channel source="#mixamorig_Spine-Matrix-animation-transform" target="mixamorig_Spine/matrix"/></animation>
    <animation id="mixamorig_Spine1-anim" name="mixamorig_Spine1"><source id="mixamorig_Spine1-Matrix-animation-input"><float_array id="mixamorig_Spine1-Matrix-animation-input-array" count="45">

0.000000 0.033333 0.066667 0.100000 0.133333 0.166667 0.200000 0.233333 0.266667 0.300000 0.333333 0.366667 0.400000 0.433333 0.466667 0.500000
0.533333 0.566667 0.600000 0.633333 0.666667 0.700000 0.733333 0.766667 0.800000 0.833333 0.866667 0.900000 0.933333 0.966667 1.000000 1.033333
1.066667 1.100000 1.133333 1.166667 1.200000 1.233333 1.266667 1.300000 1.333333 1.366667 1.400000 1.433333 1.466667</float_array><technique_common><accessor source="#mixamorig_Spine1-Matrix-animation-input-array" count="45"><param name="TIME" type="float"/></accessor></technique_common></source><source id="mixamorig_Spine1-Matrix-animation-output-transform"><float_array id="mixamorig_Spine1-Matrix-animation-output-transform-array" count="720">

0.999756 -0.020940 0.007055 0.000000 0.021386 0.997275 -0.070604 12.864400 -0.005557 0.070737 0.997479 0.000000 0.000000 0.000000 0.000000 1.000000
0.999822 -0.018473 0.003916 0.000000 0.018716 0.996969 -0.075511 12.864400 -0.002509 0.075571 0.997137 -0.000000 0.000000 0.000000 0.000000 1.000000
0.999832 -0.018113 0.002852 -0.000000 0.018284 0.996533 -0.081166 12.864400 -0.001372 0.081204 0.996697 0.000000 0.000000 0.000000 0.000000 1.000000
0.999810 -0.019255 0.003111 0.000000 0.019449 0.996256 -0.084233 12.864400 -0.001477 0.084277 0.996441 -0.000000 0.000000 0.000000 0.000000 1.000000
0.999782 -0.020549 0.003819 0.000000 0.020785 0.996707 -0.078382 12.864400 -0.002196 0.078444 0.996916 -0.000000 0.000000 0.000000 0.000000 1.000000
0.999814 -0.018827 0.004159 0.000000 0.019066 0.997520 -0.067745 12.864400 -0.002873 0.067812 0.997694 0.000000 0.000000 0.000000 0.000000 1.000000
0.999878 -0.015152 0.003666 0.000000 0.015339 0.998201 -0.057958 12.864400 -0.002781 0.058007 0.998312 0.000000 0.000000 0.000000 0.000000 1.000000
0.999883 -0.015127 0.002255 0.000000 0.015243 0.997670 -0.066503 12.864400 -0.001244 0.066530 0.997784 -0.000000 0.000000 0.000000 0.000000 1.000000
0.999909 -0.013449 -0.001377 -0.000000 0.013307 0.997083 -0.075161 12.864400 0.002384 0.075136 0.997170 0.000000 0.000000 0.000000 0.000000 1.000000
0.999902 -0.011539 -0.007907 0.000000 0.010906 0.997052 -0.075944 12.864400 0.008760 0.075851 0.997081 -0.000000 0.000000 0.000000 0.000000 1.000000
0.999772 -0.011777 -0.017785 -0.000000 0.010477 0.997385 -0.071507 12.864400 0.018581 0.071304 0.997282 0.000000 0.000000 0.000000 0.000000 1.000000
0.999142 -0.016146 -0.038136 0.000000 0.013650 0.997803 -0.064833 12.864400 0.039099 0.064257 0.997167 -0.000000 0.000000 0.000000 0.000000 1.000000
0.998632 -0.015394 -0.049978 -0.000000 0.012354 0.998087 -0.060585 12.864400 0.050815 0.059884 0.996911 0.000000 0.000000 0.000000 0.000000 1.000000
0.998584 -0.013150 -0.051553 0.000000 0.010087 0.998194 -0.059225 12.864400 0.052238 0.058621 0.996913 0.000000 0.000000 0.000000 0.000000 1.000000
0.998825 -0.006690 -0.048002 0.000000 0.004049 0.998483 -0.054907 12.864400 0.048296 0.054648 0.997337 -0.000000 0.000000 0.000000 0.000000 1.000000
0.999014 0.003438 -0.044269 0.000000 -0.005625 0.998765 -0.049367 12.864400 0.044045 0.049567 0.997799 0.000000 0.000000 0.000000 0.000000 1.000000
0.999052 -0.001642 -0.043493 0.000000 -0.000541 0.998742 -0.050134 12.864400 0.043520 0.050110 0.997795 0.000000 0.000000 0.000000 0.000000 1.000000
0.999261 -0.008839 -0.037408 0.000000 0.006912 0.998657 -0.051342 12.864400 0.037811 0.051046 0.997980 0.000000 0.000000 0.000000 0.000000 1.000000
0.999610 -0.016337 -0.022649 0.000000 0.015100 0.998438 -0.053785 12.864400 0.023492 0.053422 0.998296 -0.000000 0.000000 0.000000 0.000000 1.000000
0.999791 -0.018896 -0.007795 0.000000 0.018420 0.998197 -0.057119 12.864400 0.008860 0.056963 0.998337 0.000000 0.000000 0.000000 0.000000 1.000000
0.999877 -0.015689 -0.000194 0.000000 0.015649 0.998108 -0.059454 12.864400 0.001126 0.059444 0.998231 -0.000000 0.000000 0.000000 0.000000 1.000000
0.999918 -0.010617 0.007211 0.000000 0.011013 0.998292 -0.057377 12.864400 -0.006590 0.057452 0.998327 0.000000 0.000000 0.000000 0.000000 1.000000
0.999832 -0.006446 0.017172 0.000000 0.007338 0.998600 -0.052380 12.864400 -0.016811 0.052497 0.998480 0.000000 0.000000 0.000000 0.000000 1.000000
0.999607 -0.004063 0.027752 0.000000 0.005376 0.998861 -0.047407 12.864400 -0.027528 0.047537 0.998490 0.000000 0.000000 0.000000 0.000000 1.000000
0.999132 -0.001883 0.041619 -0.000000 0.003665 0.999078 -0.042782 12.864400 -0.041500 0.042897 0.998217 0.000000 0.000000 0.000000 0.000000 1.000000
0.998233 0.000510 0.059415 0.000000 0.001688 0.999316 -0.036937 12.864400 -0.059393 0.036972 0.997550 -0.000000 0.000000 0.000000 0.000000 1.000000
0.997157 0.001829 0.075329 0.000000 0.000500 0.999523 -0.030885 12.864400 -0.075350 0.030834 0.996680 0.000000 0.000000 0.000000 0.000000 1.000000
0.996563 0.002333 0.082805 0.000000 -0.000025 0.999612 -0.027866 12.864400 -0.082838 0.027768 0.996176 0.000000 0.000000 0.000000 0.000000 1.000000
0.996899 0.003196 0.078623 0.000000 -0.000886 0.999567 -0.029399 12.864400 -0.078683 0.029238 0.996471 0.000000 0.000000 0.000000 0.000000 1.000000
0.997834 0.002346 0.065734 0.000000 -0.000141 0.999438 -0.033528 12.864400 -0.065775 0.033446 0.997274 0.000000 0.000000 0.000000 0.000000 1.000000
0.998533 -0.002080 0.054110 0.000000 0.004083 0.999309 -0.036941 12.864400 -0.053996 0.037107 0.997851 0.000000 0.000000 0.000000 0.000000 1.000000
0.998819 -0.007910 0.047945 0.000000 0.009789 0.999188 -0.039079 12.864400 -0.047597 0.039502 0.998085 0.000000 0.000000 0.000000 0.000000 1.000000
0.998993 -0.012936 0.042970 0.000000 0.014688 0.999063 -0.040714 12.864400 -0.042403 0.041304 0.998246 0.000000 0.000000 0.000000 0.000000 1.000000
0.999195 -0.017328 0.036188 0.000000 0.018849 0.998935 -0.042124 12.864400 -0.035419 0.042772 0.998457 0.000000 0.000000 0.000000 0.000000 1.000000
0.999364 -0.021497 0.028448 0.000000 0.022737 0.998772 -0.044017 12.864400 -0.027467 0.044636 0.998626 0.000000 0.000000 0.000000 0.000000 1.000000
0.999444 -0.025631 0.021343 0.000000 0.026593 0.998584 -0.046082 12.864400 -0.020132 0.046624 0.998710 0.000000 0.000000 0.000000 0.000000 1.000000
0.999495 -0.027848 0.015273 0.000000 0.028544 0.998467 -0.047417 12.864400 -0.013930 0.047829 0.998758 -0.000000 0.000000 0.000000 0.000000 1.000000
0.999517 -0.029379 0.010107 0.000000 0.029833 0.998391 -0.048227 12.864400 -0.008673 0.048505 0.998785 -0.000000 0.000000 0.000000 0.000000 1.000000
0.999413 -0.033717 0.006019 0.000000 0.033976 0.998173 -0.049953 12.864400 -0.004324 0.050128 0.998733 0.000000 0.000000 0.000000 0.000000 1.000000
0.999271 -0.038035 0.003275 0.000000 0.038155 0.997889 -0.052560 12.864400 -0.001269 0.052647 0.998612 0.000000 0.000000 0.000000 0.000000 1.000000
0.999394 -0.034814 0.000492 -0.000000 0.034789 0.997906 -0.054519 12.864400 0.001407 0.054503 0.998513 -0.000000 0.000000 0.000000 0.000000 1.000000
0.999628 -0.026398 -0.006783 0.000000 0.025976 0.998077 -0.056274 12.864400 0.008256 0.056077 0.998392 0.000000 0.000000 0.000000 0.000000 1.000000
0.999648 -0.018889 -0.018652 0.000000 0.017789 0.998188 -0.057487 12.864400 0.019704 0.057135 0.998172 0.000000 0.000000 0.000000 0.000000 1.000000
0.999522 -0.014075 -0.027529 0.000000 0.012503 0.998326 -0.056476 12.864400 0.028277 0.056105 0.998024 0.000000 0.000000 0.000000 0.000000 1.000000
0.999497 -0.010143 -0.030045 0.000000 0.008529 0.998538 -0.053373 12.864400 0.030542 0.053090 0.998123 -0.000000 0.000000 0.000000 0.000000 1.000000</float_array><technique_common><accessor source="#mixamorig_Spine1-Matrix-animation-output-transform-array" count="45" stride="16"><param type="float4x4"/></accessor></technique_common></source><source id="mixamorig_Spine1-Interpolations"><Name_array id="mixamorig_Spine1-Interpolations-array" count="45">
 LINEAR LINEAR LINEAR LINEAR LINEAR LINEAR LINEAR LINEAR LINEAR LINEAR LINEAR
LINEAR LINEAR LINEAR LINEAR LINEAR LINEAR LINEAR LINEAR LINEAR LINEAR LINEAR LINEAR
LINEAR LINEAR LINEAR LINEAR LINEAR LINEAR LINEAR LINEAR LINEAR LINEAR LINEAR LINEAR
LINEAR LINEAR LINEAR LINEAR LINEAR LINEAR LINEAR LINEAR LINEAR LINEAR</Name_array><technique_common><accessor source="#mixamorig_Spine1-Interpolations-array" count="45"><param type="name"/></accessor></technique_common></source><sampler id="mixamorig_Spine1-Matrix-animation-transform"><input semantic="INPUT" source="#mixamorig_Spine1-Matrix-animation-input"/><input semantic="OUTPUT" source="#mixamorig_Spine1-Matrix-animation-output-transform"/><input semantic="INTERPOLATION" source="#mixamorig_Spine1-Interpolations"/></sampler><channel source="#mixamorig_Spine1-Matrix-animation-transform" target="mixamorig_Spine1/matrix"/></animation>
    <animation id="mixamorig_Spine2-anim" name="mixamorig_Spine2"><source id="mixamorig_Spine2-Matrix-animation-input"><float_array id="mixamorig_Spine2-Matrix-animation-input-array" count="45">

0.000000 0.033333 0.066667 0.100000 0.133333 0.166667 0.200000 0.233333 0.266667 0.300000 0.333333 0.366667 0.400000 0.433333 0.466667 0.500000
0.533333 0.566667 0.600000 0.633333 0.666667 0.700000 0.733333 0.766667 0.800000 0.833333 0.866667 0.900000 0.933333 0.966667 1.000000 1.033333
1.066667 1.100000 1.133333 1.166667 1.200000 1.233333 1.266667 1.300000 1.333333 1.366667 1.400000 1.433333 1.466667</float_array><technique_common><accessor source="#mixamorig_Spine2-Matrix-animation-input-array" count="45"><param name="TIME" type="float"/></accessor></technique_common></source><source id="mixamorig_Spine2-Matrix-animation-output-transform"><float_array id="mixamorig_Spine2-Matrix-animation-output-transform-array" count="720">

0.999746 -0.021587 0.006520 0.000000 0.021994 0.997269 -0.070499 14.702200 -0.004980 0.070624 0.997491 0.000000 0.000000 0.000000 0.000000 1.000000
0.999813 -0.019104 0.003103 0.000000 0.019284 0.996961 -0.075477 14.702200 -0.001651 0.075523 0.997143 0.000000 0.000000 0.000000 0.000000 1.000000
0.999822 -0.018743 0.001967 0.000000 0.018841 0.996524 -0.081147 14.702200 -0.000439 0.081169 0.996700 0.000000 0.000000 0.000000 0.000000 1.000000
0.999799 -0.019895 0.002368 0.000000 0.020024 0.996248 -0.084202 14.702200 -0.000684 0.084232 0.996446 0.000000 0.000000 0.000000 0.000000 1.000000
0.999770 -0.021184 0.003419 0.000000 0.021387 0.996699 -0.078322 14.702200 -0.001749 0.078378 0.996922 0.000000 0.000000 0.000000 0.000000 1.000000
0.999803 -0.019451 0.003964 0.000000 0.019675 0.997514 -0.067667 14.702200 -0.002638 0.067731 0.997700 0.000000 0.000000 0.000000 0.000000 1.000000
0.999870 -0.015768 0.003496 0.000000 0.015944 0.998196 -0.057888 14.702200 -0.002577 0.057936 0.998317 -0.000000 0.000000 0.000000 0.000000 1.000000
0.999874 -0.015763 0.002019 0.000000 0.015863 0.997662 -0.066468 14.702200 -0.000966 0.066492 0.997786 0.000000 0.000000 0.000000 0.000000 1.000000
0.999900 -0.014041 -0.001833 -0.000000 0.013863 0.997072 -0.075199 14.702200 0.002884 0.075166 0.997167 0.000000 0.000000 0.000000 0.000000 1.000000
0.999892 -0.011989 -0.008550 -0.000000 0.011304 0.997039 -0.076058 14.702200 0.009436 0.075953 0.997067 0.000000 0.000000 0.000000 0.000000 1.000000
0.999757 -0.012036 -0.018464 0.000000 0.010684 0.997371 -0.071671 14.702200 0.019278 0.071456 0.997257 -0.000000 0.000000 0.000000 0.000000 1.000000
0.999122 -0.015916 -0.038749 0.000000 0.013369 0.997787 -0.065132 14.702200 0.039700 0.064557 0.997124 0.000000 0.000000 0.000000 0.000000 1.000000
0.998612 -0.014588 -0.050604 0.000000 0.011480 0.998061 -0.061177 14.702200 0.051398 0.060511 0.996843 -0.000000 0.000000 0.000000 0.000000 1.000000
0.998562 -0.011978 -0.052253 0.000000 0.008835 0.998161 -0.059973 14.702200 0.052875 0.059425 0.996831 0.000000 0.000000 0.000000 0.000000 1.000000
0.998786 -0.005439 -0.048951 0.000000 0.002711 0.998448 -0.055623 14.702200 0.049178 0.055423 0.997251 -0.000000 0.000000 0.000000 0.000000 1.000000
0.998952 0.004594 -0.045541 0.000000 -0.006865 0.998734 -0.049831 14.702200 0.045255 0.050092 0.997719 0.000000 0.000000 0.000000 0.000000 1.000000
0.999017 -0.000633 -0.044322 0.000000 -0.001614 0.998715 -0.050646 14.702200 0.044298 0.050667 0.997733 0.000000 0.000000 0.000000 0.000000 1.000000
0.999250 -0.007976 -0.037893 0.000000 0.006002 0.998634 -0.051906 14.702200 0.038255 0.051640 0.997933 0.000000 0.000000 0.000000 0.000000 1.000000
0.999613 -0.015685 -0.022981 0.000000 0.014418 0.998421 -0.054297 14.702200 0.023796 0.053945 0.998260 0.000000 0.000000 0.000000 0.000000 1.000000
0.999796 -0.018494 -0.008121 0.000000 0.017997 0.998183 -0.057510 14.702200 0.009170 0.057352 0.998312 0.000000 0.000000 0.000000 0.000000 1.000000
0.999879 -0.015574 -0.000419 0.000000 0.015522 0.998094 -0.059723 14.702200 0.001348 0.059709 0.998215 0.000000 0.000000 0.000000 0.000000 1.000000
0.999916 -0.010782 0.007243 0.000000 0.011181 0.998283 -0.057503 14.702200 -0.006611 0.057579 0.998319 0.000000 0.000000 0.000000 0.000000 1.000000
0.999823 -0.006897 0.017515 0.000000 0.007804 0.998602 -0.052279 14.702200 -0.017130 0.052406 0.998479 0.000000 0.000000 0.000000 0.000000 1.000000
0.999589 -0.004735 0.028260 0.000000 0.006062 0.998873 -0.047075 14.702200 -0.028005 0.047227 0.998492 0.000000 0.000000 0.000000 0.000000 1.000000
0.999108 -0.002766 0.042130 0.000000 0.004548 0.999096 -0.042276 14.702200 -0.041975 0.042429 0.998217 0.000000 0.000000 0.000000 0.000000 1.000000
0.998205 -0.000640 0.059888 0.000000 0.002815 0.999339 -0.036247 14.702200 -0.059825 0.036351 0.997547 0.000000 0.000000 0.000000 0.000000 1.000000
0.997126 0.000393 0.075766 0.000000 0.001887 0.999548 -0.030017 14.702200 -0.075744 0.030074 0.996674 -0.000000 0.000000 0.000000 0.000000 1.000000
0.996529 0.000667 0.083246 -0.000000 0.001577 0.999637 -0.026888 14.702200 -0.083233 0.026926 0.996166 0.000000 0.000000 0.000000 0.000000 1.000000
0.996863 0.001530 0.079133 0.000000 0.000723 0.999596 -0.028427 14.702200 -0.079145 0.028395 0.996459 0.000000 0.000000 0.000000 0.000000 1.000000
0.997798 0.000891 0.066318 0.000000 0.001279 0.999465 -0.032666 14.702200 -0.066312 0.032679 0.997264 0.000000 0.000000 0.000000 0.000000 1.000000
0.998498 -0.003339 0.054692 -0.000000 0.005323 0.999331 -0.036179 14.702200 -0.054535 0.036416 0.997848 -0.000000 0.000000 0.000000 0.000000 1.000000
0.998783 -0.009128 0.048477 0.000000 0.010993 0.999204 -0.038340 14.702200 -0.048088 0.038827 0.998088 0.000000 0.000000 0.000000 0.000000 1.000000
0.998955 -0.014116 0.043473 0.000000 0.015857 0.999075 -0.039980 14.702200 -0.042869 0.040627 0.998254 0.000000 0.000000 0.000000 0.000000 1.000000
0.999159 -0.018330 0.036685 0.000000 0.019848 0.998943 -0.041451 14.702200 -0.035887 0.042144 0.998467 0.000000 0.000000 0.000000 0.000000 1.000000
0.999334 -0.022302 0.028890 0.000000 0.023546 0.998778 -0.043457 14.702200 -0.027885 0.044108 0.998638 0.000000 0.000000 0.000000 0.000000 1.000000
0.999420 -0.026308 0.021643 0.000000 0.027275 0.998586 -0.045637 14.702200 -0.020411 0.046201 0.998724 0.000000 0.000000 0.000000 0.000000 1.000000
0.999478 -0.028413 0.015398 0.000000 0.029110 0.998467 -0.047087 14.702200 -0.014036 0.047511 0.998772 0.000000 0.000000 0.000000 0.000000 1.000000
0.999503 -0.029821 0.010241 0.000000 0.030280 0.998390 -0.047968 14.702200 -0.008794 0.048255 0.998796 0.000000 0.000000 0.000000 0.000000 1.000000
0.999399 -0.034090 0.006310 0.000000 0.034362 0.998173 -0.049702 14.702200 -0.004604 0.049889 0.998744 0.000000 0.000000 0.000000 0.000000 1.000000
0.999256 -0.038398 0.003709 0.000000 0.038540 0.997888 -0.052293 14.702200 -0.001693 0.052397 0.998625 -0.000000 0.000000 0.000000 0.000000 1.000000
0.999384 -0.035087 0.001026 -0.000000 0.035091 0.997906 -0.054339 14.702200 0.000883 0.054341 0.998522 0.000000 0.000000 0.000000 0.000000 1.000000
0.999631 -0.026419 -0.006278 0.000000 0.026024 0.998075 -0.056290 14.702200 0.007753 0.056106 0.998395 0.000000 0.000000 0.000000 0.000000 1.000000
0.999660 -0.018585 -0.018309 -0.000000 0.017502 0.998183 -0.057653 14.702200 0.019347 0.057313 0.998169 -0.000000 0.000000 0.000000 0.000000 1.000000
0.999535 -0.013521 -0.027326 0.000000 0.011955 0.998321 -0.056683 14.702200 0.028046 0.056330 0.998018 0.000000 0.000000 0.000000 0.000000 1.000000
0.999505 -0.009447 -0.030002 0.000000 0.007831 0.998535 -0.053533 14.702200 0.030463 0.053271 0.998115 0.000000 0.000000 0.000000 0.000000 1.000000</float_array><technique_common><accessor source="#mixamorig_Spine2-Matrix-animation-output-transform-array" count="45" stride="16"><param type="float4x4"/></accessor></technique_common></source><source id="mixamorig_Spine2-Interpolations"><Name_array id="mixamorig_Spine2-Interpolations-array" count="45">
 LINEAR LINEAR LINEAR LINEAR LINEAR LINEAR LINEAR LINEAR LINEAR LINEAR LINEAR
LINEAR LINEAR LINEAR LINEAR LINEAR LINEAR LINEAR LINEAR LINEAR LINEAR LINEAR LINEAR
LINEAR LINEAR LINEAR LINEAR LINEAR LINEAR LINEAR LINEAR LINEAR LINEAR LINEAR LINEAR
LINEAR LINEAR LINEAR LINEAR LINEAR LINEAR LINEAR LINEAR LINEAR LINEAR</Name_array><technique_common><accessor source="#mixamorig_Spine2-Interpolations-array" count="45"><param type="name"/></accessor></technique_common></source><sampler id="mixamorig_Spine2-Matrix-animation-transform"><input semantic="INPUT" source="#mixamorig_Spine2-Matrix-animation-input"/><input semantic="OUTPUT" source="#mixamorig_Spine2-Matrix-animation-output-transform"/><input semantic="INTERPOLATION" source="#mixamorig_Spine2-Interpolations"/></sampler><channel source="#mixamorig_Spine2-Matrix-animation-transform" target="mixamorig_Spine2/matrix"/></animation>
    <animation id="mixamorig_Neck-anim" name="mixamorig_Neck"><source id="mixamorig_Neck-Matrix-animation-input"><float_array id="mixamorig_Neck-Matrix-animation-input-array" count="45">

0.000000 0.033333 0.066667 0.100000 0.133333 0.166667 0.200000 0.233333 0.266667 0.300000 0.333333 0.366667 0.400000 0.433333 0.466667 0.500000
0.533333 0.566667 0.600000 0.633333 0.666667 0.700000 0.733333 0.766667 0.800000 0.833333 0.866667 0.900000 0.933333 0.966667 1.000000 1.033333
1.066667 1.100000 1.133333 1.166667 1.200000 1.233333 1.266667 1.300000 1.333333 1.366667 1.400000 1.433333 1.466667</float_array><technique_common><accessor source="#mixamorig_Neck-Matrix-animation-input-array" count="45"><param name="TIME" type="float"/></accessor></technique_common></source><source id="mixamorig_Neck-Matrix-animation-output-transform"><float_array id="mixamorig_Neck-Matrix-animation-output-transform-array" count="720">

0.998884 -0.012228 -0.045630 0.000000 0.013654 0.999424 0.031075 16.539900 0.045224 -0.031663 0.998475 0.000000 0.000000 0.000000 0.000000 1.000000
0.998554 -0.012525 -0.052278 0.000000 0.013163 0.999843 0.011878 16.539900 0.052121 -0.012549 0.998562 0.000000 0.000000 0.000000 0.000000 1.000000
0.998502 -0.009696 -0.053844 -0.000000 0.009411 0.999940 -0.005542 16.539900 0.053894 0.005027 0.998534 0.000000 0.000000 0.000000 0.000000 1.000000
0.999040 0.001058 -0.043794 0.000000 -0.001907 0.999811 -0.019342 16.539900 0.043765 0.019407 0.998853 0.000000 0.000000 0.000000 0.000000 1.000000
0.999798 0.004569 -0.019561 -0.000000 -0.005374 0.999132 -0.041314 16.539900 0.019355 0.041411 0.998955 0.000000 0.000000 0.000000 0.000000 1.000000
0.999801 0.000593 0.019938 0.000000 0.000775 0.997647 -0.068549 16.539900 -0.019932 0.068551 0.997448 0.000000 0.000000 0.000000 0.000000 1.000000
0.997337 0.007928 0.072503 0.000000 -0.001513 0.996110 -0.088101 16.539900 -0.072920 0.087756 0.993469 0.000000 0.000000 0.000000 0.000000 1.000000
0.991608 0.025299 0.126780 -0.000000 -0.013185 0.995342 -0.095497 16.539900 -0.128606 0.093024 0.987323 0.000000 0.000000 0.000000 0.000000 1.000000
0.985735 0.042996 0.162720 0.000000 -0.027350 0.994889 -0.097200 16.539900 -0.166067 0.091363 0.981873 0.000000 0.000000 0.000000 0.000000 1.000000
0.982827 0.052081 0.177029 0.000000 -0.034347 0.994211 -0.101807 16.539900 -0.181306 0.093978 0.978926 0.000000 0.000000 0.000000 0.000000 1.000000
0.981368 0.056166 0.183745 0.000000 -0.036966 0.993647 -0.106300 16.539900 -0.188548 0.097527 0.977209 -0.000000 0.000000 0.000000 0.000000 1.000000
0.979833 0.063678 0.189401 0.000000 -0.044458 0.993578 -0.104049 16.539900 -0.194810 0.093530 0.976371 -0.000000 0.000000 0.000000 0.000000 1.000000
0.979195 0.063654 0.192680 -0.000000 -0.044514 0.993779 -0.102086 16.539900 -0.197979 0.091385 0.975937 0.000000 0.000000 0.000000 0.000000 1.000000
0.979605 0.056153 0.192927 0.000000 -0.036393 0.993861 -0.104479 16.539900 -0.197609 0.095327 0.975635 0.000000 0.000000 0.000000 0.000000 1.000000
0.980780 0.047756 0.189182 0.000000 -0.026350 0.993121 -0.114089 16.539900 -0.193329 0.106911 0.975292 0.000000 0.000000 0.000000 0.000000 1.000000
0.982917 0.028417 0.181845 0.000000 -0.005136 0.991859 -0.127235 16.539900 -0.183980 0.124127 0.975061 0.000000 0.000000 0.000000 0.000000 1.000000
0.984507 0.017975 0.174423 0.000000 0.005247 0.991266 -0.131772 16.539900 -0.175269 0.130645 0.975814 0.000000 0.000000 0.000000 0.000000 1.000000
0.985330 0.013001 0.170164 0.000000 0.008276 0.992281 -0.123737 16.539900 -0.170459 0.123330 0.977616 0.000000 0.000000 0.000000 0.000000 1.000000
0.985874 0.009635 0.167214 0.000000 0.010068 0.993129 -0.116588 16.539900 -0.167189 0.116624 0.979003 0.000000 0.000000 0.000000 0.000000 1.000000
0.986165 0.010715 0.165423 0.000000 0.008939 0.993019 -0.117611 16.539900 -0.165528 0.117463 0.979185 0.000000 0.000000 0.000000 0.000000 1.000000
0.986324 0.013237 0.164283 0.000000 0.006420 0.992928 -0.118545 16.539900 -0.164691 0.117978 0.979264 0.000000 0.000000 0.000000 0.000000 1.000000
