<?xml version="1.0" encoding="utf-8"?>
<COLLADA xmlns="http://www.collada.org/2005/11/COLLADASchema" version="1.4.1">
  <asset><contributor><author>Mixamo</author><authoring_tool>COLLADA Mixamo exporter</authoring_tool><comments></comments></contributor><created>2020-05-19T14:41:05Z</created><modified>2020-05-19T14:41:05Z</modified><revision></revision><title></title><unit meter="0.010000"/><up_axis>Y_UP</up_axis></asset>
  <library_animations>
    <animation id="mixamorig_Hips-anim" name="mixamorig_Hips"><source id="mixamorig_Hips-Matrix-animation-input"><float_array id="mixamorig_Hips-Matrix-animation-input-array" count="20">

0.000000 0.033333 0.066667 0.100000 0.133333 0.166667 0.200000 0.233333 0.266667 0.300000 0.333333 0.366667 0.400000 0.433333 0.466667 0.500000
0.533333 0.566667 0.600000 0.633333</float_array><technique_common><accessor source="#mixamorig_Hips-Matrix-animation-input-array" count="20"><param name="TIME" type="float"/></accessor></technique_common></source><source id="mixamorig_Hips-Matrix-animation-output-transform"><float_array id="mixamorig_Hips-Matrix-animation-output-transform-array" count="320">

0.993033 0.049942 -0.106731 0.513983 -0.064129 0.988914 -0.133927 95.749825 0.098860 0.139838 0.985227 -0.341670 0.000000 0.000000 0.000000 1.000000
0.995982 0.023901 -0.086302 0.247962 -0.036141 0.989037 -0.143179 97.223030 0.081933 0.145723 0.985927 21.159279 0.000000 0.000000 0.000000 1.000000
0.997770 0.008340 -0.066225 -0.117006 -0.019586 0.985070 -0.171037 99.241714 0.063810 0.171953 0.983036 41.298553 0.000000 0.000000 0.000000 1.000000
0.998308 0.019021 -0.054957 -0.418392 -0.028545 0.983599 -0.178094 100.317627 0.050669 0.179361 0.982478 61.193737 0.000000 0.000000 0.000000 1.000000
0.999681 0.018119 -0.017588 -0.657938 -0.020511 0.988915 -0.147058 99.863853 0.014729 0.147372 0.988972 80.299973 0.000000 0.000000 0.000000 1.000000
0.998393 -0.004044 0.056524 -0.660433 0.010573 0.993228 -0.115697 97.800148 -0.055674 0.116109 0.991675 99.620537 0.000000 0.000000 0.000000 1.000000
0.991415 -0.040142 0.124440 -0.626208 0.054553 0.991907 -0.114649 95.916885 -0.118831 0.120453 0.985581 119.320732 0.000000 0.000000 0.000000 1.000000
0.984564 -0.085904 0.152493 -0.112658 0.107700 0.984140 -0.140958 94.782288 -0.137966 0.155205 0.978201 136.441971 0.000000 0.000000 0.000000 1.000000
0.981785 -0.105172 0.158230 -0.083004 0.132612 0.975724 -0.174287 93.757835 -0.136059 0.192096 0.971899 155.320282 0.000000 0.000000 0.000000 1.000000
0.985671 -0.067696 0.154502 0.087087 0.097964 0.975373 -0.197611 94.215729 -0.137320 0.209915 0.968028 177.489395 0.000000 0.000000 0.000000 1.000000
0.987663 -0.029965 0.153700 0.553086 0.061894 0.976299 -0.207387 95.160980 -0.143843 0.214341 0.966109 201.379395 0.000000 0.000000 0.000000 1.000000
0.988079 -0.013628 0.153341 1.014726 0.046464 0.976022 -0.212656 97.673103 -0.146766 0.217246 0.965020 222.706955 0.000000 0.000000 0.000000 1.000000
0.989248 -0.016654 0.145298 0.995061 0.047743 0.975840 -0.213206 99.627151 -0.138237 0.217850 0.966143 243.153534 0.000000 0.000000 0.000000 1.000000
0.990191 -0.017279 0.138647 1.049747 0.044827 0.979153 -0.198115 100.899673 -0.132333 0.202387 0.970323 262.293213 0.000000 0.000000 0.000000 1.000000
0.992215 -0.020003 0.122920 1.085629 0.041132 0.984264 -0.171848 100.304398 -0.117548 0.175566 0.977425 282.301392 0.000000 0.000000 0.000000 1.000000
0.996728 -0.025486 0.076700 1.236848 0.037381 0.986750 -0.157885 98.611938 -0.071660 0.160235 0.984474 301.317474 0.000000 0.000000 0.000000 1.000000
0.999925 -0.008854 -0.008434 1.166606 0.007351 0.986430 -0.164020 97.015572 0.009772 0.163945 0.986421 321.131378 0.000000 0.000000 0.000000 1.000000
0.996040 0.025770 -0.085084 0.822676 -0.039213 0.986285 -0.160327 96.144905 0.079786 0.163029 0.983390 340.593597 0.000000 0.000000 0.000000 1.000000
0.992203 0.054162 -0.112245 0.698700 -0.070037 0.987285 -0.142702 95.555214 0.103089 0.149451 0.983380 359.344391 0.000000 0.000000 0.000000 1.000000
0.993033 0.049942 -0.106731 0.513983 -0.064129 0.988914 -0.133927 95.749840 0.098860 0.139838 0.985227 381.142822 0.000000 0.000000 0.000000 1.000000</float_array><technique_common><accessor source="#mixamorig_Hips-Matrix-animation-output-transform-array" count="20" stride="16"><param type="float4x4"/></accessor></technique_common></source><source id="mixamorig_Hips-Interpolations"><Name_array id="mixamorig_Hips-Interpolations-array" count="20">
 LINEAR LINEAR LINEAR LINEAR LINEAR LINEAR LINEAR LINEAR LINEAR LINEAR LINEAR
LINEAR LINEAR LINEAR LINEAR LINEAR LINEAR LINEAR LINEAR LINEAR</Name_array><technique_common><accessor source="#mixamorig_Hips-Interpolations-array" count="20"><param type="name"/></accessor></technique_common></source><sampler id="mixamorig_Hips-Matrix-animation-transform"><input semantic="INPUT" source="#mixamorig_Hips-Matrix-animation-input"/><input semantic="OUTPUT" source="#mixamorig_Hips-Matrix-animation-output-transform"/><input semantic="INTERPOLATION" source="#mixamorig_Hips-Interpolations"/></sampler><channel source="#mixamorig_Hips-Matrix-animation-transform" target="mixamorig_Hips/matrix"/></animation>
    <animation id="mixamorig_Spine-anim" name="mixamorig_Spine"><source id="mixamorig_Spine-Matrix-animation-input"><float_array id="mixamorig_Spine-Matrix-animation-input-array" count="20">

0.000000 0.033333 0.066667 0.100000 0.133333 0.166667 0.200000 0.233333 0.266667 0.300000 0.333333 0.366667 0.400000 0.433333 0.466667 0.500000
0.533333 0.566667 0.600000 0.633333</float_array><technique_common><accessor source="#mixamorig_Spine-Matrix-animation-input-array" count="20"><param name="TIME" type="float"/></accessor></technique_common></source><source id="mixamorig_Spine-Matrix-animation-output-transform"><float_array id="mixamorig_Spine-Matrix-animation-output-transform-array" count="320">

0.968405 -0.028405 0.247760 0.000000 0.067821 0.986044 -0.152041 10.997300 -0.239983 0.164041 0.956817 -0.803100 0.000000 0.000000 0.000000 1.000000
0.962062 -0.001097 0.272828 0.000000 0.023486 0.996613 -0.078813 10.997300 -0.271818 0.082231 0.958829 -0.803100 0.000000 0.000000 0.000000 1.000000
0.958341 0.002630 0.285615 0.000000 -0.002347 0.999996 -0.001331 10.997300 -0.285618 0.000605 0.958343 -0.803100 0.000000 0.000000 0.000000 1.000000
0.957557 -0.021233 0.287461 -0.000000 0.014610 0.999577 0.025166 10.997300 -0.287874 -0.019899 0.957462 -0.803100 0.000000 0.000000 0.000000 1.000000
0.970147 -0.004570 0.242475 0.000000 0.012299 0.999463 -0.030371 10.997300 -0.242206 0.032446 0.969682 -0.803100 0.000000 0.000000 0.000000 1.000000
0.988255 0.052558 0.143489 -0.000000 -0.036639 0.993099 -0.111411 10.997300 -0.148354 0.104845 0.983361 -0.803100 0.000000 0.000000 0.000000 1.000000
0.993585 0.110287 0.025012 0.000000 -0.104581 0.980249 -0.167856 10.997300 -0.043030 0.164163 0.985494 -0.803100 0.000000 0.000000 0.000000 1.000000
0.985252 0.154337 -0.073882 -0.000000 -0.165452 0.969404 -0.181334 10.997300 0.043635 0.190884 0.980642 -0.803100 0.000000 0.000000 0.000000 1.000000
0.972245 0.175044 -0.155241 -0.000000 -0.195672 0.972102 -0.129348 10.997300 0.128269 0.156135 0.979372 -0.803100 0.000000 0.000000 0.000000 1.000000
0.963078 0.148858 -0.224324 -0.000000 -0.158301 0.987084 -0.024613 10.997300 0.217763 0.059215 0.974204 -0.803100 0.000000 0.000000 0.000000 1.000000
0.953490 0.110536 -0.280426 0.000000 -0.092727 0.992784 0.076040 10.997300 0.286808 -0.046501 0.956859 -0.803100 0.000000 0.000000 0.000000 1.000000
0.948150 0.083796 -0.306577 0.000000 -0.046602 0.990846 0.126702 10.997300 0.314388 -0.105845 0.943375 -0.803100 0.000000 0.000000 0.000000 1.000000
0.950255 0.081710 -0.300564 0.000000 -0.043517 0.990341 0.131649 10.997300 0.308418 -0.112020 0.944632 -0.803100 0.000000 0.000000 0.000000 1.000000
0.957152 0.077769 -0.278948 0.000000 -0.051202 0.993537 0.101302 10.997300 0.285023 -0.082679 0.954948 -0.803100 0.000000 0.000000 0.000000 1.000000
0.971259 0.060021 -0.230334 -0.000000 -0.052818 0.997907 0.037318 10.997300 0.232091 -0.024080 0.972396 -0.803100 0.000000 0.000000 0.000000 1.000000
0.989939 0.030767 -0.138109 -0.000000 -0.038430 0.997846 -0.053161 10.997300 0.136176 0.057934 0.988989 -0.803100 0.000000 0.000000 0.000000 1.000000
0.999942 -0.007377 -0.007897 0.000000 0.006198 0.990111 -0.140149 10.997300 0.008853 0.140092 0.990099 -0.803100 0.000000 0.000000 0.000000 1.000000
0.992990 -0.037997 0.111926 0.000000 0.058726 0.980375 -0.188194 10.997300 -0.102579 0.193448 0.975733 -0.803100 0.000000 0.000000 0.000000 1.000000
0.979345 -0.048296 0.196344 0.000000 0.086263 0.978047 -0.189692 10.997300 -0.182873 0.202712 0.962011 -0.803100 0.000000 0.000000 0.000000 1.000000
0.968405 -0.028405 0.247760 0.000000 0.067821 0.986044 -0.152041 10.997300 -0.239983 0.164041 0.956817 -0.803100 0.000000 0.000000 0.000000 1.000000</float_array><technique_common><accessor source="#mixamorig_Spine-Matrix-animation-output-transform-array" count="20" stride="16"><param type="float4x4"/></accessor></technique_common></source><source id="mixamorig_Spine-Interpolations"><Name_array id="mixamorig_Spine-Interpolations-array" count="20">
 LINEAR LINEAR LINEAR LINEAR LINEAR LINEAR LINEAR LINEAR LINEAR LINEAR LINEAR
LINEAR LINEAR LINEAR LINEAR LINEAR LINEAR LINEAR LINEAR LINEAR</Name_array><technique_common><accessor source="#mixamorig_Spine-Interpolations-array" count="20"><param type="name"/></accessor></technique_common></source><sampler id="mixamorig_Spine-Matrix-animation-transform"><input semantic="INPUT" source="#mixamorig_Spine-Matrix-animation-input"/><input semantic="OUTPUT" source="#mixamorig_Spine-Matrix-animation-output-transform"/><input semantic="INTERPOLATION" source="#mixamorig_Spine-Interpolations"/></sampler><channel source="#mixamorig_Spine-Matrix-animation-transform" target="mixamorig_Spine/matrix"/></animation>
    <animation id="mixamorig_Spine1-anim" name="mixamorig_Spine1"><source id="mixamorig_Spine1-Matrix-animation-input"><float_array id="mixamorig_Spine1-Matrix-animation-input-array" count="20">

0.000000 0.033333 0.066667 0.100000 0.133333 0.166667 0.200000 0.233333 0.266667 0.300000 0.333333 0.366667 0.400000 0.433333 0.466667 0.500000
0.533333 0.566667 0.600000 0.633333</float_array><technique_common><accessor source="#mixamorig_Spine1-Matrix-animation-input-array" count="20"><param name="TIME" type="float"/></accessor></technique_common></source><source id="mixamorig_Spine1-Matrix-animation-output-transform"><float_array id="mixamorig_Spine1-Matrix-animation-output-transform-array" count="320">

0.999243 -0.025695 0.029217 0.000000 0.023919 0.997937 0.059580 12.864400 -0.030688 -0.058836 0.997796 0.000000 0.000000 0.000000 0.000000 1.000000
0.999175 -0.023418 0.033193 -0.000000 0.022238 0.999123 0.035491 12.864400 -0.033995 -0.034724 0.998819 0.000000 0.000000 0.000000 0.000000 1.000000
0.999249 -0.012488 0.036688 0.000000 0.012145 0.999881 0.009565 12.864400 -0.036803 -0.009112 0.999281 0.000000 0.000000 0.000000 0.000000 1.000000
0.999255 0.000306 0.038597 0.000000 -0.000264 0.999999 -0.001097 12.864400 -0.038597 0.001086 0.999254 -0.000000 0.000000 0.000000 0.000000 1.000000
0.999478 -0.003241 0.032130 0.000000 0.003129 0.999989 0.003546 12.864400 -0.032141 -0.003444 0.999477 0.000000 0.000000 0.000000 0.000000 1.000000
0.999529 -0.026310 0.015802 0.000000 0.025975 0.999441 0.021051 12.864400 -0.016347 -0.020631 0.999654 0.000000 0.000000 0.000000 0.000000 1.000000
0.998625 -0.052360 -0.002685 0.000000 0.052429 0.997410 0.049246 12.864400 0.000100 -0.049319 0.998783 0.000000 0.000000 0.000000 0.000000 1.000000
0.997510 -0.068505 -0.016738 0.000000 0.069395 0.995771 0.060198 12.864400 0.012543 -0.061210 0.998046 0.000000 0.000000 0.000000 0.000000 1.000000
0.996741 -0.075792 -0.027616 0.000000 0.076633 0.996585 0.030769 12.864400 0.025190 -0.032785 0.999145 -0.000000 0.000000 0.000000 0.000000 1.000000
0.996902 -0.069516 -0.036786 -0.000000 0.069183 0.997551 -0.010235 12.864400 0.037407 0.007658 0.999271 -0.000000 0.000000 0.000000 0.000000 1.000000
0.997688 -0.052694 -0.042929 -0.000000 0.051255 0.998108 -0.033952 12.864400 0.044637 0.031673 0.998501 -0.000000 0.000000 0.000000 0.000000 1.000000
0.998006 -0.044621 -0.044641 0.000000 0.042646 0.998109 -0.044263 12.864400 0.046532 0.042271 0.998022 0.000000 0.000000 0.000000 0.000000 1.000000
0.997777 -0.050820 -0.043110 0.000000 0.048751 0.997669 -0.047744 12.864400 0.045436 0.045537 0.997929 0.000000 0.000000 0.000000 0.000000 1.000000
0.997266 -0.061472 -0.040998 0.000000 0.059708 0.997292 -0.042932 12.864400 0.043527 0.040367 0.998236 0.000000 0.000000 0.000000 0.000000 1.000000
0.997285 -0.064276 -0.035930 -0.000000 0.063342 0.997638 -0.026565 12.864400 0.037552 0.024217 0.999001 0.000000 0.000000 0.000000 0.000000 1.000000
0.998528 -0.049035 -0.023166 0.000000 0.049011 0.998797 -0.001635 12.864400 0.023219 0.000498 0.999730 -0.000000 0.000000 0.000000 0.000000 1.000000
0.999602 -0.027749 -0.005109 0.000000 0.027863 0.999327 0.023846 12.864400 0.004444 -0.023979 0.999703 -0.000000 0.000000 0.000000 0.000000 1.000000
0.999750 -0.019294 0.011281 0.000000 0.018740 0.998704 0.047322 12.864400 -0.012180 -0.047099 0.998816 0.000000 0.000000 0.000000 0.000000 1.000000
0.999506 -0.022030 0.022414 0.000000 0.020557 0.997742 0.063945 12.864400 -0.023773 -0.063453 0.997702 0.000000 0.000000 0.000000 0.000000 1.000000
0.999243 -0.025695 0.029217 -0.000000 0.023919 0.997937 0.059580 12.864400 -0.030688 -0.058836 0.997796 0.000000 0.000000 0.000000 0.000000 1.000000</float_array><technique_common><accessor source="#mixamorig_Spine1-Matrix-animation-output-transform-array" count="20" stride="16"><param type="float4x4"/></accessor></technique_common></source><source id="mixamorig_Spine1-Interpolations"><Name_array id="mixamorig_Spine1-Interpolations-array" count="20">
 LINEAR LINEAR LINEAR LINEAR LINEAR LINEAR LINEAR LINEAR LINEAR LINEAR LINEAR
LINEAR LINEAR LINEAR LINEAR LINEAR LINEAR LINEAR LINEAR LINEAR</Name_array><technique_common><accessor source="#mixamorig_Spine1-Interpolations-array" count="20"><param type="name"/></accessor></technique_common></source><sampler id="mixamorig_Spine1-Matrix-animation-transform"><input semantic="INPUT" source="#mixamorig_Spine1-Matrix-animation-input"/><input semantic="OUTPUT" source="#mixamorig_Spine1-Matrix-animation-output-transform"/><input semantic="INTERPOLATION" source="#mixamorig_Spine1-Interpolations"/></sampler><channel source="#mixamorig_Spine1-Matrix-animation-transform" target="mixamorig_Spine1/matrix"/></animation>
    <animation id="mixamorig_Spine2-anim" name="mixamorig_Spine2"><source id="mixamorig_Spine2-Matrix-animation-input"><float_array id="mixamorig_Spine2-Matrix-animation-input-array" count="20">

0.000000 0.033333 0.066667 0.100000 0.133333 0.166667 0.200000 0.233333 0.266667 0.300000 0.333333 0.366667 0.400000 0.433333 0.466667 0.500000
0.533333 0.566667 0.600000 0.633333</float_array><technique_common><accessor source="#mixamorig_Spine2-Matrix-animation-input-array" count="20"><param name="TIME" type="float"/></accessor></technique_common></source><source id="mixamorig_Spine2-Matrix-animation-output-transform"><float_array id="mixamorig_Spine2-Matrix-animation-output-transform-array" count="320">

0.999290 -0.023501 0.029446 0.000000 0.021738 0.998032 0.058810 14.702200 -0.030770 -0.058128 0.997835 0.000000 0.000000 0.000000 0.000000 1.000000
0.999221 -0.021186 0.033283 0.000000 0.019986 0.999152 0.035989 14.702200 -0.034018 -0.035296 0.998798 -0.000000 0.000000 0.000000 0.000000 1.000000
0.999258 -0.011325 0.036810 0.000000 0.010932 0.999881 0.010862 14.702200 -0.036929 -0.010452 0.999263 -0.000000 0.000000 0.000000 0.000000 1.000000
0.999260 0.000209 0.038454 0.000000 -0.000161 0.999999 -0.001245 14.702200 -0.038454 0.001238 0.999260 0.000000 0.000000 0.000000 0.000000 1.000000
0.999489 -0.003412 0.031783 0.000000 0.003332 0.999991 0.002566 14.702200 -0.031791 -0.002459 0.999492 -0.000000 0.000000 0.000000 0.000000 1.000000
0.999557 -0.025094 0.016004 0.000000 0.024731 0.999442 0.022456 14.702200 -0.016558 -0.022051 0.999620 0.000000 0.000000 0.000000 0.000000 1.000000
0.998673 -0.051434 -0.002472 0.000000 0.051493 0.997392 0.050578 14.702200 -0.000136 -0.050638 0.998717 -0.000000 0.000000 0.000000 0.000000 1.000000
0.997414 -0.069827 -0.016996 0.000000 0.070714 0.995759 0.058860 14.702200 0.012814 -0.059910 0.998122 0.000000 0.000000 0.000000 0.000000 1.000000
0.996714 -0.076333 -0.027099 -0.000000 0.076987 0.996745 0.023946 14.702200 0.025183 -0.025953 0.999346 0.000000 0.000000 0.000000 0.000000 1.000000
0.997044 -0.068294 -0.035201 0.000000 0.067002 0.997080 -0.036643 14.702200 0.037601 0.034177 0.998708 -0.000000 0.000000 0.000000 0.000000 1.000000
0.997841 -0.051088 -0.041281 0.000000 0.047359 0.995105 -0.086741 14.702200 0.045510 0.084599 0.995375 0.000000 0.000000 0.000000 0.000000 1.000000
0.998209 -0.040952 -0.043613 0.000000 0.035817 0.992990 -0.112639 14.702200 0.047920 0.110875 0.992678 0.000000 0.000000 0.000000 0.000000 1.000000
0.998012 -0.046300 -0.042760 0.000000 0.040905 0.992002 -0.119410 14.702200 0.047947 0.117423 0.991924 0.000000 0.000000 0.000000 0.000000 1.000000
0.997474 -0.058383 -0.040448 0.000000 0.053752 0.992762 -0.107402 14.702200 0.046426 0.104957 0.993393 0.000000 0.000000 0.000000 0.000000 1.000000
0.997507 -0.061403 -0.034782 0.000000 0.058798 0.995705 -0.071520 14.702200 0.039024 0.069296 0.996833 0.000000 0.000000 0.000000 0.000000 1.000000
0.998568 -0.048573 -0.022417 0.000000 0.048107 0.998623 -0.020905 14.702200 0.023401 0.019796 0.999530 0.000000 0.000000 0.000000 0.000000 1.000000
0.999509 -0.030913 -0.005051 0.000000 0.031020 0.999263 0.022620 14.702200 0.004348 -0.022766 0.999731 -0.000000 0.000000 0.000000 0.000000 1.000000
0.999697 -0.021796 0.011431 0.000000 0.021201 0.998533 0.049818 14.702200 -0.012500 -0.049561 0.998693 0.000000 0.000000 0.000000 0.000000 1.000000
0.999507 -0.021604 0.022786 0.000000 0.020116 0.997771 0.063624 14.702200 -0.024110 -0.063135 0.997714 -0.000000 0.000000 0.000000 0.000000 1.000000
0.999290 -0.023501 0.029446 0.000000 0.021738 0.998032 0.058810 14.702200 -0.030770 -0.058128 0.997835 0.000000 0.000000 0.000000 0.000000 1.000000</float_array><technique_common><accessor source="#mixamorig_Spine2-Matrix-animation-output-transform-array" count="20" stride="16"><param type="float4x4"/></accessor></technique_common></source><source id="mixamorig_Spine2-Interpolations"><Name_array id="mixamorig_Spine2-Interpolations-array" count="20">
 LINEAR LINEAR LINEAR LINEAR LINEAR LINEAR LINEAR LINEAR LINEAR LINEAR LINEAR
LINEAR LINEAR LINEAR LINEAR LINEAR LINEAR LINEAR LINEAR LINEAR</Name_array><technique_common><accessor source="#mixamorig_Spine2-Interpolations-array" count="20"><param type="name"/></accessor></technique_common></source><sampler id="mixamorig_Spine2-Matrix-animation-transform"><input semantic="INPUT" source="#mixamorig_Spine2-Matrix-animation-input"/><input semantic="OUTPUT" source="#mixamorig_Spine2-Matrix-animation-output-transform"/><input semantic="INTERPOLATION" source="#mixamorig_Spine2-Interpolations"/></sampler><channel source="#mixamorig_Spine2-Matrix-animation-transform" target="mixamorig_Spine2/matrix"/></animation>
    <animation id="mixamorig_Neck-anim" name="mixamorig_Neck"><source id="mixamorig_Neck-Matrix-animation-input"><float_array id="mixamorig_Neck-Matrix-animation-input-array" count="20">

0.000000 0.033333 0.066667 0.100000 0.133333 0.166667 0.200000 0.233333 0.266667 0.300000 0.333333 0.366667 0.400000 0.433333 0.466667 0.500000
0.533333 0.566667 0.600000 0.633333</float_array><technique_common><accessor source="#mixamorig_Neck-Matrix-animation-input-array" count="20"><param name="TIME" type="float"/></accessor></technique_common></source><source id="mixamorig_Neck-Matrix-animation-output-transform"><float_array id="mixamorig_Neck-Matrix-animation-output-transform-array" count="320">

0.997638 0.053298 -0.043326 0.000000 -0.059194 0.987104 -0.148732 16.539900 0.034840 0.150945 0.987928 0.000000 0.000000 0.000000 0.000000 1.000000
0.997311 0.049108 -0.054405 0.000000 -0.057817 0.983353 -0.172261 16.539900 0.045040 0.174944 0.983548 -0.000000 0.000000 0.000000 0.000000 1.000000
0.997083 0.045154 -0.061533 -0.000000 -0.054649 0.985181 -0.162582 16.539900 0.053280 0.165470 0.984775 0.000000 0.000000 0.000000 0.000000 1.000000
0.996757 0.048899 -0.063912 0.000000 -0.057148 0.989281 -0.134375 16.539900 0.056656 0.137592 0.988867 -0.000000 0.000000 0.000000 0.000000 1.000000
0.995863 0.068002 -0.060279 0.000000 -0.074599 0.990565 -0.114964 16.539900 0.051893 0.118985 0.991539 0.000000 0.000000 0.000000 0.000000 1.000000
0.994636 0.089707 -0.051491 -0.000000 -0.095174 0.988682 -0.115970 16.539900 0.040505 0.120249 0.991917 0.000000 0.000000 0.000000 0.000000 1.000000
0.994640 0.095922 -0.038607 0.000000 -0.100041 0.987128 -0.124777 16.539900 0.026141 0.127971 0.991433 -0.000000 0.000000 0.000000 0.000000 1.000000
0.996559 0.079799 -0.022407 0.000000 -0.081927 0.989341 -0.120384 16.539900 0.012562 0.121806 0.992474 -0.000000 0.000000 0.000000 0.000000 1.000000
0.998655 0.051652 -0.004504 -0.000000 -0.051844 0.993660 -0.099763 16.539900 -0.000677 0.099863 0.995001 0.000000 0.000000 0.000000 0.000000 1.000000
0.999509 0.028960 0.011937 -0.000000 -0.027936 0.996525 -0.078474 16.539900 -0.014168 0.078102 0.996845 -0.000000 0.000000 0.000000 0.000000 1.000000
0.999507 0.020664 0.023652 0.000000 -0.019008 0.997490 -0.068203 16.539900 -0.025002 0.067720 0.997391 0.000000 0.000000 0.000000 0.000000 1.000000
0.999336 0.021562 0.029367 0.000000 -0.019625 0.997710 -0.064724 16.539900 -0.030695 0.064105 0.997471 0.000000 0.000000 0.000000 0.000000 1.000000
0.999316 0.021724 0.029918 0.000000 -0.019929 0.998056 -0.059050 16.539900 -0.031142 0.058413 0.997807 0.000000 0.000000 0.000000 0.000000 1.000000
0.999471 0.018756 0.026575 0.000000 -0.017410 0.998599 -0.049972 16.539900 -0.027475 0.049482 0.998397 0.000000 0.000000 0.000000 0.000000 1.000000
0.999633 0.018272 0.019987 0.000000 -0.017420 0.998965 -0.042009 16.539900 -0.020734 0.041645 0.998917 -0.000000 0.000000 0.000000 0.000000 1.000000
0.999631 0.025008 0.010565 0.000000 -0.024578 0.998934 -0.039067 16.539900 -0.011530 0.038793 0.999181 0.000000 0.000000 0.000000 0.000000 1.000000
0.999300 0.037395 -0.001129 0.000000 -0.037408 0.998288 -0.044954 16.539900 -0.000554 0.044964 0.998988 0.000000 0.000000 0.000000 0.000000 1.000000
0.998672 0.049430 -0.014514 0.000000 -0.050269 0.996639 -0.064682 16.539900 0.011268 0.065326 0.997800 0.000000 0.000000 0.000000 0.000000 1.000000
0.998074 0.054768 -0.029129 0.000000 -0.057495 0.993024 -0.102942 16.539900 0.023288 0.104419 0.994261 0.000000 0.000000 0.000000 0.000000 1.000000
0.997638 0.053298 -0.043326 0.000000 -0.059194 0.987104 -0.148732 16.539900 0.034840 0.150945 0.987928 0.000000 0.000000 0.000000 0.000000 1.000000</float_array><technique_common><accessor source="#mixamorig_Neck-Matrix-animation-output-transform-array" count="20" stride="16"><param type="float4x4"/></accessor></technique_common></source><source id="mixamorig_Neck-Interpolations"><Name_array id="mixamorig_Neck-Interpolations-array" count="20">
 LINEAR LINEAR LINEAR LINEAR LINEAR LINEAR LINEAR LINEAR LINEAR LINEAR LINEAR
LINEAR LINEAR LINEAR LINEAR LINEAR LINEAR LINEAR LINEAR LINEAR</Name_array><technique_common><accessor source="#mixamorig_Neck-Interpolations-array" count="20"><param type="name"/></accessor></technique_common></source><sampler id="mixamorig_Neck-Matrix-animation-transform"><input semantic="INPUT" source="#mixamorig_Neck-Matrix-animation-input"/><input semantic="OUTPUT" source="#mixamorig_Neck-Matrix-animation-output-transform"/><input semantic="INTERPOLATION" source="#mixamorig_Neck-Interpolations"/></sampler><channel source="#mixamorig_Neck-Matrix-animation-transform" target="mixamorig_Neck/matrix"/></animation>
    <animation id="mixamorig_Head-anim" name="mixamorig_Head"><source id="mixamorig_Head-Matrix-animation-input"><float_array id="mixamorig_Head-Matrix-animation-input-array" count="20">

0.000000 0.033333 0.066667 0.100000 0.133333 0.166667 0.200000 0.233333 0.266667 0.300000 0.333333 0.366667 0.400000 0.433333 0.466667 0.500000
0.533333 0.566667 0.600000 0.633333</float_array><technique_common><accessor source="#mixamorig_Head-Matrix-animation-input-array" count="20"><param name="TIME" type="float"/></accessor></technique_common></source><source id="mixamorig_Head-Matrix-animation-output-transform"><float_array id="mixamorig_Head-Matrix-animation-output-transform-array" count="320">

0.993232 0.004900 -0.116040 0.000000 0.034669 0.941052 0.336481 6.188500 0.110848 -0.338227 0.934513 2.321600 0.000000 0.000000 0.000000 1.000000
0.984829 0.005854 -0.173431 0.000000 0.047660 0.951873 0.302764 6.188500 0.166857 -0.306436 0.937153 2.321600 0.000000 0.000000 0.000000 1.000000
0.977517 0.008230 -0.210696 0.000000 0.051257 0.959990 0.275302 6.188500 0.204531 -0.279912 0.937985 2.321600 0.000000 0.000000 0.000000 1.000000
0.974699 0.004843 -0.223471 0.000000 0.057343 0.960889 0.270932 6.188500 0.216043 -0.276892 0.936299 2.321600 0.000000 0.000000 0.000000 1.000000
0.977395 -0.002644 -0.211406 0.000000 0.064650 0.955764 0.286941 6.188500 0.201295 -0.294122 0.934330 2.321600 0.000000 0.000000 0.000000 1.000000
0.983545 -0.010657 -0.180348 0.000000 0.069123 0.944499 0.321160 6.188500 0.166916 -0.328342 0.929694 2.321600 0.000000 0.000000 0.000000 1.000000
0.990516 -0.018776 -0.136111 0.000000 0.067429 0.929555 0.362466 6.188500 0.119717 -0.368206 0.922004 2.321600 0.000000 0.000000 0.000000 1.000000
0.997018 -0.021193 -0.074200 0.000000 0.048622 0.919199 0.390781 6.188500 0.059923 -0.393223 0.917488 2.321600 0.000000 0.000000 0.000000 1.000000
0.999854 -0.014093 0.009654 -0.000000 0.009249 0.921757 0.387658 6.188500 -0.014362 -0.387512 0.921753 2.321600 0.000000 0.000000 0.000000 1.000000
0.995111 -0.002489 0.098733 0.000000 -0.032423 0.936046 0.350381 6.188500 -0.093291 -0.351869 0.931389 2.321600 0.000000 0.000000 0.000000 1.000000
0.986898 0.006315 0.161220 0.000000 -0.054803 0.952945 0.298147 6.188500 -0.151751 -0.303076 0.940806 2.321600 0.000000 0.000000 0.000000 1.000000
0.982845 0.011978 0.184042 0.000000 -0.060791 0.963162 0.261959 6.188500 -0.174124 -0.268653 0.947368 2.321600 0.000000 0.000000 0.000000 1.000000
0.983236 0.021030 0.181120 -0.000000 -0.068906 0.962521 0.262309 6.188500 -0.168815 -0.270392 0.947834 2.321600 0.000000 0.000000 0.000000 1.000000
0.985799 0.034980 0.164246 -0.000000 -0.082288 0.953215 0.290879 6.188500 -0.146387 -0.300263 0.942557 2.321600 0.000000 0.000000 0.000000 1.000000
0.990290 0.045710 0.131290 0.000000 -0.085803 0.944024 0.318522 6.188500 -0.109381 -0.326694 0.938780 2.321600 0.000000 0.000000 0.000000 1.000000
0.995242 0.047105 0.085285 0.000000 -0.072656 0.942037 0.327547 6.188500 -0.064913 -0.332185 0.940978 2.321600 0.000000 0.000000 0.000000 1.000000
0.998437 0.039398 0.039638 -0.000000 -0.050259 0.943151 0.328543 6.188500 -0.024441 -0.330021 0.943657 2.321600 0.000000 0.000000 0.000000 1.000000
0.999691 0.024814 -0.001696 0.000000 -0.022785 0.941004 0.337629 6.188500 0.009974 -0.337486 0.941278 2.321600 0.000000 0.000000 0.000000 1.000000
0.998552 0.010984 -0.052669 0.000000 0.008140 0.936828 0.349696 6.188500 0.053183 -0.349618 0.935382 2.321600 0.000000 0.000000 0.000000 1.000000
0.993232 0.004900 -0.116040 0.000000 0.034669 0.941052 0.336481 6.188500 0.110848 -0.338227 0.934513 2.321600 0.000000 0.000000 0.000000 1.000000</float_array><technique_common><accessor source="#mixamorig_Head-Matrix-animation-output-transform-array" count="20" stride="16"><param type="float4x4"/></accessor></technique_common></source><source id="mixamorig_Head-Interpolations"><Name_array id="mixamorig_Head-Interpolations-array" count="20">
 LINEAR LINEAR LINEAR LINEAR LINEAR LINEAR LINEAR LINEAR LINEAR LINEAR LINEAR
LINEAR LINEAR LINEAR LINEAR LINEAR LINEAR LINEAR LINEAR LINEAR</Name_array><technique_common><accessor source="#mixamorig_Head-Interpolations-array" count="20"><param type="name"/></accessor></technique_common></source><sampler id="mixamorig_Head-Matrix-animation-transform"><input semantic="INPUT" source="#mixamorig_Head-Matrix-animation-input"/><input semantic="OUTPUT" source="#mixamorig_Head-Matrix-animation-output-transform"/><input semantic="INTERPOLATION" source="#mixamorig_Head-Interpolations"/></sampler><channel source="#mixamorig_Head-Matrix-animation-transform" target="mixamorig_Head/matrix"/></animation>
    <animation id="mixamorig_LeftShoulder-anim" name="mixamorig_LeftShoulder"><source id="mixamorig_LeftShoulder-Matrix-animation-input"><float_array id="mixamorig_LeftShoulder-Matrix-animation-input-array" count="20">

0.000000 0.033333 0.066667 0.100000 0.133333 0.166667 0.200000 0.233333 0.266667 0.300000 0.333333 0.366667 0.400000 0.433333 0.466667 0.500000
0.533333 0.566667 0.600000 0.633333</float_array><technique_common><accessor source="#mixamorig_LeftShoulder-Matrix-animation-input-array" count="20"><param name="TIME" type="float"/></accessor></technique_common></source><source id="mixamorig_LeftShoulder-Matrix-animation-output-transform"><float_array id="mixamorig_LeftShoulder-Matrix-animation-output-transform-array" count="320">

0.125559 0.938365 -0.322036 7.985300 0.046123 -0.329775 -0.942932 14.403600 -0.991013 0.103540 -0.084686 -0.124400 0.000000 0.000000 0.000000 1.000000
0.122282 0.944122 -0.306073 7.985300 0.044350 -0.313277 -0.948626 14.403600 -0.991504 0.102426 -0.080180 -0.124400 0.000000 0.000000 0.000000 1.000000
0.121172 0.947255 -0.296691 7.985300 0.043499 -0.303674 -0.951783 14.403600 -0.991678 0.102423 -0.078002 -0.124400 0.000000 0.000000 0.000000 1.000000
0.130558 0.939144 -0.317746 7.985300 0.046933 -0.325984 -0.944209 14.403600 -0.990329 0.108362 -0.086637 -0.124400 0.000000 0.000000 0.000000 1.000000
0.150677 0.918495 -0.365601 7.985300 0.054173 -0.376939 -0.924652 14.403600 -0.987098 0.119518 -0.106554 -0.124400 0.000000 0.000000 0.000000 1.000000
0.173597 0.898713 -0.402713 7.985300 0.061295 -0.417989 -0.906382 14.403600 -0.982907 0.132661 -0.127648 -0.124400 0.000000 0.000000 0.000000 1.000000
0.186396 0.889876 -0.416385 7.985300 0.064814 -0.434027 -0.898565 14.403600 -0.980334 0.140501 -0.138577 -0.124400 0.000000 0.000000 0.000000 1.000000
0.159911 0.902681 -0.399495 7.985300 0.058904 -0.412708 -0.908957 14.403600 -0.985372 0.121821 -0.119168 -0.124400 0.000000 0.000000 0.000000 1.000000
0.102910 0.927700 -0.358862 7.985300 0.044698 -0.364726 -0.930042 14.403600 -0.993686 0.079670 -0.079001 -0.124400 0.000000 0.000000 0.000000 1.000000
0.050553 0.950496 -0.306596 7.985300 0.030516 -0.308316 -0.950795 14.403600 -0.998255 0.038710 -0.044592 -0.124400 0.000000 0.000000 0.000000 1.000000
0.014465 0.962510 -0.270860 7.985300 0.020439 -0.271116 -0.962330 14.403600 -0.999686 0.008384 -0.023594 -0.124400 0.000000 0.000000 0.000000 1.000000
0.006854 0.962667 -0.270601 7.985300 0.018872 -0.270684 -0.962483 14.403600 -0.999798 0.001490 -0.020023 -0.124400 0.000000 0.000000 0.000000 1.000000
0.026035 0.958416 -0.284186 7.985300 0.023842 -0.284797 -0.958291 14.403600 -0.999377 0.018174 -0.030265 -0.124400 0.000000 0.000000 0.000000 1.000000
0.055520 0.951394 -0.302932 7.985300 0.031399 -0.304913 -0.951862 14.403600 -0.997964 0.043335 -0.046802 -0.124400 0.000000 0.000000 0.000000 1.000000
0.081999 0.942269 -0.324662 7.985300 0.038009 -0.328478 -0.943746 14.403600 -0.995907 0.065046 -0.062750 -0.124400 0.000000 0.000000 0.000000 1.000000
0.104082 0.934453 -0.340536 7.985300 0.043357 -0.346333 -0.937109 14.403600 -0.993623 0.082771 -0.076562 -0.124400 0.000000 0.000000 0.000000 1.000000
0.130707 0.924696 -0.357565 7.985300 0.050111 -0.366360 -0.929123 14.403600 -0.990154 0.103525 -0.094223 -0.124400 0.000000 0.000000 0.000000 1.000000
0.144413 0.920155 -0.363950 7.985300 0.053261 -0.374501 -0.925696 14.403600 -0.988083 0.114298 -0.103091 -0.124400 0.000000 0.000000 0.000000 1.000000
0.133208 0.930056 -0.342419 7.985300 0.049433 -0.351303 -0.934956 14.403600 -0.989854 0.107617 -0.092772 -0.124400 0.000000 0.000000 0.000000 1.000000
0.125559 0.938365 -0.322035 7.985300 0.046123 -0.329775 -0.942932 14.403600 -0.991013 0.103540 -0.084686 -0.124400 0.000000 0.000000 0.000000 1.000000</float_array><technique_common><accessor source="#mixamorig_LeftShoulder-Matrix-animation-output-transform-array" count="20" stride="16"><param type="float4x4"/></accessor></technique_common></source><source id="mixamorig_LeftShoulder-Interpolations"><Name_array id="mixamorig_LeftShoulder-Interpolations-array" count="20">
 LINEAR LINEAR LINEAR LINEAR LINEAR LINEAR LINEAR LINEAR LINEAR LINEAR LINEAR
LINEAR LINEAR LINEAR LINEAR LINEAR LINEAR LINEAR LINEAR LINEAR</Name_array><technique_common><accessor source="#mixamorig_LeftShoulder-Interpolations-array" count="20"><param type="name"/></accessor></technique_common></source><sampler id="mixamorig_LeftShoulder-Matrix-animation-transform"><input semantic="INPUT" source="#mixamorig_LeftShoulder-Matrix-animation-input"/><input semantic="OUTPUT" source="#mixamorig_LeftShoulder-Matrix-animation-output-transform"/><input semantic="INTERPOLATION" source="#mixamorig_LeftShoulder-Interpolations"/></sampler><channel source="#mixamorig_LeftShoulder-Matrix-animation-transform" target="mixamorig_LeftShoulder/matrix"/></animation>
    <animation id="mixamorig_LeftArm-anim" name="mixamorig_LeftArm"><source id="mixamorig_LeftArm-Matrix-animation-input"><float_array id="mixamorig_LeftArm-Matrix-animation-input-array" count="20">

0.000000 0.033333 0.066667 0.100000 0.133333 0.166667 0.200000 0.233333 0.266667 0.300000 0.333333 0.366667 0.400000 0.433333 0.466667 0.500000
0.533333 0.566667 0.600000 0.633333</float_array><technique_common><accessor source="#mixamorig_LeftArm-Matrix-animation-input-array" count="20"><param name="TIME" type="float"/></accessor></technique_common></source><source id="mixamorig_LeftArm-Matrix-animation-output-transform"><float_array id="mixamorig_LeftArm-Matrix-animation-output-transform-array" count="320">

0.431490 0.828715 0.356437 -0.000000 -0.331525 0.513132 -0.791699 16.443399 -0.838992 0.223443 0.496151 -0.000000 0.000000 0.000000 0.000000 1.000000
0.318880 0.871373 0.372860 0.000000 -0.414671 0.482013 -0.771823 16.443399 -0.852269 0.091505 0.515038 0.000000 0.000000 0.000000 0.000000 1.000000
0.321422 0.885757 0.334846 -0.000000 -0.454726 0.454548 -0.765905 16.443399 -0.830610 0.093915 0.548879 0.000000 0.000000 0.000000 0.000000 1.000000
0.434950 0.864469 0.252016 0.000000 -0.459716 0.453838 -0.763343 16.443399 -0.774261 0.216160 0.594807 0.000000 0.000000 0.000000 0.000000 1.000000
0.591164 0.791340 0.155906 0.000000 -0.436538 0.476466 -0.763161 16.443399 -0.678204 0.383094 0.627119 0.000000 0.000000 0.000000 0.000000 1.000000
0.736276 0.668568 0.104472 0.000000 -0.367583 0.524784 -0.767779 16.443399 -0.568138 0.526895 0.632140 0.000000 0.000000 0.000000 0.000000 1.000000
0.877006 0.468517 0.106549 0.000000 -0.234761 0.611319 -0.755762 16.443399 -0.419223 0.637794 0.646120 -0.000000 0.000000 0.000000 0.000000 1.000000
0.986698 0.135133 0.090366 0.000000 -0.026897 0.683927 -0.729055 16.443399 -0.160323 0.716926 0.678464 0.000000 0.000000 0.000000 0.000000 1.000000
0.966671 -0.255914 -0.007484 0.000000 0.172822 0.673815 -0.718405 16.443399 0.188892 0.693168 0.695585 0.000000 0.000000 0.000000 0.000000 1.000000
0.844674 -0.514749 -0.146835 0.000000 0.276314 0.654238 -0.704005 16.443399 0.458451 0.554081 0.694850 0.000000 0.000000 0.000000 0.000000 1.000000
0.757808 -0.607981 -0.236824 -0.000000 0.337719 0.676048 -0.654908 16.443399 0.558276 0.416314 0.717642 0.000000 0.000000 0.000000 0.000000 1.000000
0.754905 -0.616212 -0.224504 0.000000 0.395444 0.700770 -0.593755 16.443399 0.523204 0.359450 0.772692 -0.000000 0.000000 0.000000 0.000000 1.000000
0.834843 -0.541652 -0.098238 0.000000 0.398912 0.718236 -0.570093 16.443399 0.379350 0.436750 0.815686 0.000000 0.000000 0.000000 0.000000 1.000000
0.940204 -0.328481 0.090094 -0.000000 0.311513 0.722282 -0.617469 16.443399 0.137754 0.608612 0.781418 0.000000 0.000000 0.000000 0.000000 1.000000
0.972856 -0.025813 0.229967 0.000000 0.184724 0.685189 -0.704551 16.443399 -0.139384 0.727907 0.671359 0.000000 0.000000 0.000000 0.000000 1.000000
0.933223 0.247487 0.260472 0.000000 0.047033 0.634561 -0.771440 16.443399 -0.356207 0.732176 0.580547 -0.000000 0.000000 0.000000 0.000000 1.000000
0.863239 0.452419 0.223908 -0.000000 -0.098308 0.585742 -0.804513 16.443399 -0.495130 0.672476 0.550112 0.000000 0.000000 0.000000 0.000000 1.000000
0.763145 0.608448 0.217717 0.000000 -0.195556 0.538544 -0.819590 16.443399 -0.615928 0.582890 0.529973 0.000000 0.000000 0.000000 0.000000 1.000000
0.609501 0.738360 0.288674 0.000000 -0.247231 0.522993 -0.815693 16.443399 -0.753250 0.425797 0.501310 0.000000 0.000000 0.000000 0.000000 1.000000
0.431490 0.828715 0.356437 -0.000000 -0.331525 0.513132 -0.791699 16.443399 -0.838992 0.223442 0.496151 -0.000000 0.000000 0.000000 0.000000 1.000000</float_array><technique_common><accessor source="#mixamorig_LeftArm-Matrix-animation-output-transform-array" count="20" stride="16"><param type="float4x4"/></accessor></technique_common></source><source id="mixamorig_LeftArm-Interpolations"><Name_array id="mixamorig_LeftArm-Interpolations-array" count="20">
 LINEAR LINEAR LINEAR LINEAR LINEAR LINEAR LINEAR LINEAR LINEAR LINEAR LINEAR
LINEAR LINEAR LINEAR LINEAR LINEAR LINEAR LINEAR LINEAR LINEAR</Name_array><technique_common><accessor source="#mixamorig_LeftArm-Interpolations-array" count="20"><param type="name"/></accessor></technique_common></source><sampler id="mixamorig_LeftArm-Matrix-animation-transform"><input semantic="INPUT" source="#mixamorig_LeftArm-Matrix-animation-input"/><input semantic="OUTPUT" source="#mixamorig_LeftArm-Matrix-animation-output-transform"/><input semantic="INTERPOLATION" source="#mixamorig_LeftArm-Interpolations"/></sampler><channel source="#mixamorig_LeftArm-Matrix-animation-transform" target="mixamorig_LeftArm/matrix"/></animation>
    <animation id="mixamorig_LeftForeArm-anim" name="mixamorig_LeftForeArm"><source id="mixamorig_LeftForeArm-Matrix-animation-input"><float_array id="mixamorig_LeftForeArm-Matrix-animation-input-array" count="20">

0.000000 0.033333 0.066667 0.100000 0.133333 0.166667 0.200000 0.233333 0.266667 0.300000 0.333333 0.366667 0.400000 0.433333 0.466667 0.500000
0.533333 0.566667 0.600000 0.633333</float_array><technique_common><accessor source="#mixamorig_LeftForeArm-Matrix-animation-input-array" count="20"><param name="TIME" type="float"/></accessor></technique_common></source><source id="mixamorig_LeftForeArm-Matrix-animation-output-transform"><float_array id="mixamorig_LeftForeArm-Matrix-animation-output-transform-array" count="320">

0.305584 -0.951322 0.040063 0.000000 0.950564 0.302361 -0.070759 20.702900 0.055202 0.059705 0.996689 0.000000 0.000000 0.000000 0.000000 1.000000
0.151353 -0.987135 0.051544 0.000000 0.986348 0.147398 -0.073424 20.702900 0.064882 0.061953 0.995968 0.000000 0.000000 0.000000 0.000000 1.000000
0.135990 -0.989308 0.052687 -0.000000 0.988520 0.131963 -0.073585 20.702900 0.065846 0.062089 0.995896 0.000000 0.000000 0.000000 0.000000 1.000000
0.217170 -0.975019 0.046644 0.000000 0.974242 0.213527 -0.072522 20.702900 0.060751 0.061192 0.996275 0.000000 0.000000 0.000000 0.000000 1.000000
0.241156 -0.969449 0.044859 0.000000 0.968676 0.237628 -0.072109 20.702900 0.059246 0.060843 0.996388 0.000000 0.000000 0.000000 0.000000 1.000000
0.145427 -0.988002 0.051985 -0.000000 0.987215 0.141444 -0.073488 20.702900 0.065254 0.062007 0.995940 0.000000 0.000000 0.000000 0.000000 1.000000
-0.053476 -0.996333 0.066791 0.000000 0.995539 -0.058402 -0.074108 20.702900 0.077737 0.062530 0.995011 0.000000 0.000000 0.000000 0.000000 1.000000
