<?xml version="1.0" encoding="utf-8"?>
<COLLADA xmlns="http://www.collada.org/2005/11/COLLADASchema" version="1.4.1">
  <asset><contributor><author>Mixamo</author><authoring_tool>COLLADA Mixamo exporter</authoring_tool><comments></comments></contributor><created>2020-02-25T10:36:20Z</created><modified>2020-02-25T10:36:20Z</modified><revision></revision><title></title><unit meter="0.010000"/><up_axis>Y_UP</up_axis></asset>
  <library_animations>
    <animation id="mixamorig7_Hips-anim" name="mixamorig7_Hips"><source id="mixamorig7_Hips-Matrix-animation-input"><float_array id="mixamorig7_Hips-Matrix-animation-input-array" count="31">

0.000000 0.033333 0.066667 0.100000 0.133333 0.166667 0.200000 0.233333 0.266667 0.300000 0.333333 0.366667 0.400000 0.433333 0.466667 0.500000
0.533333 0.566667 0.600000 0.633333 0.666667 0.700000 0.733333 0.766667 0.800000 0.833333 0.866667 0.900000 0.933333 0.966667 1.000000</float_array><technique_common><accessor source="#mixamorig7_Hips-Matrix-animation-input-array" count="31"><param name="TIME" type="float"/></accessor></technique_common></source><source id="mixamorig7_Hips-Matrix-animation-output-transform"><float_array id="mixamorig7_Hips-Matrix-animation-output-transform-array" count="496">

0.998939 0.034447 0.030569 -1.589321 -0.027622 0.979237 -0.200828 91.990417 -0.036852 0.199770 0.979150 0.455914 0.000000 0.000000 0.000000 1.000000
0.996896 0.063396 0.046682 -2.417473 -0.053810 0.981491 -0.183794 90.987671 -0.057470 0.180711 0.981856 6.478140 0.000000 0.000000 0.000000 1.000000
0.994151 0.094166 0.052881 -2.967672 -0.084093 0.982185 -0.168050 89.941437 -0.067764 0.162620 0.984359 12.022229 0.000000 0.000000 0.000000 1.000000
0.991128 0.122967 0.050445 -3.209008 -0.113645 0.980858 -0.158121 89.375740 -0.068923 0.150986 0.986130 17.136835 0.000000 0.000000 0.000000 1.000000
0.989212 0.140679 0.040860 -3.292945 -0.132688 0.978638 -0.157041 89.704277 -0.062079 0.149925 0.986746 22.203815 0.000000 0.000000 0.000000 1.000000
0.989111 0.145210 0.023949 -3.370785 -0.139431 0.976674 -0.163298 90.869400 -0.047103 0.158181 0.986286 27.427595 0.000000 0.000000 0.000000 1.000000
0.989982 0.141195 -0.000402 -3.438673 -0.139166 0.975264 -0.171738 92.367523 -0.023856 0.170073 0.985143 32.737617 0.000000 0.000000 0.000000 1.000000
0.990644 0.133548 -0.028110 -3.452702 -0.136423 0.974653 -0.177315 93.773537 0.003718 0.179491 0.983753 38.092205 0.000000 0.000000 0.000000 1.000000
0.990721 0.125569 -0.052000 -3.403695 -0.132928 0.974963 -0.178263 94.847862 0.028314 0.183521 0.982608 43.473423 0.000000 0.000000 0.000000 1.000000
0.990274 0.120222 -0.070033 -3.306465 -0.130936 0.975485 -0.176875 95.400352 0.047052 0.184325 0.981739 48.859474 0.000000 0.000000 0.000000 1.000000
0.989353 0.116099 -0.087756 -3.208437 -0.130187 0.975545 -0.177099 95.476326 0.065049 0.186638 0.980273 54.295807 0.000000 0.000000 0.000000 1.000000
0.987380 0.112581 -0.111384 -3.181808 -0.131432 0.974897 -0.179726 95.221588 0.088354 0.192097 0.977391 59.845592 0.000000 0.000000 0.000000 1.000000
0.983989 0.110790 -0.139608 -3.232324 -0.135295 0.974234 -0.180452 94.496208 0.116019 0.196451 0.973625 65.508560 0.000000 0.000000 0.000000 1.000000
0.980522 0.109264 -0.163210 -3.123270 -0.137644 0.975049 -0.174163 93.349396 0.140108 0.193236 0.971097 71.542976 0.000000 0.000000 0.000000 1.000000
0.979866 0.098697 -0.173555 -2.757286 -0.126971 0.978887 -0.160185 92.061195 0.154081 0.178996 0.971710 77.829727 0.000000 0.000000 0.000000 1.000000
0.981860 0.076263 -0.173597 -2.166592 -0.101306 0.984912 -0.140304 90.702705 0.160278 0.155346 0.974771 84.284325 0.000000 0.000000 0.000000 1.000000
0.984094 0.047366 -0.171215 -1.519438 -0.068337 0.990570 -0.118747 89.276192 0.163976 0.128558 0.978051 90.708427 0.000000 0.000000 0.000000 1.000000
0.984573 0.014663 -0.174360 -1.071860 -0.032929 0.994205 -0.102337 88.230835 0.171849 0.106499 0.979350 96.528870 0.000000 0.000000 0.000000 1.000000
0.983480 -0.005699 -0.180927 -0.924899 -0.012250 0.995118 -0.097931 88.002037 0.180602 0.098529 0.978609 101.818672 0.000000 0.000000 0.000000 1.000000
0.983548 -0.008117 -0.180464 -1.030986 -0.011345 0.994243 -0.106551 88.845016 0.180290 0.106845 0.977793 106.794746 0.000000 0.000000 0.000000 1.000000
0.986148 0.003985 -0.165819 -1.301285 -0.024571 0.992192 -0.122278 90.452217 0.164037 0.124659 0.978546 111.597656 0.000000 0.000000 0.000000 1.000000
0.989961 0.022149 -0.139596 -1.669445 -0.041509 0.989653 -0.137344 92.279388 0.135110 0.141760 0.980637 116.316566 0.000000 0.000000 0.000000 1.000000
0.992866 0.039296 -0.112571 -2.096706 -0.055814 0.987476 -0.147565 93.914497 0.105363 0.152795 0.982625 121.902809 0.000000 0.000000 0.000000 1.000000
0.994560 0.050273 -0.091235 -2.546686 -0.064018 0.985899 -0.154609 95.090240 0.082175 0.159609 0.983754 127.669510 0.000000 0.000000 0.000000 1.000000
0.996047 0.056148 -0.068825 -3.005274 -0.066711 0.984485 -0.162293 95.727905 0.058645 0.166243 0.984339 133.582870 0.000000 0.000000 0.000000 1.000000
0.997163 0.058980 -0.046768 -3.319850 -0.066127 0.983231 -0.169951 95.827774 0.035960 0.172561 0.984342 139.620667 0.000000 0.000000 0.000000 1.000000
0.997959 0.058002 -0.026715 -3.289930 -0.061830 0.982247 -0.177111 95.468513 0.015967 0.178401 0.983828 145.813690 0.000000 0.000000 0.000000 1.000000
0.998512 0.054054 -0.007238 -2.867002 -0.054460 0.981279 -0.184733 94.781242 -0.002884 0.184852 0.982762 152.134415 0.000000 0.000000 0.000000 1.000000
0.998950 0.044322 0.011612 -2.314069 -0.041262 0.980421 -0.192543 93.933548 -0.019919 0.191861 0.981220 158.547714 0.000000 0.000000 0.000000 1.000000
0.998975 0.037368 0.025535 -1.810315 -0.031568 0.979584 -0.198539 92.950493 -0.032433 0.197529 0.979760 164.865158 0.000000 0.000000 0.000000 1.000000
0.998922 0.034812 0.030712 -1.595152 -0.027951 0.979227 -0.200831 91.976471 -0.037066 0.199756 0.979144 171.020065 0.000000 0.000000 0.000000 1.000000</float_array><technique_common><accessor source="#mixamorig7_Hips-Matrix-animation-output-transform-array" count="31" stride="16"><param type="float4x4"/></accessor></technique_common></source><source id="mixamorig7_Hips-Interpolations"><Name_array id="mixamorig7_Hips-Interpolations-array" count="31">
 LINEAR LINEAR LINEAR LINEAR LINEAR LINEAR LINEAR LINEAR LINEAR LINEAR LINEAR
LINEAR LINEAR LINEAR LINEAR LINEAR LINEAR LINEAR LINEAR LINEAR LINEAR LINEAR LINEAR
LINEAR LINEAR LINEAR LINEAR LINEAR LINEAR LINEAR LINEAR</Name_array><technique_common><accessor source="#mixamorig7_Hips-Interpolations-array" count="31"><param type="name"/></accessor></technique_common></source><sampler id="mixamorig7_Hips-Matrix-animation-transform"><input semantic="INPUT" source="#mixamorig7_Hips-Matrix-animation-input"/><input semantic="OUTPUT" source="#mixamorig7_Hips-Matrix-animation-output-transform"/><input semantic="INTERPOLATION" source="#mixamorig7_Hips-Interpolations"/></sampler><channel source="#mixamorig7_Hips-Matrix-animation-transform" target="mixamorig7_Hips/matrix"/></animation>
    <animation id="mixamorig7_Spine-anim" name="mixamorig7_Spine"><source id="mixamorig7_Spine-Matrix-animation-input"><float_array id="mixamorig7_Spine-Matrix-animation-input-array" count="31">

0.000000 0.033333 0.066667 0.100000 0.133333 0.166667 0.200000 0.233333 0.266667 0.300000 0.333333 0.366667 0.400000 0.433333 0.466667 0.500000
0.533333 0.566667 0.600000 0.633333 0.666667 0.700000 0.733333 0.766667 0.800000 0.833333 0.866667 0.900000 0.933333 0.966667 1.000000</float_array><technique_common><accessor source="#mixamorig7_Spine-Matrix-animation-input-array" count="31"><param name="TIME" type="float"/></accessor></technique_common></source><source id="mixamorig7_Spine-Matrix-animation-output-transform"><float_array id="mixamorig7_Spine-Matrix-animation-output-transform-array" count="496">

0.999700 0.022182 -0.010431 0.000000 -0.021497 0.997864 0.061694 9.694400 0.011777 -0.061451 0.998041 -1.109700 0.000000 0.000000 0.000000 1.000000
0.999938 0.006071 -0.009361 -0.000000 -0.005529 0.998365 0.056890 9.694400 0.009691 -0.056835 0.998337 -1.109700 0.000000 0.000000 0.000000 1.000000
0.999871 -0.012787 -0.009695 0.000000 0.013276 0.998548 0.052199 9.694400 0.009014 -0.052321 0.998590 -1.109700 0.000000 0.000000 0.000000 1.000000
0.999358 -0.034177 -0.010757 0.000000 0.034655 0.998248 0.047948 9.694400 0.009100 -0.048290 0.998792 -1.109700 0.000000 0.000000 0.000000 1.000000
0.998654 -0.050806 -0.010446 0.000000 0.051228 0.997666 0.045150 9.694400 0.008127 -0.045624 0.998926 -1.109700 0.000000 0.000000 0.000000 1.000000
0.998254 -0.058595 -0.007392 -0.000000 0.058869 0.997251 0.044994 9.694400 0.004735 -0.045351 0.998960 -1.109700 0.000000 0.000000 0.000000 1.000000
0.998267 -0.058811 -0.001863 -0.000000 0.058833 0.997136 0.047522 9.694400 -0.000937 -0.047549 0.998868 -1.109700 0.000000 0.000000 0.000000 1.000000
0.998480 -0.054887 0.004958 0.000000 0.054560 0.997187 0.051397 9.694400 -0.007765 -0.051048 0.998666 -1.109700 0.000000 0.000000 0.000000 1.000000
0.998653 -0.050673 0.011192 0.000000 0.049980 0.997215 0.055350 9.694400 -0.013966 -0.054716 0.998404 -1.109700 0.000000 0.000000 0.000000 1.000000
0.998593 -0.050528 0.016062 0.000000 0.049494 0.997011 0.059322 9.694400 -0.019012 -0.058444 0.998110 -1.109700 0.000000 0.000000 0.000000 1.000000
0.998381 -0.053063 0.020488 -0.000000 0.051656 0.996614 0.063965 9.694400 -0.023813 -0.062803 0.997742 -1.109700 0.000000 0.000000 0.000000 1.000000
0.998181 -0.054658 0.025430 0.000000 0.052788 0.996208 0.069158 9.694400 -0.029113 -0.067690 0.997282 -1.109700 0.000000 0.000000 0.000000 1.000000
0.998148 -0.052812 0.030176 -0.000000 0.050483 0.996030 0.073325 9.694400 -0.033929 -0.071666 0.996851 -1.109700 0.000000 0.000000 0.000000 1.000000
0.998347 -0.047442 0.032457 -0.000000 0.044916 0.996204 0.074567 9.694400 -0.035872 -0.072986 0.996688 -1.109700 0.000000 0.000000 0.000000 1.000000
0.998899 -0.035089 0.031144 -0.000000 0.032800 0.996922 0.071214 9.694400 -0.033547 -0.070114 0.996975 -1.109700 0.000000 0.000000 0.000000 1.000000
0.999377 -0.019563 0.029379 0.000000 0.017621 0.997731 0.064977 9.694400 -0.030583 -0.064419 0.997454 -1.109700 0.000000 0.000000 0.000000 1.000000
0.999573 -0.006019 0.028586 0.000000 0.004345 0.998292 0.058265 9.694400 -0.028888 -0.058116 0.997892 -1.109700 0.000000 0.000000 0.000000 1.000000
0.999483 0.009474 0.030715 0.000000 -0.011087 0.998545 0.052769 9.694400 -0.030170 -0.053082 0.998134 -1.109700 0.000000 0.000000 0.000000 1.000000
0.999266 0.019341 0.033056 0.000000 -0.020958 0.998565 0.049275 9.694400 -0.032056 -0.049931 0.998238 -1.109700 0.000000 0.000000 0.000000 1.000000
0.999245 0.022878 0.031401 0.000000 -0.024355 0.998576 0.047467 9.694400 -0.030270 -0.048196 0.998379 -1.109700 0.000000 0.000000 0.000000 1.000000
0.999440 0.021730 0.025463 0.000000 -0.022897 0.998658 0.046453 9.694400 -0.024420 -0.047010 0.998596 -1.109700 0.000000 0.000000 0.000000 1.000000
0.999654 0.019030 0.018154 0.000000 -0.019837 0.998774 0.045363 9.694400 -0.017268 -0.045708 0.998806 -1.109700 0.000000 0.000000 0.000000 1.000000
0.999758 0.017920 0.012746 0.000000 -0.018471 0.998838 0.044511 9.694400 -0.011934 -0.044736 0.998928 -1.109700 0.000000 0.000000 0.000000 1.000000
0.999725 0.021054 0.010316 0.000000 -0.021499 0.998748 0.045160 9.694400 -0.009353 -0.045370 0.998926 -1.109700 0.000000 0.000000 0.000000 1.000000
0.999574 0.027515 0.009698 -0.000000 -0.027951 0.998453 0.048070 9.694400 -0.008360 -0.048320 0.998797 -1.109700 0.000000 0.000000 0.000000 1.000000
0.999424 0.032871 0.008428 -0.000000 -0.033268 0.998079 0.052267 9.694400 -0.006694 -0.052517 0.998598 -1.109700 0.000000 0.000000 0.000000 1.000000
0.999395 0.034451 0.004765 -0.000000 -0.034664 0.997828 0.056010 9.694400 -0.002825 -0.056141 0.998419 -1.109700 0.000000 0.000000 0.000000 1.000000
0.999498 0.031683 -0.000669 -0.000000 -0.031590 0.997787 0.058506 9.694400 0.002522 -0.058456 0.998287 -1.109700 0.000000 0.000000 0.000000 1.000000
0.999594 0.027880 -0.005896 0.000000 -0.027476 0.997819 0.060024 9.694400 0.007556 -0.059838 0.998180 -1.109700 0.000000 0.000000 0.000000 1.000000
0.999668 0.024018 -0.009342 0.000000 -0.023404 0.997864 0.060997 9.694400 0.010787 -0.060758 0.998094 -1.109700 0.000000 0.000000 0.000000 1.000000
0.999706 0.021826 -0.010596 0.000000 -0.021132 0.997872 0.061691 9.694400 0.011920 -0.061449 0.998039 -1.109700 0.000000 0.000000 0.000000 1.000000</float_array><technique_common><accessor source="#mixamorig7_Spine-Matrix-animation-output-transform-array" count="31" stride="16"><param type="float4x4"/></accessor></technique_common></source><source id="mixamorig7_Spine-Interpolations"><Name_array id="mixamorig7_Spine-Interpolations-array" count="31">
 LINEAR LINEAR LINEAR LINEAR LINEAR LINEAR LINEAR LINEAR LINEAR LINEAR LINEAR
LINEAR LINEAR LINEAR LINEAR LINEAR LINEAR LINEAR LINEAR LINEAR LINEAR LINEAR LINEAR
LINEAR LINEAR LINEAR LINEAR LINEAR LINEAR LINEAR LINEAR</Name_array><technique_common><accessor source="#mixamorig7_Spine-Interpolations-array" count="31"><param type="name"/></accessor></technique_common></source><sampler id="mixamorig7_Spine-Matrix-animation-transform"><input semantic="INPUT" source="#mixamorig7_Spine-Matrix-animation-input"/><input semantic="OUTPUT" source="#mixamorig7_Spine-Matrix-animation-output-transform"/><input semantic="INTERPOLATION" source="#mixamorig7_Spine-Interpolations"/></sampler><channel source="#mixamorig7_Spine-Matrix-animation-transform" target="mixamorig7_Spine/matrix"/></animation>
    <animation id="mixamorig7_Spine1-anim" name="mixamorig7_Spine1"><source id="mixamorig7_Spine1-Matrix-animation-input"><float_array id="mixamorig7_Spine1-Matrix-animation-input-array" count="31">

0.000000 0.033333 0.066667 0.100000 0.133333 0.166667 0.200000 0.233333 0.266667 0.300000 0.333333 0.366667 0.400000 0.433333 0.466667 0.500000
0.533333 0.566667 0.600000 0.633333 0.666667 0.700000 0.733333 0.766667 0.800000 0.833333 0.866667 0.900000 0.933333 0.966667 1.000000</float_array><technique_common><accessor source="#mixamorig7_Spine1-Matrix-animation-input-array" count="31"><param name="TIME" type="float"/></accessor></technique_common></source><source id="mixamorig7_Spine1-Matrix-animation-output-transform"><float_array id="mixamorig7_Spine1-Matrix-animation-output-transform-array" count="496">

0.999433 0.018695 -0.028016 0.000000 -0.021604 0.993977 -0.107440 11.384000 0.025839 0.107984 0.993817 -0.000000 0.000000 0.000000 0.000000 1.000000
0.999555 0.010009 -0.028115 0.000000 -0.013157 0.993383 -0.114096 11.384000 0.026787 0.114415 0.993072 0.000000 0.000000 0.000000 0.000000 1.000000
0.999669 0.002963 -0.025572 -0.000000 -0.006043 0.992609 -0.121205 11.384000 0.025024 0.121320 0.992298 -0.000000 0.000000 0.000000 0.000000 1.000000
0.999767 -0.001923 -0.021498 0.000000 -0.000834 0.991838 -0.127499 11.384000 0.021567 0.127487 0.991606 0.000000 0.000000 0.000000 0.000000 1.000000
0.999856 -0.004333 -0.016392 0.000000 0.002148 0.991371 -0.131070 11.384000 0.016819 0.131015 0.991238 0.000000 0.000000 0.000000 0.000000 1.000000
0.999947 -0.003979 -0.009499 -0.000000 0.002705 0.991436 -0.130569 11.384000 0.009937 0.130537 0.991394 0.000000 0.000000 0.000000 0.000000 1.000000
1.000000 -0.000822 -0.000110 0.000000 0.000802 0.991941 -0.126697 11.384000 0.000213 0.126697 0.991941 -0.000000 0.000000 0.000000 0.000000 1.000000
0.999938 0.004096 0.010363 0.000000 -0.002803 0.992551 -0.121800 11.384000 -0.010785 0.121763 0.992501 0.000000 0.000000 0.000000 0.000000 1.000000
0.999782 0.008749 0.018967 0.000000 -0.006460 0.993044 -0.117565 11.384000 -0.019864 0.117417 0.992884 0.000000 0.000000 0.000000 0.000000 1.000000
0.999643 0.011323 0.024210 0.000000 -0.008502 0.993488 -0.113619 11.384000 -0.025338 0.113373 0.993229 0.000000 0.000000 0.000000 0.000000 1.000000
0.999552 0.011271 0.027728 -0.000000 -0.008200 0.994064 -0.108491 11.384000 -0.028787 0.108215 0.993711 0.000000 0.000000 0.000000 0.000000 1.000000
0.999431 0.009198 0.032451 -0.000000 -0.005846 0.994775 -0.101919 11.384000 -0.033219 0.101672 0.994263 0.000000 0.000000 0.000000 0.000000 1.000000
0.999200 0.006620 0.039434 0.000000 -0.002806 0.995378 -0.095998 11.384000 -0.039888 0.095810 0.994600 0.000000 0.000000 0.000000 0.000000 1.000000
0.998883 0.005675 0.046904 0.000000 -0.001253 0.995593 -0.093771 11.384000 -0.047230 0.093607 0.994488 -0.000000 0.000000 0.000000 0.000000 1.000000
0.998585 0.008870 0.052436 0.000000 -0.003710 0.995210 -0.097695 11.384000 -0.053051 0.097362 0.993834 0.000000 0.000000 0.000000 0.000000 1.000000
0.998330 0.015939 0.055527 0.000000 -0.009959 0.994279 -0.106351 11.384000 -0.056905 0.105621 0.992777 -0.000000 0.000000 0.000000 0.000000 1.000000
0.998018 0.024356 0.058029 -0.000000 -0.017442 0.993001 -0.116810 11.384000 -0.060468 0.115566 0.991458 0.000000 0.000000 0.000000 0.000000 1.000000
0.997629 0.030760 0.061560 0.000000 -0.022806 0.991770 -0.125983 11.384000 -0.064928 0.124281 0.990120 0.000000 0.000000 0.000000 0.000000 1.000000
0.997328 0.033807 0.064755 0.000000 -0.025020 0.990935 -0.131995 11.384000 -0.068631 0.130022 0.989133 -0.000000 0.000000 0.000000 0.000000 1.000000
0.997362 0.034972 0.063610 0.000000 -0.026139 0.990535 -0.134752 11.384000 -0.067721 0.132734 0.988835 0.000000 0.000000 0.000000 0.000000 1.000000
0.997816 0.036277 0.055202 0.000000 -0.028497 0.990340 -0.135703 11.384000 -0.059591 0.133833 0.989211 0.000000 0.000000 0.000000 0.000000 1.000000
0.998434 0.037729 0.041309 -0.000000 -0.031768 0.990132 -0.136493 11.384000 -0.046051 0.134967 0.989779 0.000000 0.000000 0.000000 0.000000 1.000000
0.998907 0.037407 0.028013 -0.000000 -0.033231 0.990013 -0.137005 11.384000 -0.032858 0.135924 0.990174 0.000000 0.000000 0.000000 0.000000 1.000000
0.999205 0.033947 0.020885 -0.000000 -0.030811 0.990293 -0.135538 11.384000 -0.025283 0.134787 0.990552 0.000000 0.000000 0.000000 0.000000 1.000000
0.999395 0.028514 0.019891 -0.000000 -0.025668 0.991048 -0.131013 11.384000 -0.023449 0.130423 0.991181 0.000000 0.000000 0.000000 0.000000 1.000000
0.999537 0.023633 0.019173 0.000000 -0.021063 0.991977 -0.124652 11.384000 -0.021965 0.124190 0.992015 0.000000 0.000000 0.000000 0.000000 1.000000
0.999703 0.020709 0.012814 0.000000 -0.019044 0.992751 -0.118673 11.384000 -0.015179 0.118394 0.992851 0.000000 0.000000 0.000000 0.000000 1.000000
0.999811 0.019418 0.000552 0.000000 -0.019228 0.993279 -0.114134 11.384000 -0.002765 0.114102 0.993465 0.000000 0.000000 0.000000 0.000000 1.000000
0.999737 0.018871 -0.012997 -0.000000 -0.020197 0.993627 -0.110895 11.384000 0.010822 0.111129 0.993747 0.000000 0.000000 0.000000 0.000000 1.000000
0.999555 0.018635 -0.023283 0.000000 -0.021060 0.993852 -0.108692 11.384000 0.021114 0.109134 0.993803 0.000000 0.000000 0.000000 0.000000 1.000000
0.999433 0.018695 -0.028016 0.000000 -0.021604 0.993977 -0.107440 11.384000 0.025839 0.107984 0.993817 -0.000000 0.000000 0.000000 0.000000 1.000000</float_array><technique_common><accessor source="#mixamorig7_Spine1-Matrix-animation-output-transform-array" count="31" stride="16"><param type="float4x4"/></accessor></technique_common></source><source id="mixamorig7_Spine1-Interpolations"><Name_array id="mixamorig7_Spine1-Interpolations-array" count="31">
 LINEAR LINEAR LINEAR LINEAR LINEAR LINEAR LINEAR LINEAR LINEAR LINEAR LINEAR
LINEAR LINEAR LINEAR LINEAR LINEAR LINEAR LINEAR LINEAR LINEAR LINEAR LINEAR LINEAR
LINEAR LINEAR LINEAR LINEAR LINEAR LINEAR LINEAR LINEAR</Name_array><technique_common><accessor source="#mixamorig7_Spine1-Interpolations-array" count="31"><param type="name"/></accessor></technique_common></source><sampler id="mixamorig7_Spine1-Matrix-animation-transform"><input semantic="INPUT" source="#mixamorig7_Spine1-Matrix-animation-input"/><input semantic="OUTPUT" source="#mixamorig7_Spine1-Matrix-animation-output-transform"/><input semantic="INTERPOLATION" source="#mixamorig7_Spine1-Interpolations"/></sampler><channel source="#mixamorig7_Spine1-Matrix-animation-transform" target="mixamorig7_Spine1/matrix"/></animation>
    <animation id="mixamorig7_Spine2-anim" name="mixamorig7_Spine2"><source id="mixamorig7_Spine2-Matrix-animation-input"><float_array id="mixamorig7_Spine2-Matrix-animation-input-array" count="31">

0.000000 0.033333 0.066667 0.100000 0.133333 0.166667 0.200000 0.233333 0.266667 0.300000 0.333333 0.366667 0.400000 0.433333 0.466667 0.500000
0.533333 0.566667 0.600000 0.633333 0.666667 0.700000 0.733333 0.766667 0.800000 0.833333 0.866667 0.900000 0.933333 0.966667 1.000000</float_array><technique_common><accessor source="#mixamorig7_Spine2-Matrix-animation-input-array" count="31"><param name="TIME" type="float"/></accessor></technique_common></source><source id="mixamorig7_Spine2-Matrix-animation-output-transform"><float_array id="mixamorig7_Spine2-Matrix-animation-output-transform-array" count="496">

0.999425 0.018640 -0.028340 0.000000 -0.021583 0.993986 -0.107362 13.010300 0.026169 0.107911 0.993816 0.000000 0.000000 0.000000 0.000000 1.000000
0.999549 0.010014 -0.028306 0.000000 -0.013182 0.993388 -0.114050 13.010300 0.026977 0.114372 0.993072 0.000000 0.000000 0.000000 0.000000 1.000000
0.999667 0.003003 -0.025642 -0.000000 -0.006090 0.992611 -0.121190 13.010300 0.025089 0.121306 0.992298 -0.000000 0.000000 0.000000 0.000000 1.000000
0.999769 -0.001868 -0.021390 0.000000 -0.000875 0.991836 -0.127515 13.010300 0.021454 0.127505 0.991606 0.000000 0.000000 0.000000 0.000000 1.000000
0.999862 -0.004284 -0.016035 0.000000 0.002145 0.991365 -0.131112 13.010300 0.016458 0.131060 0.991238 -0.000000 0.000000 0.000000 0.000000 1.000000
0.999952 -0.003958 -0.008907 -0.000000 0.002760 0.991430 -0.130611 13.010300 0.009348 0.130580 0.991394 0.000000 0.000000 0.000000 0.000000 1.000000
0.999999 -0.000840 0.000598 0.000000 0.000909 0.991940 -0.126702 13.010300 -0.000486 0.126702 0.991941 -0.000000 0.000000 0.000000 0.000000 1.000000
0.999930 0.004054 0.011085 0.000000 -0.002674 0.992558 -0.121743 13.010300 -0.011496 0.121705 0.992500 0.000000 0.000000 0.000000 0.000000 1.000000
0.999768 0.008714 0.019706 0.000000 -0.006341 0.993059 -0.117446 13.010300 -0.020593 0.117293 0.992884 -0.000000 0.000000 0.000000 0.000000 1.000000
0.999623 0.011335 0.025019 0.000000 -0.008427 0.993509 -0.113441 13.010300 -0.026143 0.113188 0.993230 0.000000 0.000000 0.000000 0.000000 1.000000
0.999526 0.011377 0.028612 -0.000000 -0.008216 0.994089 -0.108256 13.010300 -0.029675 0.107969 0.993711 -0.000000 0.000000 0.000000 0.000000 1.000000
0.999399 0.009446 0.033356 0.000000 -0.006011 0.994805 -0.101617 13.010300 -0.034143 0.101355 0.994264 0.000000 0.000000 0.000000 0.000000 1.000000
0.999163 0.007027 0.040294 0.000000 -0.003144 0.995412 -0.095630 13.010300 -0.040781 0.095423 0.994601 -0.000000 0.000000 0.000000 0.000000 1.000000
0.998844 0.006186 0.047668 0.000000 -0.001710 0.995630 -0.093372 13.010300 -0.048037 0.093183 0.994489 0.000000 0.000000 0.000000 0.000000 1.000000
0.998550 0.009339 0.053025 0.000000 -0.004138 0.995242 -0.097350 13.010300 -0.053682 0.096990 0.993837 0.000000 0.000000 0.000000 0.000000 1.000000
0.998302 0.016272 0.055930 0.000000 -0.010262 0.994302 -0.106104 13.010300 -0.057338 0.105350 0.992781 0.000000 0.000000 0.000000 0.000000 1.000000
0.997997 0.024565 0.058295 0.000000 -0.017629 0.993017 -0.116644 13.010300 -0.060754 0.115382 0.991462 0.000000 0.000000 0.000000 0.000000 1.000000
0.997611 0.030918 0.061773 0.000000 -0.022945 0.991784 -0.125846 13.010300 -0.065157 0.124128 0.990125 -0.000000 0.000000 0.000000 0.000000 1.000000
0.997309 0.033953 0.064980 0.000000 -0.025145 0.990951 -0.131850 13.010300 -0.068869 0.129862 0.989138 0.000000 0.000000 0.000000 0.000000 1.000000
0.997341 0.035080 0.063874 0.000000 -0.026220 0.990552 -0.134605 13.010300 -0.067992 0.132572 0.988839 -0.000000 0.000000 0.000000 0.000000 1.000000
0.997798 0.036313 0.055511 0.000000 -0.028499 0.990357 -0.135578 13.010300 -0.059899 0.133697 0.989210 0.000000 0.000000 0.000000 0.000000 1.000000
0.998421 0.037702 0.041641 0.000000 -0.031700 0.990146 -0.136407 13.010300 -0.046374 0.134871 0.989777 0.000000 0.000000 0.000000 0.000000 1.000000
0.998902 0.037357 0.028269 0.000000 -0.033149 0.990021 -0.136963 13.010300 -0.033104 0.135875 0.990173 0.000000 0.000000 0.000000 0.000000 1.000000
0.999206 0.033915 0.020924 0.000000 -0.030774 0.990294 -0.135540 13.010300 -0.025317 0.134788 0.990551 -0.000000 0.000000 0.000000 0.000000 1.000000
0.999401 0.028523 0.019621 -0.000000 -0.025711 0.991041 -0.131056 13.010300 -0.023184 0.130473 0.991181 -0.000000 0.000000 0.000000 0.000000 1.000000
0.999546 0.023681 0.018648 0.000000 -0.021174 0.991966 -0.124722 13.010300 -0.021452 0.124270 0.992017 0.000000 0.000000 0.000000 0.000000 1.000000
0.999710 0.020769 0.012203 -0.000000 -0.019175 0.992741 -0.118735 13.010300 -0.014581 0.118467 0.992851 0.000000 0.000000 0.000000 0.000000 1.000000
0.999811 0.019456 0.000002 0.000000 -0.019329 0.993274 -0.114160 13.010300 -0.002224 0.114138 0.993462 0.000000 0.000000 0.000000 0.000000 1.000000
0.999732 0.018872 -0.013435 -0.000000 -0.020246 0.993628 -0.110876 13.010300 0.011257 0.111118 0.993743 0.000000 0.000000 0.000000 0.000000 1.000000
0.999548 0.018602 -0.023633 -0.000000 -0.021065 0.993858 -0.108635 13.010300 0.021467 0.109084 0.993801 0.000000 0.000000 0.000000 0.000000 1.000000
0.999425 0.018640 -0.028340 -0.000000 -0.021583 0.993986 -0.107361 13.010300 0.026169 0.107911 0.993816 0.000000 0.000000 0.000000 0.000000 1.000000</float_array><technique_common><accessor source="#mixamorig7_Spine2-Matrix-animation-output-transform-array" count="31" stride="16"><param type="float4x4"/></accessor></technique_common></source><source id="mixamorig7_Spine2-Interpolations"><Name_array id="mixamorig7_Spine2-Interpolations-array" count="31">
 LINEAR LINEAR LINEAR LINEAR LINEAR LINEAR LINEAR LINEAR LINEAR LINEAR LINEAR
LINEAR LINEAR LINEAR LINEAR LINEAR LINEAR LINEAR LINEAR LINEAR LINEAR LINEAR LINEAR
LINEAR LINEAR LINEAR LINEAR LINEAR LINEAR LINEAR LINEAR</Name_array><technique_common><accessor source="#mixamorig7_Spine2-Interpolations-array" count="31"><param type="name"/></accessor></technique_common></source><sampler id="mixamorig7_Spine2-Matrix-animation-transform"><input semantic="INPUT" source="#mixamorig7_Spine2-Matrix-animation-input"/><input semantic="OUTPUT" source="#mixamorig7_Spine2-Matrix-animation-output-transform"/><input semantic="INTERPOLATION" source="#mixamorig7_Spine2-Interpolations"/></sampler><channel source="#mixamorig7_Spine2-Matrix-animation-transform" target="mixamorig7_Spine2/matrix"/></animation>
    <animation id="mixamorig7_Neck-anim" name="mixamorig7_Neck"><source id="mixamorig7_Neck-Matrix-animation-input"><float_array id="mixamorig7_Neck-Matrix-animation-input-array" count="31">

0.000000 0.033333 0.066667 0.100000 0.133333 0.166667 0.200000 0.233333 0.266667 0.300000 0.333333 0.366667 0.400000 0.433333 0.466667 0.500000
0.533333 0.566667 0.600000 0.633333 0.666667 0.700000 0.733333 0.766667 0.800000 0.833333 0.866667 0.900000 0.933333 0.966667 1.000000</float_array><technique_common><accessor source="#mixamorig7_Neck-Matrix-animation-input-array" count="31"><param name="TIME" type="float"/></accessor></technique_common></source><source id="mixamorig7_Neck-Matrix-animation-output-transform"><float_array id="mixamorig7_Neck-Matrix-animation-output-transform-array" count="496">

0.999350 -0.031210 0.018067 0.000000 0.032082 0.998224 -0.050186 14.636600 -0.016469 0.050733 0.998576 0.000000 0.000000 0.000000 0.000000 1.000000
0.999192 -0.037341 0.014852 0.000000 0.038067 0.997921 -0.052013 14.636600 -0.012879 0.052536 0.998536 0.000000 0.000000 0.000000 0.000000 1.000000
0.998966 -0.043810 0.012170 0.000000 0.044402 0.997575 -0.053602 14.636600 -0.009792 0.054087 0.998488 0.000000 0.000000 0.000000 0.000000 1.000000
0.998726 -0.049385 0.010374 0.000000 0.049883 0.997242 -0.054961 14.636600 -0.007631 0.055409 0.998435 0.000000 0.000000 0.000000 0.000000 1.000000
0.998542 -0.053156 0.009411 0.000000 0.053601 0.996987 -0.056063 14.636600 -0.006402 0.056486 0.998383 0.000000 0.000000 0.000000 0.000000 1.000000
0.998427 -0.055378 0.008782 0.000000 0.055790 0.996821 -0.056880 14.636600 -0.005605 0.057280 0.998342 0.000000 0.000000 0.000000 0.000000 1.000000
0.998337 -0.057074 0.008069 0.000000 0.057444 0.996697 -0.057397 14.636600 -0.004767 0.057765 0.998319 0.000000 0.000000 0.000000 0.000000 1.000000
0.998254 -0.058605 0.007357 0.000000 0.058933 0.996591 -0.057735 14.636600 -0.003949 0.058068 0.998305 0.000000 0.000000 0.000000 0.000000 1.000000
0.998235 -0.058953 0.007145 0.000000 0.059270 0.996540 -0.058273 14.636600 -0.003685 0.058594 0.998275 0.000000 0.000000 0.000000 0.000000 1.000000
0.998367 -0.056576 0.007934 0.000000 0.056948 0.996608 -0.059412 14.636600 -0.004546 0.059767 0.998202 0.000000 0.000000 0.000000 0.000000 1.000000
0.998651 -0.050979 0.009852 0.000000 0.051487 0.996807 -0.061031 14.636600 -0.006709 0.061455 0.998087 0.000000 0.000000 0.000000 0.000000 1.000000
0.998975 -0.043509 0.012493 0.000000 0.044207 0.997067 -0.062482 14.636600 -0.009738 0.062970 0.997968 0.000000 0.000000 0.000000 0.000000 1.000000
0.999215 -0.036642 0.015066 0.000000 0.037527 0.997284 -0.063370 14.636600 -0.012703 0.063886 0.997876 0.000000 0.000000 0.000000 0.000000 1.000000
0.999338 -0.032269 0.016819 0.000000 0.033284 0.997392 -0.064038 14.636600 -0.014709 0.064555 0.997806 0.000000 0.000000 0.000000 0.000000 1.000000
0.999387 -0.030325 0.017480 0.000000 0.031402 0.997388 -0.065054 14.636600 -0.015461 0.065563 0.997729 0.000000 0.000000 0.000000 0.000000 1.000000
0.999430 -0.028988 0.017302 0.000000 0.030080 0.997328 -0.066580 14.636600 -0.015326 0.067062 0.997631 -0.000000 0.000000 0.000000 0.000000 1.000000
0.999509 -0.026496 0.016733 0.000000 0.027584 0.997267 -0.068544 14.636600 -0.014871 0.068972 0.997508 0.000000 0.000000 0.000000 0.000000 1.000000
0.999601 -0.023204 0.016078 0.000000 0.024289 0.997181 -0.071000 14.636600 -0.014385 0.071362 0.997347 0.000000 0.000000 0.000000 0.000000 1.000000
0.999640 -0.021939 0.015468 0.000000 0.023023 0.997013 -0.073725 14.636600 -0.013804 0.074054 0.997159 0.000000 0.000000 0.000000 0.000000 1.000000
0.999553 -0.025877 0.014968 0.000000 0.026939 0.996763 -0.075752 14.636600 -0.012959 0.076121 0.997014 0.000000 0.000000 0.000000 0.000000 1.000000
0.999265 -0.035443 0.014603 0.000000 0.036455 0.996433 -0.076110 14.636600 -0.011854 0.076587 0.996992 0.000000 0.000000 0.000000 0.000000 1.000000
0.998784 -0.047157 0.014358 0.000000 0.048108 0.996005 -0.075236 14.636600 -0.010752 0.075835 0.997062 -0.000000 0.000000 0.000000 0.000000 1.000000
0.998329 -0.056004 0.014227 0.000000 0.056917 0.995560 -0.074967 14.636600 -0.009965 0.075651 0.997085 0.000000 0.000000 0.000000 0.000000 1.000000
0.998142 -0.059258 0.014205 0.000000 0.060175 0.995255 -0.076468 14.636600 -0.009607 0.077180 0.996971 0.000000 0.000000 0.000000 0.000000 1.000000
0.998229 -0.057745 0.014294 0.000000 0.058692 0.995198 -0.078331 14.636600 -0.009702 0.079031 0.996825 0.000000 0.000000 0.000000 0.000000 1.000000
0.998453 -0.053642 0.014603 0.000000 0.054618 0.995489 -0.077576 14.636600 -0.010376 0.078254 0.996879 0.000000 0.000000 0.000000 0.000000 1.000000
0.998716 -0.048297 0.015259 0.000000 0.049284 0.996130 -0.072776 14.636600 -0.011685 0.073434 0.997232 -0.000000 0.000000 0.000000 0.000000 1.000000
0.998969 -0.042421 0.016177 0.000000 0.043392 0.996918 -0.065362 14.636600 -0.013354 0.065996 0.997730 0.000000 0.000000 0.000000 0.000000 1.000000
0.999170 -0.036987 0.017090 0.000000 0.037921 0.997595 -0.058022 14.636600 -0.014902 0.058622 0.998169 0.000000 0.000000 0.000000 0.000000 1.000000
0.999297 -0.033029 0.017759 -0.000000 0.033924 0.998035 -0.052683 14.636600 -0.015984 0.053248 0.998453 0.000000 0.000000 0.000000 0.000000 1.000000
0.999350 -0.031210 0.018067 0.000000 0.032082 0.998224 -0.050186 14.636600 -0.016469 0.050733 0.998576 0.000000 0.000000 0.000000 0.000000 1.000000</float_array><technique_common><accessor source="#mixamorig7_Neck-Matrix-animation-output-transform-array" count="31" stride="16"><param type="float4x4"/></accessor></technique_common></source><source id="mixamorig7_Neck-Interpolations"><Name_array id="mixamorig7_Neck-Interpolations-array" count="31">
 LINEAR LINEAR LINEAR LINEAR LINEAR LINEAR LINEAR LINEAR LINEAR LINEAR LINEAR
LINEAR LINEAR LINEAR LINEAR LINEAR LINEAR LINEAR LINEAR LINEAR LINEAR LINEAR LINEAR
LINEAR LINEAR LINEAR LINEAR LINEAR LINEAR LINEAR LINEAR</Name_array><technique_common><accessor source="#mixamorig7_Neck-Interpolations-array" count="31"><param type="name"/></accessor></technique_common></source><sampler id="mixamorig7_Neck-Matrix-animation-transform"><input semantic="INPUT" source="#mixamorig7_Neck-Matrix-animation-input"/><input semantic="OUTPUT" source="#mixamorig7_Neck-Matrix-animation-output-transform"/><input semantic="INTERPOLATION" source="#mixamorig7_Neck-Interpolations"/></sampler><channel source="#mixamorig7_Neck-Matrix-animation-transform" target="mixamorig7_Neck/matrix"/></animation>
    <animation id="mixamorig7_Head-anim" name="mixamorig7_Head"><source id="mixamorig7_Head-Matrix-animation-input"><float_array id="mixamorig7_Head-Matrix-animation-input-array" count="31">

0.000000 0.033333 0.066667 0.100000 0.133333 0.166667 0.200000 0.233333 0.266667 0.300000 0.333333 0.366667 0.400000 0.433333 0.466667 0.500000
0.533333 0.566667 0.600000 0.633333 0.666667 0.700000 0.733333 0.766667 0.800000 0.833333 0.866667 0.900000 0.933333 0.966667 1.000000</float_array><technique_common><accessor source="#mixamorig7_Head-Matrix-animation-input-array" count="31"><param name="TIME" type="float"/></accessor></technique_common></source><source id="mixamorig7_Head-Matrix-animation-output-transform"><float_array id="mixamorig7_Head-Matrix-animation-output-transform-array" count="496">

0.999260 -0.033636 0.018672 0.000000 0.032414 0.997530 0.062309 6.944300 -0.020722 -0.061658 0.997882 1.982500 0.000000 0.000000 0.000000 1.000000
0.999091 -0.039708 0.015479 0.000000 0.038709 0.997432 0.060263 6.944300 -0.017832 -0.059609 0.998063 1.982500 0.000000 0.000000 0.000000 1.000000
0.998853 -0.046124 0.012828 0.000000 0.045300 0.997263 0.058433 6.944300 -0.015488 -0.057785 0.998209 1.982500 0.000000 0.000000 0.000000 1.000000
0.998604 -0.051651 0.011054 0.000000 0.050943 0.997081 0.056864 6.944300 -0.013959 -0.056221 0.998321 1.982500 0.000000 0.000000 0.000000 1.000000
0.998414 -0.055382 0.010096 0.000000 0.054739 0.996951 0.055616 6.944300 -0.013145 -0.054976 0.998401 1.982500 0.000000 0.000000 0.000000 1.000000
0.998296 -0.057576 0.009462 -0.000000 0.056975 0.996875 0.054715 6.944300 -0.012582 -0.054082 0.998457 1.982500 0.000000 0.000000 0.000000 1.000000
0.998205 -0.059254 0.008751 0.000000 0.058697 0.996807 0.054135 6.944300 -0.011931 -0.053524 0.998495 1.982500 0.000000 0.000000 0.000000 1.000000
0.998119 -0.060773 0.008057 0.000000 0.060255 0.996735 0.053742 6.944300 -0.011296 -0.053156 0.998522 1.982500 0.000000 0.000000 0.000000 1.000000
0.998101 -0.061096 0.007862 -0.000000 0.060594 0.996744 0.053191 6.944300 -0.011086 -0.052614 0.998553 1.982500 0.000000 0.000000 0.000000 1.000000
0.998240 -0.058669 0.008641 0.000000 0.058141 0.996946 0.052143 6.944300 -0.011674 -0.051548 0.998602 1.982500 0.000000 0.000000 0.000000 1.000000
0.998539 -0.053001 0.010517 0.000000 0.052403 0.997337 0.050733 6.944300 -0.013178 -0.050108 0.998657 1.982500 0.000000 0.000000 0.000000 1.000000
0.998880 -0.045468 0.013102 -0.000000 0.044767 0.997768 0.049556 6.944300 -0.015326 -0.048914 0.998685 1.982500 0.000000 0.000000 0.000000 1.000000
0.999134 -0.038562 0.015622 0.000000 0.037757 0.998089 0.048922 6.944300 -0.017479 -0.048289 0.998680 1.982500 0.000000 0.000000 0.000000 1.000000
0.999266 -0.034160 0.017331 0.000000 0.033287 0.998272 0.048418 6.944300 -0.018955 -0.047805 0.998677 1.982500 0.000000 0.000000 0.000000 1.000000
0.999321 -0.032177 0.017952 0.000000 0.031294 0.998382 0.047479 6.944300 -0.019451 -0.046885 0.998711 1.982500 0.000000 0.000000 0.000000 1.000000
0.999369 -0.030783 0.017742 -0.000000 0.029939 0.998492 0.046013 6.944300 -0.019132 -0.045453 0.998783 1.982500 0.000000 0.000000 0.000000 1.000000
0.999455 -0.028217 0.017149 0.000000 0.027437 0.998648 0.044150 6.944300 -0.018371 -0.043656 0.998878 1.982500 0.000000 0.000000 0.000000 1.000000
0.999556 -0.024835 0.016478 0.000000 0.024127 0.998834 0.041823 6.944300 -0.017497 -0.041407 0.998989 1.982500 0.000000 0.000000 0.000000 1.000000
0.999599 -0.023467 0.015860 0.000000 0.022832 0.998973 0.039142 6.944300 -0.016762 -0.038764 0.999108 1.982500 0.000000 0.000000 0.000000 1.000000
0.999509 -0.027323 0.015367 -0.000000 0.026740 0.998959 0.036953 6.944300 -0.016360 -0.036524 0.999199 1.982500 0.000000 0.000000 0.000000 1.000000
0.999207 -0.036863 0.015038 -0.000000 0.036298 0.998685 0.036215 6.944300 -0.016353 -0.035641 0.999231 1.982500 0.000000 0.000000 0.000000 1.000000
0.998708 -0.048594 0.014858 -0.000000 0.048023 0.998174 0.036627 6.944300 -0.016611 -0.035867 0.999219 1.982500 0.000000 0.000000 0.000000 1.000000
0.998240 -0.057435 0.014790 0.000000 0.056864 0.997713 0.036545 6.944300 -0.016855 -0.035640 0.999223 1.982500 0.000000 0.000000 0.000000 1.000000
0.998051 -0.060621 0.014787 -0.000000 0.060075 0.997583 0.034912 6.944300 -0.016868 -0.033956 0.999281 1.982500 0.000000 0.000000 0.000000 1.000000
0.998145 -0.059035 0.014856 0.000000 0.058518 0.997737 0.033104 6.944300 -0.016777 -0.032173 0.999341 1.982500 0.000000 0.000000 0.000000 1.000000
0.998373 -0.054966 0.015149 0.000000 0.054426 0.997938 0.034021 6.944300 -0.016988 -0.033141 0.999306 1.982500 0.000000 0.000000 0.000000 1.000000
0.998633 -0.049816 0.015814 0.000000 0.049168 0.998027 0.039040 6.944300 -0.017728 -0.038209 0.999113 1.982500 0.000000 0.000000 0.000000 1.000000
0.998880 -0.044239 0.016755 -0.000000 0.043415 0.997965 0.046692 6.944300 -0.018786 -0.045912 0.998769 1.982500 0.000000 0.000000 0.000000 1.000000
0.999079 -0.039099 0.017685 -0.000000 0.038088 0.997801 0.054249 6.944300 -0.019767 -0.053525 0.998371 1.982500 0.000000 0.000000 0.000000 1.000000
0.999206 -0.035355 0.018362 0.000000 0.034202 0.997628 0.059742 6.944300 -0.020430 -0.059067 0.998045 1.982500 0.000000 0.000000 0.000000 1.000000
0.999260 -0.033636 0.018672 -0.000000 0.032413 0.997530 0.062309 6.944300 -0.020722 -0.061657 0.997882 1.982500 0.000000 0.000000 0.000000 1.000000</float_array><technique_common><accessor source="#mixamorig7_Head-Matrix-animation-output-transform-array" count="31" stride="16"><param type="float4x4"/></accessor></technique_common></source><source id="mixamorig7_Head-Interpolations"><Name_array id="mixamorig7_Head-Interpolations-array" count="31">
 LINEAR LINEAR LINEAR LINEAR LINEAR LINEAR LINEAR LINEAR LINEAR LINEAR LINEAR
LINEAR LINEAR LINEAR LINEAR LINEAR LINEAR LINEAR LINEAR LINEAR LINEAR LINEAR LINEAR
LINEAR LINEAR LINEAR LINEAR LINEAR LINEAR LINEAR LINEAR</Name_array><technique_common><accessor source="#mixamorig7_Head-Interpolations-array" count="31"><param type="name"/></accessor></technique_common></source><sampler id="mixamorig7_Head-Matrix-animation-transform"><input semantic="INPUT" source="#mixamorig7_Head-Matrix-animation-input"/><input semantic="OUTPUT" source="#mixamorig7_Head-Matrix-animation-output-transform"/><input semantic="INTERPOLATION" source="#mixamorig7_Head-Interpolations"/></sampler><channel source="#mixamorig7_Head-Matrix-animation-transform" target="mixamorig7_Head/matrix"/></animation>
    <animation id="mixamorig7_LeftShoulder-anim" name="mixamorig7_LeftShoulder"><source id="mixamorig7_LeftShoulder-Matrix-animation-input"><float_array id="mixamorig7_LeftShoulder-Matrix-animation-input-array" count="31">

0.000000 0.033333 0.066667 0.100000 0.133333 0.166667 0.200000 0.233333 0.266667 0.300000 0.333333 0.366667 0.400000 0.433333 0.466667 0.500000
