<?xml version="1.0" encoding="utf-8"?>
<COLLADA xmlns="http://www.collada.org/2005/11/COLLADASchema" version="1.4.1">
  <asset><contributor><author>Mixamo</author><authoring_tool>COLLADA Mixamo exporter</authoring_tool><comments></comments></contributor><created>2020-02-25T10:27:59Z</created><modified>2020-02-25T10:27:59Z</modified><revision></revision><title></title><unit meter="0.010000"/><up_axis>Y_UP</up_axis></asset>
  <library_animations>
    <animation id="mixamorig7_Hips-anim" name="mixamorig7_Hips"><source id="mixamorig7_Hips-Matrix-animation-input"><float_array id="mixamorig7_Hips-Matrix-animation-input-array" count="81">

0.000000 0.033333 0.066667 0.100000 0.133333 0.166667 0.200000 0.233333 0.266667 0.300000 0.333333 0.366667 0.400000 0.433333 0.466667 0.500000
0.533333 0.566667 0.600000 0.633333 0.666667 0.700000 0.733333 0.766667 0.800000 0.833333 0.866667 0.900000 0.933333 0.966667 1.000000 1.033333
1.066667 1.100000 1.133333 1.166667 1.200000 1.233333 1.266667 1.300000 1.333333 1.366667 1.400000 1.433333 1.466667 1.500000 1.533333 1.566667
1.600000 1.633333 1.666667 1.700000 1.733333 1.766667 1.800000 1.833333 1.866667 1.900000 1.933333 1.966667 2.000000 2.033333 2.066667 2.100000
2.133333 2.166667 2.200000 2.233333 2.266667 2.300000 2.333333 2.366667 2.400000 2.433333 2.466667 2.500000 2.533333 2.566667 2.600000 2.633333
2.666667</float_array><technique_common><accessor source="#mixamorig7_Hips-Matrix-animation-input-array" count="81"><param name="TIME" type="float"/></accessor></technique_common></source><source id="mixamorig7_Hips-Matrix-animation-output-transform"><float_array id="mixamorig7_Hips-Matrix-animation-output-transform-array" count="1296">

0.999392 -0.034862 0.000556 -0.011625 0.028302 0.820439 0.571034 58.440247 -0.020364 -0.570671 0.820927 -3.454294 0.000000 0.000000 0.000000 1.000000
0.999349 -0.036067 0.000890 0.007111 0.029115 0.820807 0.570463 58.459930 -0.021306 -0.570065 0.821323 -3.466540 0.000000 0.000000 0.000000 1.000000
0.999315 -0.036987 0.001495 0.032581 0.029552 0.821459 0.569501 58.487755 -0.022293 -0.569066 0.821989 -3.487547 0.000000 0.000000 0.000000 1.000000
0.999442 -0.033395 -0.000424 0.025622 0.027708 0.822044 0.568749 58.506985 -0.018645 -0.568443 0.822511 -3.520023 0.000000 0.000000 0.000000 1.000000
0.999736 -0.020982 -0.009323 -0.091824 0.022558 0.822068 0.568942 58.481453 -0.004273 -0.569002 0.822325 -3.570766 0.000000 0.000000 0.000000 1.000000
0.999675 0.000299 -0.025478 -0.379730 0.014286 0.821398 0.570176 58.407803 0.021098 -0.570355 0.821127 -3.636697 0.000000 0.000000 0.000000 1.000000
0.998856 0.024514 -0.041069 -0.728174 0.003385 0.820277 0.571956 58.362640 0.047709 -0.571440 0.819256 -3.732680 0.000000 0.000000 0.000000 1.000000
0.998007 0.043173 -0.046018 -1.000739 -0.008999 0.819216 0.573415 58.402843 0.062455 -0.571858 0.817971 -3.868730 0.000000 0.000000 0.000000 1.000000
0.998006 0.050770 -0.037490 -1.113725 -0.020190 0.819638 0.572526 58.453602 0.059795 -0.570627 0.819029 -4.005038 0.000000 0.000000 0.000000 1.000000
0.998835 0.044212 -0.019329 -0.948426 -0.025354 0.821709 0.569343 58.356209 0.041054 -0.568190 0.821873 -4.053394 0.000000 0.000000 0.000000 1.000000
0.999658 0.025921 0.003547 -0.548062 -0.023336 0.822126 0.568827 58.080658 0.011829 -0.568715 0.822449 -3.976836 0.000000 0.000000 0.000000 1.000000
0.999631 0.003906 0.026875 -0.090414 -0.018620 0.818936 0.573583 57.866035 -0.019769 -0.573872 0.818707 -3.934196 0.000000 0.000000 0.000000 1.000000
0.998804 -0.013693 0.046929 0.314542 -0.016111 0.814144 0.580439 57.892281 -0.046154 -0.580501 0.812950 -4.028192 0.000000 0.000000 0.000000 1.000000
0.997746 -0.024730 0.062386 0.588054 -0.016524 0.810474 0.585542 58.081039 -0.065043 -0.585253 0.808238 -4.129992 0.000000 0.000000 0.000000 1.000000
0.996886 -0.028800 0.073406 0.533396 -0.020059 0.807665 0.589300 58.381966 -0.076259 -0.588937 0.804573 -4.210043 0.000000 0.000000 0.000000 1.000000
0.996456 -0.029877 0.078625 0.471784 -0.022953 0.802709 0.595930 58.465149 -0.080917 -0.595623 0.799178 -4.003724 0.000000 0.000000 0.000000 1.000000
0.996665 -0.031219 0.075391 0.570395 -0.020916 0.795306 0.605847 58.547890 -0.078873 -0.605403 0.792001 -3.801881 0.000000 0.000000 0.000000 1.000000
0.997576 -0.035467 0.059868 0.845127 -0.009020 0.787189 0.616646 58.768654 -0.068999 -0.615691 0.784961 -3.711046 0.000000 0.000000 0.000000 1.000000
0.998598 -0.043329 0.030404 1.168620 0.014815 0.780222 0.625327 59.053898 -0.050817 -0.624000 0.779771 -3.659422 0.000000 0.000000 0.000000 1.000000
0.998532 -0.053952 -0.004810 1.390932 0.044829 0.773315 0.632435 59.238567 -0.030402 -0.631722 0.774598 -3.618823 0.000000 0.000000 0.000000 1.000000
0.997454 -0.065390 -0.028455 1.465007 0.068424 0.765134 0.640225 59.285698 -0.020093 -0.640542 0.767660 -3.728618 0.000000 0.000000 0.000000 1.000000
0.996662 -0.076518 -0.028460 1.363468 0.076767 0.759773 0.645641 59.277779 -0.027780 -0.645670 0.763111 -4.085144 0.000000 0.000000 0.000000 1.000000
0.995995 -0.088800 -0.010379 1.006406 0.074658 0.762222 0.642996 59.184593 -0.049187 -0.641196 0.765799 -4.512105 0.000000 0.000000 0.000000 1.000000
0.994567 -0.103874 0.006876 0.323882 0.075943 0.769141 0.634551 58.867409 -0.071202 -0.630581 0.772850 -4.762622 0.000000 0.000000 0.000000 1.000000
0.992604 -0.121121 0.008169 -0.456713 0.089063 0.772298 0.628986 58.402409 -0.082492 -0.623606 0.777374 -4.862862 0.000000 0.000000 0.000000 1.000000
0.990804 -0.135175 -0.005913 -1.115495 0.108756 0.769642 0.629145 57.972412 -0.080494 -0.624002 0.777266 -4.881300 0.000000 0.000000 0.000000 1.000000
0.989490 -0.142171 -0.026407 -1.559527 0.126839 0.765651 0.630627 57.736801 -0.069438 -0.627349 0.775636 -4.856060 0.000000 0.000000 0.000000 1.000000
0.988350 -0.144205 -0.048666 -1.880970 0.142351 0.762755 0.630825 57.732822 -0.053848 -0.630404 0.774397 -4.823145 0.000000 0.000000 0.000000 1.000000
0.986973 -0.144459 -0.070823 -2.192664 0.156497 0.759895 0.630926 57.842834 -0.037325 -0.633791 0.772603 -4.850016 0.000000 0.000000 0.000000 1.000000
0.985766 -0.144016 -0.086741 -2.419524 0.166214 0.757373 0.631474 57.937080 -0.025247 -0.636903 0.770530 -5.023781 0.000000 0.000000 0.000000 1.000000
0.985474 -0.145388 -0.087764 -2.352235 0.167979 0.758520 0.629627 58.069153 -0.024970 -0.635224 0.771924 -5.382760 0.000000 0.000000 0.000000 1.000000
0.986098 -0.150484 -0.070466 -2.058135 0.161274 0.764615 0.623983 58.237915 -0.040020 -0.626672 0.778255 -5.645873 0.000000 0.000000 0.000000 1.000000
0.986727 -0.156838 -0.042099 -1.810877 0.149071 0.772011 0.617881 58.321102 -0.064406 -0.615956 0.785144 -5.558943 0.000000 0.000000 0.000000 1.000000
0.986971 -0.160065 -0.016348 -1.692269 0.136142 0.776642 0.615055 58.342110 -0.085753 -0.609268 0.788314 -5.254258 0.000000 0.000000 0.000000 1.000000
0.987502 -0.157605 0.000951 -1.663385 0.123686 0.778685 0.615103 58.351189 -0.097684 -0.607298 0.788446 -4.866654 0.000000 0.000000 0.000000 1.000000
0.988262 -0.151889 0.016398 -1.566326 0.109990 0.781895 0.613630 58.362518 -0.106025 -0.604624 0.789423 -4.439829 0.000000 0.000000 0.000000 1.000000
0.988596 -0.145945 0.037126 -1.267347 0.093734 0.789293 0.606819 58.289143 -0.117865 -0.596419 0.793972 -3.921276 0.000000 0.000000 0.000000 1.000000
0.988940 -0.135884 0.059449 -0.782281 0.074346 0.800978 0.594059 58.040440 -0.128340 -0.583069 0.802221 -3.307636 0.000000 0.000000 0.000000 1.000000
0.990445 -0.116082 0.074449 -0.255969 0.052146 0.815027 0.577072 57.721333 -0.127666 -0.567676 0.813293 -2.826957 0.000000 0.000000 0.000000 1.000000
0.992685 -0.089162 0.081401 0.211440 0.028600 0.828712 0.558944 57.665833 -0.117294 -0.552528 0.825200 -2.731018 0.000000 0.000000 0.000000 1.000000
0.994323 -0.063062 0.085708 0.696007 0.006288 0.838882 0.544277 58.138611 -0.106222 -0.540648 0.834516 -2.968345 0.000000 0.000000 0.000000 1.000000
0.994994 -0.044988 0.089238 1.365910 -0.010300 0.842027 0.539337 58.669827 -0.099404 -0.537556 0.837348 -3.058869 0.000000 0.000000 0.000000 1.000000
0.994882 -0.037843 0.093693 2.148490 -0.019573 0.837490 0.546102 58.910172 -0.099133 -0.545141 0.832463 -2.928698 0.000000 0.000000 0.000000 1.000000
0.994339 -0.033685 0.100772 2.836259 -0.028501 0.829103 0.558369 59.069729 -0.102358 -0.558080 0.823450 -2.813848 0.000000 0.000000 0.000000 1.000000
0.993689 -0.023248 0.109736 3.252120 -0.043295 0.822989 0.566405 59.311012 -0.103480 -0.567582 0.816788 -2.964606 0.000000 0.000000 0.000000 1.000000
0.993113 -0.008564 0.116844 3.429106 -0.059796 0.820588 0.568383 59.474869 -0.100748 -0.571456 0.814425 -3.335743 0.000000 0.000000 0.000000 1.000000
0.992793 0.001265 0.119833 3.524566 -0.069887 0.818419 0.570357 59.361599 -0.097352 -0.574621 0.812609 -3.721703 0.000000 0.000000 0.000000 1.000000
0.992838 0.004095 0.119398 3.535988 -0.072604 0.814362 0.575798 59.159863 -0.094875 -0.580343 0.808827 -4.126066 0.000000 0.000000 0.000000 1.000000
0.993342 0.004108 0.115125 3.475783 -0.070788 0.810193 0.581874 58.999084 -0.090883 -0.586149 0.805090 -4.469057 0.000000 0.000000 0.000000 1.000000
0.994385 0.004978 0.105709 3.343320 -0.066123 0.809121 0.583909 58.871387 -0.082625 -0.587620 0.804907 -4.664335 0.000000 0.000000 0.000000 1.000000
0.995713 0.005875 0.092309 3.088305 -0.058702 0.811378 0.581567 58.773415 -0.071481 -0.584493 0.808244 -4.741534 0.000000 0.000000 0.000000 1.000000
0.996944 0.004846 0.077974 2.659173 -0.049235 0.813904 0.578910 58.729794 -0.060658 -0.580979 0.811655 -4.809058 0.000000 0.000000 0.000000 1.000000
0.997955 0.002739 0.063866 2.100271 -0.039289 0.814392 0.578984 58.694073 -0.050426 -0.580309 0.812834 -4.889082 0.000000 0.000000 0.000000 1.000000
0.998790 0.001761 0.049152 1.478840 -0.030006 0.813655 0.580574 58.625336 -0.038971 -0.581346 0.812723 -4.968325 0.000000 0.000000 0.000000 1.000000
0.999418 0.002099 0.034049 0.856731 -0.021496 0.813761 0.580802 58.511612 -0.026488 -0.581196 0.813333 -5.021574 0.000000 0.000000 0.000000 1.000000
0.999797 0.002346 0.020014 0.292526 -0.013501 0.815333 0.578835 58.360954 -0.014960 -0.578988 0.815199 -5.018686 0.000000 0.000000 0.000000 1.000000
0.999969 0.001509 0.007730 -0.178346 -0.005686 0.817426 0.576006 58.203617 -0.005449 -0.576032 0.817409 -4.941400 0.000000 0.000000 0.000000 1.000000
0.999995 -0.000702 -0.003211 -0.528856 0.002416 0.819330 0.573318 58.097965 0.002229 -0.573322 0.819327 -4.813782 0.000000 0.000000 0.000000 1.000000
0.999906 -0.004017 -0.013115 -0.767794 0.010788 0.820813 0.571095 58.084541 0.008471 -0.571183 0.820779 -4.641963 0.000000 0.000000 0.000000 1.000000
0.999729 -0.007235 -0.022124 -0.940042 0.018544 0.822034 0.569137 58.144928 0.014069 -0.569393 0.821945 -4.379844 0.000000 0.000000 0.000000 1.000000
0.999486 -0.007881 -0.031080 -1.084188 0.024098 0.824044 0.566014 58.225048 0.021151 -0.566472 0.823810 -4.009084 0.000000 0.000000 0.000000 1.000000
0.999181 -0.005140 -0.040143 -1.188634 0.026783 0.827600 0.560679 58.282585 0.030341 -0.561295 0.827060 -3.601703 0.000000 0.000000 0.000000 1.000000
0.998905 -0.002907 -0.046697 -1.213968 0.028370 0.831280 0.555129 58.336548 0.037205 -0.555846 0.830452 -3.308324 0.000000 0.000000 0.000000 1.000000
0.998854 -0.004853 -0.047615 -1.127465 0.030406 0.832639 0.552981 58.447525 0.036963 -0.553795 0.831832 -3.236061 0.000000 0.000000 0.000000 1.000000
0.999044 -0.008357 -0.042916 -0.947865 0.030804 0.831114 0.555249 58.624203 0.031028 -0.556040 0.830576 -3.332118 0.000000 0.000000 0.000000 1.000000
0.999349 -0.007622 -0.035253 -0.777302 0.026063 0.828249 0.559754 58.770344 0.024932 -0.560309 0.827909 -3.452540 0.000000 0.000000 0.000000 1.000000
0.999600 -0.003287 -0.028084 -0.727541 0.018551 0.825828 0.563617 58.796844 0.021340 -0.563913 0.825559 -3.484625 0.000000 0.000000 0.000000 1.000000
0.999722 -0.000121 -0.023599 -0.699484 0.013468 0.824077 0.566318 58.747814 0.019379 -0.566478 0.823849 -3.443386 0.000000 0.000000 0.000000 1.000000
0.999774 -0.001242 -0.021216 -0.626554 0.013080 0.822776 0.568215 58.639904 0.016750 -0.568364 0.822606 -3.402613 0.000000 0.000000 0.000000 1.000000
0.999792 -0.005450 -0.019655 -0.482276 0.015669 0.822136 0.569075 58.514751 0.013058 -0.569264 0.822051 -3.412054 0.000000 0.000000 0.000000 1.000000
0.999781 -0.010049 -0.018337 -0.287425 0.018702 0.821931 0.569279 58.404495 0.009351 -0.569498 0.821940 -3.473024 0.000000 0.000000 0.000000 1.000000
0.999763 -0.013767 -0.016872 -0.090065 0.020929 0.821408 0.569956 58.330734 0.006013 -0.570174 0.821502 -3.550871 0.000000 0.000000 0.000000 1.000000
0.999757 -0.016559 -0.014532 0.071485 0.021894 0.820386 0.571391 58.301075 0.002460 -0.571571 0.820549 -3.619775 0.000000 0.000000 0.000000 1.000000
0.999776 -0.018017 -0.011068 0.176913 0.021108 0.819400 0.572834 58.304832 -0.001252 -0.572939 0.819597 -3.669759 0.000000 0.000000 0.000000 1.000000
0.999818 -0.017607 -0.007304 0.223091 0.018611 0.818906 0.573626 58.330833 -0.004119 -0.573658 0.819084 -3.700454 0.000000 0.000000 0.000000 1.000000
0.999865 -0.015851 -0.004269 0.221885 0.015432 0.818927 0.573691 58.371101 -0.005598 -0.573679 0.819061 -3.711025 0.000000 0.000000 0.000000 1.000000
0.999899 -0.014077 -0.002113 0.192977 0.012746 0.819288 0.573240 58.413605 -0.006338 -0.573209 0.819385 -3.695644 0.000000 0.000000 0.000000 1.000000
0.999913 -0.013185 -0.000311 0.156976 0.010988 0.819800 0.572544 58.445755 -0.007294 -0.572498 0.819874 -3.651256 0.000000 0.000000 0.000000 1.000000
0.999912 -0.013163 0.001421 0.130265 0.009987 0.820319 0.571819 58.461521 -0.008692 -0.571755 0.820378 -3.585377 0.000000 0.000000 0.000000 1.000000
0.999905 -0.013508 0.002906 0.121225 0.009428 0.820801 0.571137 58.460365 -0.010100 -0.571055 0.820850 -3.514277 0.000000 0.000000 0.000000 1.000000
0.999899 -0.013673 0.003951 0.125874 0.008976 0.821268 0.570472 58.447929 -0.011045 -0.570379 0.821307 -3.454208 0.000000 0.000000 0.000000 1.000000</float_array><technique_common><accessor source="#mixamorig7_Hips-Matrix-animation-output-transform-array" count="81" stride="16"><param type="float4x4"/></accessor></technique_common></source><source id="mixamorig7_Hips-Interpolations"><Name_array id="mixamorig7_Hips-Interpolations-array" count="81">
 LINEAR LINEAR LINEAR LINEAR LINEAR LINEAR LINEAR LINEAR LINEAR LINEAR LINEAR
LINEAR LINEAR LINEAR LINEAR LINEAR LINEAR LINEAR LINEAR LINEAR LINEAR LINEAR LINEAR
LINEAR LINEAR LINEAR LINEAR LINEAR LINEAR LINEAR LINEAR LINEAR LINEAR LINEAR LINEAR
LINEAR LINEAR LINEAR LINEAR LINEAR LINEAR LINEAR LINEAR LINEAR LINEAR LINEAR LINEAR
LINEAR LINEAR LINEAR LINEAR LINEAR LINEAR LINEAR LINEAR LINEAR LINEAR LINEAR LINEAR
LINEAR LINEAR LINEAR LINEAR LINEAR LINEAR LINEAR LINEAR LINEAR LINEAR LINEAR LINEAR
LINEAR LINEAR LINEAR LINEAR LINEAR LINEAR LINEAR LINEAR LINEAR LINEAR</Name_array><technique_common><accessor source="#mixamorig7_Hips-Interpolations-array" count="81"><param type="name"/></accessor></technique_common></source><sampler id="mixamorig7_Hips-Matrix-animation-transform"><input semantic="INPUT" source="#mixamorig7_Hips-Matrix-animation-input"/><input semantic="OUTPUT" source="#mixamorig7_Hips-Matrix-animation-output-transform"/><input semantic="INTERPOLATION" source="#mixamorig7_Hips-Interpolations"/></sampler><channel source="#mixamorig7_Hips-Matrix-animation-transform" target="mixamorig7_Hips/matrix"/></animation>
    <animation id="mixamorig7_Spine-anim" name="mixamorig7_Spine"><source id="mixamorig7_Spine-Matrix-animation-input"><float_array id="mixamorig7_Spine-Matrix-animation-input-array" count="81">

0.000000 0.033333 0.066667 0.100000 0.133333 0.166667 0.200000 0.233333 0.266667 0.300000 0.333333 0.366667 0.400000 0.433333 0.466667 0.500000
0.533333 0.566667 0.600000 0.633333 0.666667 0.700000 0.733333 0.766667 0.800000 0.833333 0.866667 0.900000 0.933333 0.966667 1.000000 1.033333
1.066667 1.100000 1.133333 1.166667 1.200000 1.233333 1.266667 1.300000 1.333333 1.366667 1.400000 1.433333 1.466667 1.500000 1.533333 1.566667
1.600000 1.633333 1.666667 1.700000 1.733333 1.766667 1.800000 1.833333 1.866667 1.900000 1.933333 1.966667 2.000000 2.033333 2.066667 2.100000
2.133333 2.166667 2.200000 2.233333 2.266667 2.300000 2.333333 2.366667 2.400000 2.433333 2.466667 2.500000 2.533333 2.566667 2.600000 2.633333
2.666667</float_array><technique_common><accessor source="#mixamorig7_Spine-Matrix-animation-input-array" count="81"><param name="TIME" type="float"/></accessor></technique_common></source><source id="mixamorig7_Spine-Matrix-animation-output-transform"><float_array id="mixamorig7_Spine-Matrix-animation-output-transform-array" count="1296">

0.999973 -0.002848 0.006790 0.000000 0.002921 0.999938 -0.010784 9.694400 -0.006759 0.010804 0.999919 -1.109700 0.000000 0.000000 0.000000 1.000000
0.999975 -0.002794 0.006528 0.000000 0.002862 0.999941 -0.010516 9.694400 -0.006498 0.010535 0.999923 -1.109700 0.000000 0.000000 0.000000 1.000000
0.999976 -0.002545 0.006423 -0.000000 0.002610 0.999945 -0.010164 9.694400 -0.006397 0.010181 0.999928 -1.109700 0.000000 0.000000 0.000000 1.000000
0.999974 -0.003250 0.006461 0.000000 0.003314 0.999946 -0.009892 9.694400 -0.006428 0.009913 0.999930 -1.109700 0.000000 0.000000 0.000000 1.000000
0.999963 -0.006266 0.005935 0.000000 0.006324 0.999933 -0.009690 9.694400 -0.005874 0.009727 0.999935 -1.109700 0.000000 0.000000 0.000000 1.000000
0.999926 -0.011366 0.004237 0.000000 0.011405 0.999893 -0.009184 9.694400 -0.004132 0.009232 0.999949 -1.109700 0.000000 0.000000 0.000000 1.000000
0.999856 -0.016715 0.002903 0.000000 0.016739 0.999824 -0.008486 9.694400 -0.002760 0.008533 0.999960 -1.109700 0.000000 0.000000 0.000000 1.000000
0.999782 -0.020112 0.005576 -0.000000 0.020158 0.999763 -0.008234 9.694400 -0.005410 0.008345 0.999951 -1.109700 0.000000 0.000000 0.000000 1.000000
0.999664 -0.021319 0.014766 0.000000 0.021445 0.999734 -0.008454 9.694400 -0.014582 0.008768 0.999855 -1.109700 0.000000 0.000000 0.000000 1.000000
0.999424 -0.019225 0.027961 0.000000 0.019499 0.999764 -0.009557 9.694400 -0.027771 0.010097 0.999563 -1.109700 0.000000 0.000000 0.000000 1.000000
0.999164 -0.011879 0.039120 0.000000 0.012397 0.999838 -0.013030 9.694400 -0.038959 0.013504 0.999150 -1.109700 0.000000 0.000000 0.000000 1.000000
0.999025 0.000392 0.044154 0.000000 0.000465 0.999812 -0.019399 9.694400 -0.044154 0.019401 0.998836 -1.109700 0.000000 0.000000 0.000000 1.000000
0.998970 0.013214 0.043414 -0.000000 -0.012081 0.999582 -0.026252 9.694400 -0.043743 0.025700 0.998712 -1.109700 0.000000 0.000000 0.000000 1.000000
0.998956 0.023784 0.038999 0.000000 -0.022590 0.999271 -0.030780 9.694400 -0.039703 0.029867 0.998765 -1.109700 0.000000 0.000000 0.000000 1.000000
0.998959 0.031201 0.033283 -0.000000 -0.030118 0.999015 -0.032578 9.694400 -0.034267 0.031542 0.998915 -1.109700 0.000000 0.000000 0.000000 1.000000
0.999040 0.034420 0.027107 0.000000 -0.033535 0.998910 -0.032454 9.694400 -0.028195 0.031514 0.999106 -1.109700 0.000000 0.000000 0.000000 1.000000
0.999226 0.033715 0.020287 0.000000 -0.033055 0.998940 -0.032029 9.694400 -0.021346 0.031334 0.999281 -1.109700 0.000000 0.000000 0.000000 1.000000
0.999461 0.030019 0.013278 -0.000000 -0.029593 0.999075 -0.031199 9.694400 -0.014202 0.030789 0.999425 -1.109700 0.000000 0.000000 0.000000 1.000000
0.999677 0.024282 0.007519 0.000000 -0.024054 0.999286 -0.029123 9.694400 -0.008221 0.028933 0.999548 -1.109700 0.000000 0.000000 0.000000 1.000000
0.999858 0.016342 0.004081 0.000000 -0.016232 0.999535 -0.025832 9.694400 -0.004501 0.025762 0.999658 -1.109700 0.000000 0.000000 0.000000 1.000000
0.999986 0.004577 0.002461 0.000000 -0.004522 0.999750 -0.021887 9.694400 -0.002561 0.021876 0.999757 -1.109700 0.000000 0.000000 0.000000 1.000000
0.999930 -0.011713 0.001534 0.000000 0.011736 0.999801 -0.016124 9.694400 -0.001344 0.016141 0.999869 -1.109700 0.000000 0.000000 0.000000 1.000000
0.999578 -0.029024 0.001053 0.000000 0.029030 0.999554 -0.006966 9.694400 -0.000851 0.006994 0.999975 -1.109700 0.000000 0.000000 0.000000 1.000000
0.999191 -0.040194 0.001016 0.000000 0.040191 0.999188 0.002717 9.694400 -0.001124 -0.002674 0.999996 -1.109700 0.000000 0.000000 0.000000 1.000000
0.999082 -0.042835 0.000080 0.000000 0.042833 0.999054 0.007515 9.694400 -0.000402 -0.007504 0.999972 -1.109700 0.000000 0.000000 0.000000 1.000000
0.999154 -0.040976 -0.003619 0.000000 0.040999 0.999138 0.006465 9.694400 0.003351 -0.006608 0.999973 -1.109700 0.000000 0.000000 0.000000 1.000000
0.999140 -0.040106 -0.010558 0.000000 0.040135 0.999191 0.002495 9.694400 0.010449 -0.002917 0.999941 -1.109700 0.000000 0.000000 0.000000 1.000000
0.998970 -0.041068 -0.019321 0.000000 0.041024 0.999155 -0.002664 9.694400 0.019414 0.001869 0.999810 -1.109700 0.000000 0.000000 0.000000 1.000000
0.998776 -0.040947 -0.027740 0.000000 0.040690 0.999124 -0.009738 9.694400 0.028115 0.008598 0.999568 -1.109700 0.000000 0.000000 0.000000 1.000000
0.998717 -0.038330 -0.033108 0.000000 0.037703 0.999102 -0.019356 9.694400 0.033820 0.018083 0.999264 -1.109700 0.000000 0.000000 0.000000 1.000000
0.998835 -0.035631 -0.032550 0.000000 0.034660 0.998951 -0.029924 9.694400 0.033582 0.028761 0.999022 -1.109700 0.000000 0.000000 0.000000 1.000000
0.999071 -0.034608 -0.025667 0.000000 0.033617 0.998709 -0.038076 9.694400 0.026952 0.037178 0.998945 -1.109700 0.000000 0.000000 0.000000 1.000000
0.999301 -0.033985 -0.015600 0.000000 0.033295 0.998540 -0.042526 9.694400 0.017022 0.041977 0.998974 -1.109700 0.000000 0.000000 0.000000 1.000000
0.999451 -0.032618 -0.005880 0.000000 0.032321 0.998464 -0.045000 9.694400 0.007339 0.044785 0.998970 -1.109700 0.000000 0.000000 0.000000 1.000000
0.999540 -0.030244 0.002068 -0.000000 0.030307 0.998467 -0.046318 9.694400 -0.000664 0.046360 0.998925 -1.109700 0.000000 0.000000 0.000000 1.000000
0.999603 -0.026973 0.008194 0.000000 0.027320 0.998586 -0.045597 9.694400 -0.006953 0.045803 0.998926 -1.109700 0.000000 0.000000 0.000000 1.000000
0.999675 -0.021866 0.013131 -0.000000 0.022403 0.998858 -0.042204 9.694400 -0.012193 0.042485 0.999023 -1.109700 0.000000 0.000000 0.000000 1.000000
0.999726 -0.014722 0.018219 0.000000 0.015391 0.999191 -0.037163 9.694400 -0.017657 0.037433 0.999143 -1.109700 0.000000 0.000000 0.000000 1.000000
0.999684 -0.006427 0.024311 0.000000 0.007219 0.999443 -0.032597 9.694400 -0.024088 0.032762 0.999173 -1.109700 0.000000 0.000000 0.000000 1.000000
0.999526 0.002951 0.030653 0.000000 -0.002033 0.999549 -0.029948 9.694400 -0.030728 0.029872 0.999081 -1.109700 0.000000 0.000000 0.000000 1.000000
0.999255 0.013178 0.036268 0.000000 -0.012118 0.999497 -0.029309 9.694400 -0.036636 0.028848 0.998912 -1.109700 0.000000 0.000000 0.000000 1.000000
0.998942 0.020514 0.041163 -0.000000 -0.019300 0.999374 -0.029662 9.694400 -0.041746 0.028836 0.998712 -1.109700 0.000000 0.000000 0.000000 1.000000
0.998711 0.024818 0.044275 0.000000 -0.023470 0.999253 -0.030701 9.694400 -0.045004 0.029623 0.998548 -1.109700 0.000000 0.000000 0.000000 1.000000
0.998603 0.026699 0.045590 0.000000 -0.025269 0.999180 -0.031647 9.694400 -0.046397 0.030451 0.998459 -1.109700 0.000000 0.000000 0.000000 1.000000
0.998592 0.026447 0.045975 -0.000000 -0.025024 0.999198 -0.031256 9.694400 -0.046765 0.030061 0.998454 -1.109700 0.000000 0.000000 0.000000 1.000000
0.998642 0.024613 0.045926 -0.000000 -0.023269 0.999291 -0.029588 9.694400 -0.046621 0.028480 0.998507 -1.109700 0.000000 0.000000 0.000000 1.000000
0.998735 0.022486 0.044967 0.000000 -0.021241 0.999383 -0.027959 9.694400 -0.045568 0.026969 0.998597 -1.109700 0.000000 0.000000 0.000000 1.000000
0.998861 0.021205 0.042743 -0.000000 -0.020066 0.999436 -0.026922 9.694400 -0.043290 0.026034 0.998723 -1.109700 0.000000 0.000000 0.000000 1.000000
0.998981 0.021059 0.039931 -0.000000 -0.020073 0.999488 -0.024927 9.694400 -0.040435 0.024100 0.998891 -1.109700 0.000000 0.000000 0.000000 1.000000
0.999059 0.021836 0.037469 -0.000000 -0.021085 0.999571 -0.020322 9.694400 -0.037897 0.019513 0.999091 -1.109700 0.000000 0.000000 0.000000 1.000000
0.999110 0.022989 0.035373 0.000000 -0.022516 0.999652 -0.013715 9.694400 -0.035676 0.012907 0.999280 -1.109700 0.000000 0.000000 0.000000 1.000000
0.999165 0.023827 0.033202 0.000000 -0.023584 0.999692 -0.007676 9.694400 -0.033375 0.006887 0.999419 -1.109700 0.000000 0.000000 0.000000 1.000000
0.999239 0.023823 0.030893 -0.000000 -0.023708 0.999711 -0.004099 9.694400 -0.030982 0.003364 0.999514 -1.109700 0.000000 0.000000 0.000000 1.000000
0.999320 0.023126 0.028726 -0.000000 -0.023053 0.999730 -0.002883 9.694400 -0.028785 0.002219 0.999583 -1.109700 0.000000 0.000000 0.000000 1.000000
0.999391 0.022079 0.027032 -0.000000 -0.022006 0.999753 -0.002987 9.694400 -0.027091 0.002390 0.999630 -1.109700 0.000000 0.000000 0.000000 1.000000
0.999446 0.020673 0.026070 0.000000 -0.020579 0.999781 -0.003889 9.694400 -0.026145 0.003351 0.999653 -1.109700 0.000000 0.000000 0.000000 1.000000
0.999489 0.018963 0.025713 -0.000000 -0.018822 0.999807 -0.005689 9.694400 -0.025816 0.005202 0.999653 -1.109700 0.000000 0.000000 0.000000 1.000000
0.999530 0.017372 0.025273 0.000000 -0.017161 0.999816 -0.008551 9.694400 -0.025417 0.008113 0.999644 -1.109700 0.000000 0.000000 0.000000 1.000000
0.999573 0.016488 0.024116 -0.000000 -0.016195 0.999793 -0.012303 9.694400 -0.024314 0.011907 0.999633 -1.109700 0.000000 0.000000 0.000000 1.000000
0.999616 0.016278 0.022425 -0.000000 -0.015917 0.999742 -0.016175 9.694400 -0.022683 0.015812 0.999618 -1.109700 0.000000 0.000000 0.000000 1.000000
0.999652 0.015830 0.021110 0.000000 -0.015428 0.999699 -0.019058 9.694400 -0.021406 0.018725 0.999595 -1.109700 0.000000 0.000000 0.000000 1.000000
0.999684 0.014311 0.020688 -0.000000 -0.013884 0.999691 -0.020642 9.694400 -0.020977 0.020348 0.999573 -1.109700 0.000000 0.000000 0.000000 1.000000
0.999716 0.012193 0.020452 -0.000000 -0.011740 0.999686 -0.022124 9.694400 -0.020715 0.021877 0.999546 -1.109700 0.000000 0.000000 0.000000 1.000000
0.999759 0.010144 0.019444 0.000000 -0.009661 0.999646 -0.024778 9.694400 -0.019689 0.024584 0.999504 -1.109700 0.000000 0.000000 0.000000 1.000000
0.999814 0.007720 0.017698 0.000000 -0.007219 0.999576 -0.028201 9.694400 -0.017909 0.028068 0.999446 -1.109700 0.000000 0.000000 0.000000 1.000000
0.999863 0.004562 0.015917 0.000000 -0.004071 0.999519 -0.030751 9.694400 -0.016049 0.030682 0.999400 -1.109700 0.000000 0.000000 0.000000 1.000000
0.999895 0.001376 0.014420 0.000000 -0.000921 0.999504 -0.031474 9.694400 -0.014457 0.031457 0.999401 -1.109700 0.000000 0.000000 0.000000 1.000000
0.999910 -0.001311 0.013335 -0.000000 0.001718 0.999532 -0.030544 9.694400 -0.013288 0.030564 0.999444 -1.109700 0.000000 0.000000 0.000000 1.000000
0.999919 -0.003099 0.012354 -0.000000 0.003451 0.999585 -0.028589 9.694400 -0.012260 0.028630 0.999515 -1.109700 0.000000 0.000000 0.000000 1.000000
0.999927 -0.004275 0.011325 0.000000 0.004570 0.999647 -0.026176 9.694400 -0.011209 0.026226 0.999593 -1.109700 0.000000 0.000000 0.000000 1.000000
0.999935 -0.005024 0.010261 -0.000000 0.005268 0.999701 -0.023869 9.694400 -0.010138 0.023921 0.999662 -1.109700 0.000000 0.000000 0.000000 1.000000
0.999943 -0.005349 0.009249 0.000000 0.005553 0.999740 -0.022106 9.694400 -0.009129 0.022156 0.999713 -1.109700 0.000000 0.000000 0.000000 1.000000
0.999950 -0.005530 0.008361 0.000000 0.005703 0.999766 -0.020860 9.694400 -0.008244 0.020907 0.999747 -1.109700 0.000000 0.000000 0.000000 1.000000
0.999952 -0.006056 0.007695 0.000000 0.006207 0.999787 -0.019705 9.694400 -0.007574 0.019752 0.999776 -1.109700 0.000000 0.000000 0.000000 1.000000
0.999948 -0.007059 0.007347 0.000000 0.007193 0.999806 -0.018325 9.694400 -0.007216 0.018377 0.999805 -1.109700 0.000000 0.000000 0.000000 1.000000
0.999941 -0.008097 0.007279 -0.000000 0.008218 0.999826 -0.016745 9.694400 -0.007142 0.016804 0.999833 -1.109700 0.000000 0.000000 0.000000 1.000000
0.999936 -0.008640 0.007347 0.000000 0.008751 0.999847 -0.015116 9.694400 -0.007215 0.015179 0.999859 -1.109700 0.000000 0.000000 0.000000 1.000000
0.999935 -0.008602 0.007468 -0.000000 0.008703 0.999870 -0.013553 9.694400 -0.007350 0.013617 0.999880 -1.109700 0.000000 0.000000 0.000000 1.000000
0.999936 -0.008350 0.007583 -0.000000 0.008443 0.999890 -0.012192 9.694400 -0.007480 0.012255 0.999897 -1.109700 0.000000 0.000000 0.000000 1.000000
0.999937 -0.008253 0.007595 0.000000 0.008337 0.999903 -0.011171 9.694400 -0.007502 0.011234 0.999909 -1.109700 0.000000 0.000000 0.000000 1.000000
0.999937 -0.008396 0.007496 -0.000000 0.008475 0.999909 -0.010535 9.694400 -0.007407 0.010598 0.999916 -1.109700 0.000000 0.000000 0.000000 1.000000</float_array><technique_common><accessor source="#mixamorig7_Spine-Matrix-animation-output-transform-array" count="81" stride="16"><param type="float4x4"/></accessor></technique_common></source><source id="mixamorig7_Spine-Interpolations"><Name_array id="mixamorig7_Spine-Interpolations-array" count="81">
 LINEAR LINEAR LINEAR LINEAR LINEAR LINEAR LINEAR LINEAR LINEAR LINEAR LINEAR
LINEAR LINEAR LINEAR LINEAR LINEAR LINEAR LINEAR LINEAR LINEAR LINEAR LINEAR LINEAR
LINEAR LINEAR LINEAR LINEAR LINEAR LINEAR LINEAR LINEAR LINEAR LINEAR LINEAR LINEAR
LINEAR LINEAR LINEAR LINEAR LINEAR LINEAR LINEAR LINEAR LINEAR LINEAR LINEAR LINEAR
LINEAR LINEAR LINEAR LINEAR LINEAR LINEAR LINEAR LINEAR LINEAR LINEAR LINEAR LINEAR
LINEAR LINEAR LINEAR LINEAR LINEAR LINEAR LINEAR LINEAR LINEAR LINEAR LINEAR LINEAR
LINEAR LINEAR LINEAR LINEAR LINEAR LINEAR LINEAR LINEAR LINEAR LINEAR</Name_array><technique_common><accessor source="#mixamorig7_Spine-Interpolations-array" count="81"><param type="name"/></accessor></technique_common></source><sampler id="mixamorig7_Spine-Matrix-animation-transform"><input semantic="INPUT" source="#mixamorig7_Spine-Matrix-animation-input"/><input semantic="OUTPUT" source="#mixamorig7_Spine-Matrix-animation-output-transform"/><input semantic="INTERPOLATION" source="#mixamorig7_Spine-Interpolations"/></sampler><channel source="#mixamorig7_Spine-Matrix-animation-transform" target="mixamorig7_Spine/matrix"/></animation>
    <animation id="mixamorig7_Spine1-anim" name="mixamorig7_Spine1"><source id="mixamorig7_Spine1-Matrix-animation-input"><float_array id="mixamorig7_Spine1-Matrix-animation-input-array" count="81">

0.000000 0.033333 0.066667 0.100000 0.133333 0.166667 0.200000 0.233333 0.266667 0.300000 0.333333 0.366667 0.400000 0.433333 0.466667 0.500000
0.533333 0.566667 0.600000 0.633333 0.666667 0.700000 0.733333 0.766667 0.800000 0.833333 0.866667 0.900000 0.933333 0.966667 1.000000 1.033333
1.066667 1.100000 1.133333 1.166667 1.200000 1.233333 1.266667 1.300000 1.333333 1.366667 1.400000 1.433333 1.466667 1.500000 1.533333 1.566667
1.600000 1.633333 1.666667 1.700000 1.733333 1.766667 1.800000 1.833333 1.866667 1.900000 1.933333 1.966667 2.000000 2.033333 2.066667 2.100000
2.133333 2.166667 2.200000 2.233333 2.266667 2.300000 2.333333 2.366667 2.400000 2.433333 2.466667 2.500000 2.533333 2.566667 2.600000 2.633333
2.666667</float_array><technique_common><accessor source="#mixamorig7_Spine1-Matrix-animation-input-array" count="81"><param name="TIME" type="float"/></accessor></technique_common></source><source id="mixamorig7_Spine1-Matrix-animation-output-transform"><float_array id="mixamorig7_Spine1-Matrix-animation-output-transform-array" count="1296">

0.999897 -0.004802 0.013529 -0.000000 0.007995 0.969006 -0.246907 11.384000 -0.011924 0.246989 0.968945 0.000000 0.000000 0.000000 0.000000 1.000000
0.999903 -0.004933 0.013063 -0.000000 0.008000 0.969138 -0.246387 11.384000 -0.011445 0.246468 0.969083 -0.000000 0.000000 0.000000 0.000000 1.000000
0.999905 -0.004749 0.012913 -0.000000 0.007777 0.969314 -0.245704 11.384000 -0.011349 0.245781 0.969259 0.000000 0.000000 0.000000 0.000000 1.000000
0.999902 -0.005487 0.012894 -0.000000 0.008481 0.969441 -0.245177 11.384000 -0.011155 0.245262 0.969393 0.000000 0.000000 0.000000 0.000000 1.000000
0.999903 -0.008173 0.011266 0.000000 0.010683 0.969513 -0.244807 11.384000 -0.008921 0.244903 0.969506 0.000000 0.000000 0.000000 0.000000 1.000000
0.999915 -0.011346 0.006415 -0.000000 0.012568 0.969729 -0.243860 11.384000 -0.003454 0.243920 0.969789 -0.000000 0.000000 0.000000 0.000000 1.000000
0.999917 -0.012764 0.001558 0.000000 0.012761 0.970061 -0.242524 11.384000 0.001585 0.242524 0.970144 0.000000 0.000000 0.000000 0.000000 1.000000
0.999916 -0.011993 0.004944 0.000000 0.012833 0.970166 -0.242102 11.384000 -0.001893 0.242145 0.970238 -0.000000 0.000000 0.000000 0.000000 1.000000
0.999712 -0.009802 0.021905 0.000000 0.014829 0.969979 -0.242736 11.384000 -0.018868 0.242991 0.969845 -0.000000 0.000000 0.000000 0.000000 1.000000
0.998841 -0.005782 0.047782 -0.000000 0.017334 0.969354 -0.245055 11.384000 -0.044900 0.245599 0.968331 0.000000 0.000000 0.000000 0.000000 1.000000
0.997469 0.002398 0.071063 0.000000 0.015603 0.967688 -0.251666 11.384000 -0.069370 0.252138 0.965202 0.000000 0.000000 0.000000 0.000000 1.000000
0.996399 0.015860 0.083291 0.000000 0.006687 0.964591 -0.263667 11.384000 -0.084524 0.263275 0.961011 -0.000000 0.000000 0.000000 0.000000 1.000000
0.995995 0.032240 0.083397 0.000000 -0.007929 0.960905 -0.276765 11.384000 -0.089060 0.274995 0.957312 -0.000000 0.000000 0.000000 0.000000 1.000000
0.996000 0.048761 0.074873 0.000000 -0.025427 0.957996 -0.285653 11.384000 -0.085657 0.282607 0.955404 -0.000000 0.000000 0.000000 0.000000 1.000000
0.995993 0.064019 0.062450 0.000000 -0.043316 0.956223 -0.289416 11.384000 -0.078244 0.285551 0.955164 0.000000 0.000000 0.000000 0.000000 1.000000
0.996157 0.072488 0.049163 0.000000 -0.055261 0.955635 -0.289322 11.384000 -0.067955 0.285494 0.955968 0.000000 0.000000 0.000000 0.000000 1.000000
0.996780 0.071910 0.035465 0.000000 -0.058685 0.955705 -0.288416 11.384000 -0.054634 0.285406 0.956848 0.000000 0.000000 0.000000 0.000000 1.000000
0.997705 0.063907 0.022361 0.000000 -0.054842 0.956473 -0.286621 11.384000 -0.039704 0.284737 0.957783 0.000000 0.000000 0.000000 0.000000 1.000000
0.998605 0.051326 0.012412 0.000000 -0.045737 0.958186 -0.282468 11.384000 -0.026391 0.281506 0.959197 0.000000 0.000000 0.000000 0.000000 1.000000
0.999396 0.033939 0.007509 0.000000 -0.030550 0.960657 -0.276051 11.384000 -0.016583 0.275654 0.961114 -0.000000 0.000000 0.000000 0.000000 1.000000
0.999947 0.007917 0.006519 -0.000000 -0.005878 0.963290 -0.268400 11.384000 -0.008404 0.268348 0.963285 -0.000000 0.000000 0.000000 0.000000 1.000000
0.999596 -0.027628 0.006744 0.000000 0.028433 0.965937 -0.257212 11.384000 0.000592 0.257300 0.966331 -0.000000 0.000000 0.000000 0.000000 1.000000
0.997943 -0.063718 0.007032 0.000000 0.063547 0.968838 -0.239406 11.384000 0.008442 0.239360 0.970894 0.000000 0.000000 0.000000 0.000000 1.000000
0.996310 -0.085534 0.007062 0.000000 0.084982 0.971673 -0.220523 11.384000 0.012000 0.220309 0.975356 0.000000 0.000000 0.000000 0.000000 1.000000
0.995940 -0.089877 0.004991 0.000000 0.088901 0.973392 -0.211200 11.384000 0.014124 0.210786 0.977430 -0.000000 0.000000 0.000000 0.000000 1.000000
0.996240 -0.086614 -0.002163 0.000000 0.084158 0.973328 -0.213425 11.384000 0.020591 0.212440 0.976957 -0.000000 0.000000 0.000000 0.000000 1.000000
0.996216 -0.085521 -0.015505 0.000000 0.079986 0.971882 -0.221465 11.384000 0.034009 0.219387 0.975045 0.000000 0.000000 0.000000 0.000000 1.000000
0.995720 -0.086374 -0.032892 -0.000000 0.076464 0.969751 -0.231813 11.384000 0.051919 0.228306 0.972204 -0.000000 0.000000 0.000000 0.000000 1.000000
0.995242 -0.083308 -0.050528 0.000000 0.068466 0.966933 -0.245667 11.384000 0.069323 0.241039 0.968036 0.000000 0.000000 0.000000 0.000000 1.000000
0.995177 -0.075281 -0.062889 0.000000 0.056145 0.962855 -0.264118 11.384000 0.080436 0.259314 0.962438 -0.000000 0.000000 0.000000 0.000000 1.000000
0.995617 -0.068726 -0.063436 -0.000000 0.047984 0.957539 -0.284283 11.384000 0.080280 0.279993 0.956639 0.000000 0.000000 0.000000 0.000000 1.000000
0.996442 -0.067393 -0.050618 0.000000 0.049202 0.952711 -0.299869 11.384000 0.068433 0.296312 0.952636 0.000000 0.000000 0.000000 0.000000 1.000000
0.997237 -0.067663 -0.030666 0.000000 0.054958 0.949701 -0.308299 11.384000 0.049984 0.305761 0.950795 0.000000 0.000000 0.000000 0.000000 1.000000
0.997797 -0.065377 -0.011233 0.000000 0.058593 0.948007 -0.312808 11.384000 0.031100 0.311461 0.949750 -0.000000 0.000000 0.000000 0.000000 1.000000
0.998217 -0.059534 0.004263 0.000000 0.057843 0.947296 -0.315094 11.384000 0.014720 0.314778 0.949051 0.000000 0.000000 0.000000 0.000000 1.000000
0.998556 -0.051361 0.015758 0.000000 0.053712 0.948043 -0.313575 11.384000 0.001166 0.313968 0.949433 0.000000 0.000000 0.000000 0.000000 1.000000
0.998867 -0.040505 0.024972 0.000000 0.046223 0.950575 -0.307036 11.384000 -0.011301 0.307843 0.951370 0.000000 0.000000 0.000000 0.000000 1.000000
0.999026 -0.026938 0.034955 0.000000 0.036130 0.954083 -0.297356 11.384000 -0.025340 0.298329 0.954127 0.000000 0.000000 0.000000 0.000000 1.000000
0.998761 -0.013011 0.048024 0.000000 0.026341 0.957117 -0.288503 11.384000 -0.042211 0.289411 0.956274 0.000000 0.000000 0.000000 0.000000 1.000000
0.998005 -0.000368 0.063133 -0.000000 0.018266 0.958899 -0.283159 11.384000 -0.060434 0.283747 0.956993 0.000000 0.000000 0.000000 0.000000 1.000000
0.996935 0.011872 0.077331 -0.000000 0.010413 0.959490 -0.281550 11.384000 -0.077541 0.281493 0.956425 -0.000000 0.000000 0.000000 0.000000 1.000000
0.995839 0.021867 0.088466 -0.000000 0.003981 0.959420 -0.281952 11.384000 -0.091042 0.281131 0.955341 0.000000 0.000000 0.000000 0.000000 1.000000
0.995071 0.028756 0.094901 0.000000 -0.000640 0.958873 -0.283834 11.384000 -0.099160 0.282375 0.954166 0.000000 0.000000 0.000000 0.000000 1.000000
0.994739 0.033199 0.096913 0.000000 -0.004148 0.958306 -0.285715 11.384000 -0.102358 0.283810 0.953402 0.000000 0.000000 0.000000 0.000000 1.000000
0.994678 0.035110 0.096863 0.000000 -0.006067 0.958473 -0.285120 11.384000 -0.102851 0.283015 0.953585 -0.000000 0.000000 0.000000 0.000000 1.000000
0.994757 0.034301 0.096345 -0.000000 -0.005763 0.959380 -0.282059 11.384000 -0.102107 0.280025 0.954547 -0.000000 0.000000 0.000000 0.000000 1.000000
0.995011 0.031377 0.094707 -0.000000 -0.003728 0.960290 -0.278978 11.384000 -0.099700 0.277233 0.955616 0.000000 0.000000 0.000000 0.000000 1.000000
0.995454 0.028685 0.090826 0.000000 -0.002412 0.960861 -0.277022 11.384000 -0.095217 0.275544 0.956561 0.000000 0.000000 0.000000 0.000000 1.000000
0.995937 0.027780 0.085665 0.000000 -0.003325 0.961931 -0.273274 11.384000 -0.089996 0.271879 0.958114 -0.000000 0.000000 0.000000 0.000000 1.000000
0.996294 0.028925 0.081005 0.000000 -0.006489 0.964354 -0.264537 11.384000 -0.085769 0.263031 0.960968 0.000000 0.000000 0.000000 0.000000 1.000000
0.996550 0.031245 0.076894 0.000000 -0.010901 0.967684 -0.251930 11.384000 -0.082280 0.250222 0.964686 0.000000 0.000000 0.000000 0.000000 1.000000
0.996815 0.033411 0.072413 -0.000000 -0.015068 0.970561 -0.240383 11.384000 -0.078313 0.238526 0.967973 -0.000000 0.000000 0.000000 0.000000 1.000000
0.997130 0.034464 0.067409 -0.000000 -0.017812 0.972176 -0.233574 11.384000 -0.073584 0.231703 0.970000 0.000000 0.000000 0.000000 0.000000 1.000000
0.997440 0.034753 0.062487 0.000000 -0.019399 0.972682 -0.231328 11.384000 -0.068820 0.229524 0.970867 0.000000 0.000000 0.000000 0.000000 1.000000
0.997687 0.034683 0.058467 0.000000 -0.020236 0.972594 -0.231629 11.384000 -0.064898 0.229910 0.971046 0.000000 0.000000 0.000000 0.000000 1.000000
0.997857 0.033793 0.056030 0.000000 -0.019816 0.972169 -0.233443 11.384000 -0.062359 0.231832 0.970755 0.000000 0.000000 0.000000 0.000000 1.000000
0.997980 0.031725 0.055039 0.000000 -0.017810 0.971358 -0.236953 11.384000 -0.060979 0.235494 0.969961 -0.000000 0.000000 0.000000 0.000000 1.000000
0.998112 0.028887 0.054202 0.000000 -0.014906 0.970041 -0.242484 11.384000 -0.059583 0.241218 0.968640 0.000000 0.000000 0.000000 0.000000 1.000000
