<?xml version="1.0" encoding="utf-8"?>
<COLLADA xmlns="http://www.collada.org/2005/11/COLLADASchema" version="1.4.1">
  <asset><contributor><author>Mixamo</author><authoring_tool>COLLADA Mixamo exporter</authoring_tool><comments></comments></contributor><created>2020-02-25T10:33:21Z</created><modified>2020-02-25T10:33:21Z</modified><revision></revision><title></title><unit meter="0.010000"/><up_axis>Y_UP</up_axis></asset>
  <library_animations>
    <animation id="mixamorig7_Hips-anim" name="mixamorig7_Hips"><source id="mixamorig7_Hips-Matrix-animation-input"><float_array id="mixamorig7_Hips-Matrix-animation-input-array" count="346">

0.000000 0.033333 0.066667 0.100000 0.133333 0.166667 0.200000 0.233333 0.266667 0.300000 0.333333 0.366667 0.400000 0.433333 0.466667 0.500000
0.533333 0.566667 0.600000 0.633333 0.666667 0.700000 0.733333 0.766667 0.800000 0.833333 0.866667 0.900000 0.933333 0.966667 1.000000 1.033333
1.066667 1.100000 1.133333 1.166667 1.200000 1.233333 1.266667 1.300000 1.333333 1.366667 1.400000 1.433333 1.466667 1.500000 1.533333 1.566667
1.600000 1.633333 1.666667 1.700000 1.733333 1.766667 1.800000 1.833333 1.866667 1.900000 1.933333 1.966667 2.000000 2.033333 2.066667 2.100000
2.133333 2.166667 2.200000 2.233333 2.266667 2.300000 2.333333 2.366667 2.400000 2.433333 2.466667 2.500000 2.533333 2.566667 2.600000 2.633333
2.666667 2.700000 2.733333 2.766667 2.800000 2.833333 2.866667 2.900000 2.933333 2.966667 3.000000 3.033333 3.066667 3.100000 3.133333 3.166667
3.200000 3.233333 3.266667 3.300000 3.333333 3.366667 3.400000 3.433333 3.466667 3.500000 3.533333 3.566667 3.600000 3.633333 3.666667 3.700000
3.733333 3.766667 3.800000 3.833333 3.866667 3.900000 3.933333 3.966667 4.000000 4.033333 4.066667 4.100000 4.133333 4.166667 4.200000 4.233333
4.266667 4.300000 4.333333 4.366667 4.400000 4.433333 4.466667 4.500000 4.533333 4.566667 4.600000 4.633333 4.666667 4.700000 4.733333 4.766667
4.800000 4.833333 4.866667 4.900000 4.933333 4.966667 5.000000 5.033333 5.066667 5.100000 5.133333 5.166667 5.200000 5.233333 5.266667 5.300000
5.333333 5.366667 5.400000 5.433333 5.466667 5.500000 5.533333 5.566667 5.600000 5.633333 5.666667 5.700000 5.733333 5.766667 5.800000 5.833333
5.866667 5.900000 5.933333 5.966667 6.000000 6.033333 6.066667 6.100000 6.133333 6.166667 6.200000 6.233333 6.266667 6.300000 6.333333 6.366667
6.400000 6.433333 6.466667 6.500000 6.533333 6.566667 6.600000 6.633333 6.666667 6.700000 6.733333 6.766667 6.800000 6.833333 6.866667 6.900000
6.933333 6.966667 7.000000 7.033333 7.066667 7.100000 7.133333 7.166667 7.200000 7.233333 7.266667 7.300000 7.333333 7.366667 7.400000 7.433333
7.466667 7.500000 7.533333 7.566667 7.600000 7.633333 7.666667 7.700000 7.733333 7.766667 7.800000 7.833333 7.866667 7.900000 7.933333 7.966667
8.000000 8.033333 8.066667 8.100000 8.133333 8.166667 8.200000 8.233333 8.266667 8.300000 8.333333 8.366667 8.400000 8.433333 8.466667 8.500000
8.533333 8.566667 8.600000 8.633333 8.666667 8.700000 8.733333 8.766667 8.800000 8.833333 8.866667 8.900000 8.933333 8.966667 9.000000 9.033333
9.066667 9.100000 9.133333 9.166667 9.200000 9.233333 9.266667 9.300000 9.333333 9.366667 9.400000 9.433333 9.466667 9.500000 9.533333 9.566667
9.600000 9.633333 9.666667 9.700000 9.733333 9.766667 9.800000 9.833333 9.866667 9.900000 9.933333 9.966667 10.000000 10.033333 10.066667 10.100000
10.133333 10.166667 10.200000 10.233333 10.266667 10.300000 10.333333 10.366667 10.400000 10.433333 10.466667 10.500000 10.533333 10.566667 10.600000 10.633333
10.666667 10.700000 10.733333 10.766667 10.800000 10.833333 10.866667 10.900000 10.933333 10.966667 11.000000 11.033333 11.066667 11.100000 11.133333 11.166667
11.200000 11.233333 11.266667 11.300000 11.333333 11.366667 11.400000 11.433333 11.466667 11.500000</float_array><technique_common><accessor source="#mixamorig7_Hips-Matrix-animation-input-array" count="346"><param name="TIME" type="float"/></accessor></technique_common></source><source id="mixamorig7_Hips-Matrix-animation-output-transform"><float_array id="mixamorig7_Hips-Matrix-animation-output-transform-array" count="5536">

0.999965 0.007621 -0.003319 -0.034448 -0.007720 0.999486 -0.031108 99.110893 0.003080 0.031132 0.999511 0.041623 0.000000 0.000000 0.000000 1.000000
0.999969 0.007578 -0.002312 -0.050650 -0.007646 0.999486 -0.031128 99.114449 0.002075 0.031144 0.999513 0.039368 0.000000 0.000000 0.000000 1.000000
0.999971 0.007518 -0.001500 -0.075773 -0.007561 0.999477 -0.031428 99.117226 0.001263 0.031439 0.999505 0.026862 0.000000 0.000000 0.000000 1.000000
0.999973 0.007269 -0.001322 -0.112804 -0.007308 0.999465 -0.031885 99.110504 0.001090 0.031894 0.999491 -0.002815 0.000000 0.000000 0.000000 1.000000
0.999975 0.006794 -0.001838 -0.162567 -0.006849 0.999466 -0.031945 99.092888 0.001620 0.031957 0.999488 -0.047672 0.000000 0.000000 0.000000 1.000000
0.999978 0.006079 -0.002676 -0.222860 -0.006160 0.999496 -0.031135 99.065399 0.002485 0.031151 0.999512 -0.096177 0.000000 0.000000 0.000000 1.000000
0.999981 0.005281 -0.003290 -0.285470 -0.005377 0.999545 -0.029679 99.029366 0.003132 0.029696 0.999554 -0.133034 0.000000 0.000000 0.000000 1.000000
0.999981 0.004906 -0.003613 -0.334096 -0.005007 0.999579 -0.028586 98.978134 0.003471 0.028604 0.999585 -0.150057 0.000000 0.000000 0.000000 1.000000
0.999972 0.005897 -0.004505 -0.345685 -0.006025 0.999568 -0.028779 98.892517 0.004333 0.028805 0.999576 -0.145439 0.000000 0.000000 0.000000 1.000000
0.999928 0.009407 -0.007423 -0.296310 -0.009626 0.999503 -0.030014 98.748604 0.007137 0.030083 0.999522 -0.108975 0.000000 0.000000 0.000000 1.000000
0.999785 0.015783 -0.013424 -0.172319 -0.016193 0.999388 -0.031022 98.549080 0.012926 0.031233 0.999429 -0.010460 0.000000 0.000000 0.000000 1.000000
0.999468 0.023694 -0.022422 0.026162 -0.024389 0.999215 -0.031227 98.338150 0.021665 0.031757 0.999261 0.189675 0.000000 0.000000 0.000000 1.000000
0.998971 0.030639 -0.033442 0.291193 -0.031721 0.998974 -0.032313 98.176109 0.032417 0.033340 0.998918 0.502165 0.000000 0.000000 0.000000 1.000000
0.998389 0.033710 -0.045633 0.617229 -0.035424 0.998677 -0.037286 98.087639 0.044315 0.038842 0.998262 0.869370 0.000000 0.000000 0.000000 1.000000
0.997793 0.030951 -0.058748 1.016414 -0.033766 0.998298 -0.047545 98.028511 0.057176 0.049424 0.997140 1.158703 0.000000 0.000000 0.000000 1.000000
0.997103 0.022087 -0.072783 1.505730 -0.026564 0.997776 -0.061133 97.914299 0.071271 0.062890 0.995472 1.222831 0.000000 0.000000 0.000000 1.000000
0.996109 0.008784 -0.087694 2.079475 -0.015380 0.997079 -0.074815 97.702499 0.086781 0.075873 0.993334 1.003996 0.000000 0.000000 0.000000 1.000000
0.994540 -0.006832 -0.104137 2.703935 -0.002354 0.996132 -0.087835 97.427238 0.104334 0.087601 0.990677 0.595062 0.000000 0.000000 0.000000 1.000000
0.992084 -0.021016 -0.123803 3.310474 0.008284 0.994701 -0.102471 97.202324 0.125300 0.100635 0.987002 0.213752 0.000000 0.000000 0.000000 1.000000
0.988662 -0.031380 -0.146840 3.779181 0.013592 0.992608 -0.120605 97.102478 0.149539 0.117241 0.981780 0.043018 0.000000 0.000000 0.000000 1.000000
0.983785 -0.037595 -0.175368 3.986539 0.017067 0.992971 -0.117124 97.071548 0.178538 0.112232 0.977511 0.195822 0.000000 0.000000 0.000000 1.000000
0.980400 -0.036573 -0.193593 3.877111 0.014975 0.993610 -0.111871 96.917999 0.196448 0.106780 0.974683 0.560520 0.000000 0.000000 0.000000 1.000000
0.980701 -0.028829 -0.193375 3.496250 0.008724 0.994536 -0.104025 96.424080 0.195318 0.100330 0.975595 0.968799 0.000000 0.000000 0.000000 1.000000
0.984566 -0.015489 -0.174329 2.935410 -0.001497 0.995294 -0.096886 95.427368 0.175010 0.095652 0.979909 1.187491 0.000000 0.000000 0.000000 1.000000
0.989615 -0.002308 -0.143727 2.265113 -0.011453 0.995427 -0.094838 93.981506 0.143288 0.095499 0.985063 1.146443 0.000000 0.000000 0.000000 1.000000
0.993600 0.007706 -0.112690 1.538123 -0.019042 0.994819 -0.099867 92.228729 0.111337 0.101374 0.988599 0.897738 0.000000 0.000000 0.000000 1.000000
0.995706 0.016549 -0.091076 0.798803 -0.026750 0.993353 -0.111954 90.292236 0.088618 0.113909 0.989531 0.602038 0.000000 0.000000 0.000000 1.000000
0.996086 0.027643 -0.083950 0.132401 -0.038397 0.990859 -0.129324 88.202560 0.079608 0.132042 0.988042 0.445743 0.000000 0.000000 0.000000 1.000000
0.995194 0.040566 -0.089125 -0.343664 -0.053225 0.988058 -0.144599 85.914200 0.082195 0.148648 0.985468 0.600120 0.000000 0.000000 0.000000 1.000000
0.993481 0.053957 -0.100415 -0.542108 -0.068650 0.986428 -0.149154 83.399689 0.091005 0.155076 0.983702 1.148019 0.000000 0.000000 0.000000 1.000000
0.991184 0.067703 -0.113889 -0.492429 -0.083456 0.986658 -0.139792 80.705002 0.102905 0.148065 0.983609 2.021298 0.000000 0.000000 0.000000 1.000000
0.988760 0.078879 -0.127012 -0.284986 -0.094123 0.988439 -0.118867 77.912529 0.116167 0.129485 0.984753 3.058296 0.000000 0.000000 0.000000 1.000000
0.986678 0.085185 -0.138597 -0.023232 -0.098392 0.990941 -0.091402 75.122841 0.129555 0.103821 0.986122 4.110395 0.000000 0.000000 0.000000 1.000000
0.985237 0.086761 -0.147581 0.225198 -0.096559 0.993483 -0.060563 72.432480 0.141365 0.073919 0.987194 5.107214 0.000000 0.000000 0.000000 1.000000
0.984802 0.084495 -0.151741 0.423227 -0.089458 0.995647 -0.026170 69.911613 0.148869 0.039347 0.988074 6.033031 0.000000 0.000000 0.000000 1.000000
0.985642 0.078789 -0.149340 0.534487 -0.077754 0.996891 0.012764 67.588661 0.149881 -0.000969 0.988704 6.882461 0.000000 0.000000 0.000000 1.000000
0.987767 0.069024 -0.139830 0.510372 -0.061864 0.996572 0.054922 65.434280 0.143142 -0.045600 0.988651 7.632172 0.000000 0.000000 0.000000 1.000000
0.990820 0.055826 -0.123122 0.303340 -0.043973 0.994315 0.096971 63.376904 0.127835 -0.090667 0.987642 8.255910 0.000000 0.000000 0.000000 1.000000
0.994441 0.039915 -0.097434 -0.105181 -0.026400 0.990322 0.136252 61.366333 0.101930 -0.132923 0.985871 8.747381 0.000000 0.000000 0.000000 1.000000
0.997919 0.020652 -0.061087 -0.701662 -0.009822 0.984955 0.172534 59.391811 0.063731 -0.171575 0.983108 9.138981 0.000000 0.000000 0.000000 1.000000
0.999878 -0.002198 -0.015447 -1.440244 0.005346 0.978362 0.206831 57.497398 0.014658 -0.206888 0.978255 9.480754 0.000000 0.000000 0.000000 1.000000
0.998978 -0.027643 0.035758 -2.250975 0.018317 0.970892 0.238814 55.765156 -0.041319 -0.237915 0.970407 9.808203 0.000000 0.000000 0.000000 1.000000
0.994814 -0.052442 0.087144 -3.048346 0.027480 0.963544 0.266136 54.286987 -0.097924 -0.262361 0.959988 10.123673 0.000000 0.000000 0.000000 1.000000
0.988565 -0.072391 0.132283 -3.738549 0.031847 0.957676 0.286081 53.140472 -0.147394 -0.278597 0.949031 10.402709 0.000000 0.000000 0.000000 1.000000
0.982696 -0.084207 0.164975 -4.234514 0.031909 0.954331 0.297042 52.368599 -0.182454 -0.286638 0.940505 10.615176 0.000000 0.000000 0.000000 1.000000
0.979529 -0.088079 0.181011 -4.471189 0.030138 0.953228 0.300747 51.976410 -0.199034 -0.289135 0.936369 10.744976 0.000000 0.000000 0.000000 1.000000
0.979811 -0.086824 0.180088 -4.428777 0.029307 0.953421 0.300215 51.916809 -0.197766 -0.288876 0.936717 10.800720 0.000000 0.000000 0.000000 1.000000
0.982626 -0.083173 0.165919 -4.138617 0.030589 0.954316 0.297230 52.095566 -0.183061 -0.286990 0.940279 10.811670 0.000000 0.000000 0.000000 1.000000
0.986325 -0.079400 0.144425 -3.674122 0.033940 0.955373 0.293445 52.388065 -0.161280 -0.284530 0.945003 10.813626 0.000000 0.000000 0.000000 1.000000
0.989580 -0.076282 0.122114 -3.125793 0.037965 0.956350 0.289748 52.666561 -0.138886 -0.282093 0.949281 10.833746 0.000000 0.000000 0.000000 1.000000
0.991841 -0.073446 0.104202 -2.567049 0.040758 0.957157 0.286688 52.831795 -0.120794 -0.280101 0.952340 10.883074 0.000000 0.000000 0.000000 1.000000
0.993216 -0.070441 0.092516 -2.033587 0.041368 0.957626 0.285028 52.830898 -0.108673 -0.279268 0.954044 10.956758 0.000000 0.000000 0.000000 1.000000
0.994097 -0.067623 0.084840 -1.526973 0.040783 0.957551 0.285363 52.656235 -0.100535 -0.280219 0.954657 11.042238 0.000000 0.000000 0.000000 1.000000
0.994859 -0.066162 0.076667 -1.040319 0.041475 0.956864 0.287560 52.332382 -0.092385 -0.282902 0.954689 11.127625 0.000000 0.000000 0.000000 1.000000
0.995634 -0.067433 0.064543 -0.583249 0.045883 0.955705 0.290726 51.901649 -0.081288 -0.286496 0.954627 11.202756 0.000000 0.000000 0.000000 1.000000
0.996245 -0.071489 0.048839 -0.183924 0.054108 0.954459 0.293394 51.414013 -0.067589 -0.289649 0.954743 11.258884 0.000000 0.000000 0.000000 1.000000
0.996547 -0.075813 0.033870 0.131446 0.062566 0.953756 0.293997 50.917751 -0.054593 -0.290863 0.955206 11.293721 0.000000 0.000000 0.000000 1.000000
0.996736 -0.076686 0.025246 0.358814 0.066015 0.954149 0.291961 50.451000 -0.046478 -0.289342 0.956097 11.321047 0.000000 0.000000 0.000000 1.000000
0.997027 -0.072445 0.026242 0.516596 0.061833 0.955483 0.288496 50.032654 -0.045974 -0.286015 0.957122 11.370085 0.000000 0.000000 0.000000 1.000000
0.997256 -0.065018 0.035392 0.634784 0.052241 0.956860 0.285814 49.661957 -0.052448 -0.283181 0.957631 11.469759 0.000000 0.000000 0.000000 1.000000
0.997203 -0.058096 0.047015 0.748088 0.042341 0.957548 0.285149 49.329082 -0.061585 -0.282360 0.957330 11.628705 0.000000 0.000000 0.000000 1.000000
0.997031 -0.054149 0.054741 0.888291 0.036313 0.957586 0.285850 49.026554 -0.067898 -0.283014 0.956710 11.829098 0.000000 0.000000 0.000000 1.000000
0.997044 -0.053263 0.055378 1.077083 0.035229 0.957410 0.286575 48.753178 -0.068283 -0.283777 0.956456 12.040798 0.000000 0.000000 0.000000 1.000000
0.997300 -0.053829 0.049956 1.316277 0.037308 0.957292 0.286707 48.510033 -0.063255 -0.284069 0.956715 12.242207 0.000000 0.000000 0.000000 1.000000
0.997661 -0.054020 0.041895 1.586161 0.039794 0.957216 0.286624 48.294350 -0.055586 -0.284286 0.957127 12.429205 0.000000 0.000000 0.000000 1.000000
0.998002 -0.052977 0.034428 1.855855 0.040896 0.957013 0.287147 48.097210 -0.048160 -0.285165 0.957268 12.607239 0.000000 0.000000 0.000000 1.000000
0.998258 -0.051237 0.029259 2.098788 0.040636 0.956565 0.288672 47.911049 -0.042778 -0.286980 0.956981 12.776400 0.000000 0.000000 0.000000 1.000000
0.998398 -0.049866 0.026745 2.302338 0.039962 0.955991 0.290663 47.738068 -0.040062 -0.289129 0.956452 12.925547 0.000000 0.000000 0.000000 1.000000
0.998415 -0.049562 0.026656 2.464294 0.039648 0.955645 0.291840 47.589062 -0.039938 -0.290321 0.956096 13.040109 0.000000 0.000000 0.000000 1.000000
0.998321 -0.050328 0.028682 2.585146 0.039825 0.955872 0.291073 47.473923 -0.042065 -0.289442 0.956271 13.113461 0.000000 0.000000 0.000000 1.000000
0.998138 -0.051587 0.032536 2.665575 0.040055 0.956749 0.288143 47.393406 -0.045993 -0.286303 0.957035 13.151433 0.000000 0.000000 0.000000 1.000000
0.997897 -0.052611 0.037868 2.709781 0.039756 0.958139 0.283530 47.339333 -0.051200 -0.281428 0.958215 13.167127 0.000000 0.000000 0.000000 1.000000
0.997618 -0.052989 0.044156 2.729963 0.038691 0.959875 0.277747 47.303146 -0.057102 -0.275378 0.959639 13.171318 0.000000 0.000000 0.000000 1.000000
0.997323 -0.052831 0.050561 2.745365 0.037214 0.961864 0.270985 47.280773 -0.062949 -0.268378 0.961255 13.167617 0.000000 0.000000 0.000000 1.000000
0.997056 -0.052471 0.055909 2.776813 0.035980 0.964084 0.263150 47.265751 -0.067709 -0.260363 0.963134 13.156811 0.000000 0.000000 0.000000 1.000000
0.996893 -0.051913 0.059239 2.840558 0.035219 0.966489 0.254282 47.241852 -0.070454 -0.251405 0.965314 13.145696 0.000000 0.000000 0.000000 1.000000
0.996876 -0.050834 0.060452 2.944120 0.034553 0.968915 0.244968 47.194214 -0.071025 -0.242114 0.967645 13.149547 0.000000 0.000000 0.000000 1.000000
0.996976 -0.049016 0.060296 3.087376 0.033456 0.971116 0.236249 47.140484 -0.070134 -0.233517 0.969820 13.185652 0.000000 0.000000 0.000000 1.000000
0.997133 -0.046592 0.059623 3.264596 0.031775 0.972934 0.228886 47.145294 -0.068673 -0.226336 0.971626 13.262118 0.000000 0.000000 0.000000 1.000000
0.997303 -0.043895 0.058818 3.466439 0.029745 0.974404 0.222828 47.285515 -0.067093 -0.220477 0.973082 13.371951 0.000000 0.000000 0.000000 1.000000
0.997470 -0.041225 0.057917 3.680794 0.027705 0.975702 0.217344 47.586792 -0.065469 -0.215189 0.974375 13.496115 0.000000 0.000000 0.000000 1.000000
0.997620 -0.038746 0.057033 3.892351 0.025849 0.977015 0.211598 47.993744 -0.063920 -0.209620 0.975691 13.611302 0.000000 0.000000 0.000000 1.000000
0.997739 -0.036516 0.056424 4.087839 0.024215 0.978455 0.205037 48.409973 -0.062696 -0.203207 0.977127 13.699093 0.000000 0.000000 0.000000 1.000000
0.997818 -0.034590 0.056242 4.261206 0.022847 0.980054 0.197415 48.766769 -0.061948 -0.195700 0.978705 13.750516 0.000000 0.000000 0.000000 1.000000
0.997863 -0.033000 0.056388 4.414743 0.021810 0.981805 0.188634 49.053818 -0.061587 -0.187001 0.980427 13.767192 0.000000 0.000000 0.000000 1.000000
0.997893 -0.031612 0.056657 4.554593 0.021015 0.983677 0.178714 49.295113 -0.061382 -0.177147 0.982268 13.759834 0.000000 0.000000 0.000000 1.000000
0.997926 -0.030149 0.056875 4.684191 0.020211 0.985605 0.167852 49.510448 -0.061117 -0.166354 0.984170 13.742655 0.000000 0.000000 0.000000 1.000000
0.997975 -0.028383 0.056930 4.804315 0.019170 0.987524 0.156296 49.703690 -0.060656 -0.154888 0.986068 13.728005 0.000000 0.000000 0.000000 1.000000
0.998037 -0.026477 0.056753 4.917638 0.018065 0.989424 0.143920 49.871506 -0.059964 -0.142612 0.987961 13.720631 0.000000 0.000000 0.000000 1.000000
0.998113 -0.024652 0.056232 5.034955 0.017150 0.991341 0.130191 50.019093 -0.058955 -0.128981 0.989893 13.718636 0.000000 0.000000 0.000000 1.000000
0.998220 -0.022635 0.055170 5.164885 0.016173 0.993248 0.114880 50.155952 -0.057398 -0.113784 0.991846 13.718722 0.000000 0.000000 0.000000 1.000000
0.998348 -0.020664 0.053617 5.308716 0.015306 0.995021 0.098486 50.291531 -0.055386 -0.097503 0.993693 13.720429 0.000000 0.000000 0.000000 1.000000
0.998512 -0.018682 0.051228 5.460344 0.014436 0.996525 0.082035 50.430874 -0.052583 -0.081173 0.995312 13.726174 0.000000 0.000000 0.000000 1.000000
0.998724 -0.016906 0.047585 5.613754 0.013730 0.997705 0.066310 50.578499 -0.048597 -0.065572 0.996664 13.740011 0.000000 0.000000 0.000000 1.000000
0.998972 -0.015437 0.042634 5.767422 0.013231 0.998582 0.051560 50.746098 -0.043369 -0.050943 0.997759 13.767453 0.000000 0.000000 0.000000 1.000000
0.999220 -0.014044 0.036898 5.923643 0.012650 0.999208 0.037730 50.953831 -0.037399 -0.037234 0.998606 13.813786 0.000000 0.000000 0.000000 1.000000
0.999432 -0.012498 0.031282 6.082565 0.011727 0.999626 0.024708 51.217575 -0.031579 -0.024327 0.999205 13.879126 0.000000 0.000000 0.000000 1.000000
0.999588 -0.010852 0.026585 6.238738 0.010529 0.999869 0.012272 51.531750 -0.026715 -0.011987 0.999571 13.954028 0.000000 0.000000 0.000000 1.000000
0.999695 -0.009204 0.022908 6.383052 0.009211 0.999958 -0.000162 51.867767 -0.022905 0.000373 0.999738 14.022526 0.000000 0.000000 0.000000 1.000000
0.999771 -0.007810 0.019923 6.508743 0.008074 0.999880 -0.013215 52.195351 -0.019818 0.013373 0.999714 14.073162 0.000000 0.000000 0.000000 1.000000
0.999826 -0.006818 0.017377 6.616843 0.007281 0.999617 -0.026698 52.507523 -0.017188 0.026819 0.999493 14.107320 0.000000 0.000000 0.000000 1.000000
0.999865 -0.005934 0.015311 6.718086 0.006536 0.999194 -0.039595 52.822819 -0.015064 0.039690 0.999099 14.136029 0.000000 0.000000 0.000000 1.000000
0.999895 -0.004675 0.013727 6.827978 0.005376 0.998660 -0.051470 53.163097 -0.013468 0.051538 0.998580 14.167961 0.000000 0.000000 0.000000 1.000000
0.999921 -0.003137 0.012210 6.956943 0.003903 0.997991 -0.063230 53.531952 -0.011987 0.063273 0.997924 14.201484 0.000000 0.000000 0.000000 1.000000
0.999947 -0.002108 0.010076 7.103774 0.002868 0.997101 -0.076031 53.915249 -0.009887 0.076056 0.997055 14.228708 0.000000 0.000000 0.000000 1.000000
0.999973 -0.002270 0.006993 7.257974 0.002890 0.995940 -0.089970 54.298031 -0.006760 0.089988 0.995920 14.246034 0.000000 0.000000 0.000000 1.000000
0.999988 -0.003380 0.003425 7.407409 0.003719 0.994552 -0.104178 54.676563 -0.003054 0.104189 0.994553 14.258527 0.000000 0.000000 0.000000 1.000000
0.999990 -0.004426 0.000410 7.543924 0.004444 0.993023 -0.117835 55.054642 0.000115 0.117836 0.993033 14.273718 0.000000 0.000000 0.000000 1.000000
0.999989 -0.004584 -0.001187 7.663899 0.004390 0.991402 -0.130774 55.432899 0.001776 0.130768 0.991411 14.293410 0.000000 0.000000 0.000000 1.000000
0.999992 -0.003904 -0.001233 7.766636 0.003687 0.989684 -0.143221 55.805767 0.001779 0.143215 0.989690 14.313207 0.000000 0.000000 0.000000 1.000000
0.999995 -0.003148 -0.000132 7.853874 0.003090 0.987852 -0.155365 56.169624 0.000620 0.155364 0.987857 14.328483 0.000000 0.000000 0.000000 1.000000
0.999994 -0.003006 0.001713 7.929757 0.003251 0.985910 -0.167247 56.531712 -0.001186 0.167251 0.985914 14.337855 0.000000 0.000000 0.000000 1.000000
0.999985 -0.003579 0.004036 7.999105 0.004243 0.983867 -0.178853 56.908947 -0.003331 0.178868 0.983868 14.341208 0.000000 0.000000 0.000000 1.000000
0.999968 -0.004588 0.006484 8.064538 0.005738 0.981715 -0.190268 57.316132 -0.005493 0.190299 0.981711 14.338160 0.000000 0.000000 0.000000 1.000000
0.999946 -0.005776 0.008644 8.124787 0.007401 0.979424 -0.201680 57.753693 -0.007301 0.201733 0.979413 14.331201 0.000000 0.000000 0.000000 1.000000
0.999922 -0.006933 0.010432 8.176171 0.008997 0.977007 -0.213016 58.206215 -0.008715 0.213094 0.976993 14.328482 0.000000 0.000000 0.000000 1.000000
0.999895 -0.007761 0.012265 8.215867 0.010310 0.974590 -0.223760 58.651588 -0.010217 0.223863 0.974567 14.340568 0.000000 0.000000 0.000000 1.000000
0.999861 -0.008064 0.014625 8.244443 0.011257 0.972290 -0.233508 59.072418 -0.012337 0.233640 0.972245 14.373152 0.000000 0.000000 0.000000 1.000000
0.999812 -0.008112 0.017615 8.265909 0.012143 0.970086 -0.242457 59.462257 -0.015121 0.242625 0.970002 14.424281 0.000000 0.000000 0.000000 1.000000
0.999742 -0.008530 0.021074 8.285452 0.013548 0.967918 -0.250902 59.825085 -0.018258 0.251123 0.967783 14.489400 0.000000 0.000000 0.000000 1.000000
0.999642 -0.009742 0.024923 8.306704 0.015860 0.965847 -0.258628 60.171356 -0.021553 0.258931 0.965655 14.568211 0.000000 0.000000 0.000000 1.000000
0.999507 -0.011603 0.029181 8.330823 0.018934 0.964003 -0.265217 60.513382 -0.025053 0.265639 0.963747 14.665268 0.000000 0.000000 0.000000 1.000000
0.999341 -0.013557 0.033669 8.357562 0.022177 0.962404 -0.270716 60.861641 -0.028733 0.271284 0.962070 14.783479 0.000000 0.000000 0.000000 1.000000
0.999169 -0.015169 0.037839 8.385504 0.025034 0.960872 -0.275860 61.222443 -0.032174 0.276578 0.960453 14.917836 0.000000 0.000000 0.000000 1.000000
0.999023 -0.016446 0.041024 8.410821 0.027353 0.959143 -0.281596 61.597466 -0.034717 0.282443 0.958656 15.056919 0.000000 0.000000 0.000000 1.000000
0.998923 -0.017533 0.042958 8.427160 0.029202 0.957057 -0.288426 61.985104 -0.036056 0.289369 0.956538 15.191365 0.000000 0.000000 0.000000 1.000000
0.998866 -0.018249 0.043985 8.429245 0.030485 0.954638 -0.296206 62.382195 -0.036584 0.297210 0.954111 15.321209 0.000000 0.000000 0.000000 1.000000
0.998833 -0.018293 0.044696 8.417145 0.031060 0.952017 -0.304465 62.784439 -0.036981 0.305498 0.951474 15.455912 0.000000 0.000000 0.000000 1.000000
0.998805 -0.017777 0.045521 8.396442 0.031147 0.949344 -0.312692 63.185524 -0.037657 0.313737 0.948763 15.607182 0.000000 0.000000 0.000000 1.000000
0.998762 -0.017247 0.046660 8.373755 0.031318 0.946758 -0.320418 63.577438 -0.038650 0.321483 0.946126 15.781725 0.000000 0.000000 0.000000 1.000000
0.998686 -0.017289 0.048242 8.352702 0.032170 0.944288 -0.327543 63.953300 -0.039891 0.328665 0.943604 15.979033 0.000000 0.000000 0.000000 1.000000
0.998576 -0.017893 0.050267 8.333981 0.033713 0.941800 -0.334478 64.311134 -0.041357 0.335696 0.941062 16.194355 0.000000 0.000000 0.000000 1.000000
0.998447 -0.018477 0.052565 8.318079 0.035368 0.939149 -0.341686 64.655144 -0.043053 0.343014 0.938343 16.422913 0.000000 0.000000 0.000000 1.000000
0.998310 -0.018762 0.054998 8.306745 0.036838 0.936303 -0.349256 64.992149 -0.044942 0.350692 0.935412 16.662397 0.000000 0.000000 0.000000 1.000000
0.998147 -0.019235 0.057726 8.302186 0.038620 0.933396 -0.356765 65.326683 -0.047019 0.358333 0.932409 16.913252 0.000000 0.000000 0.000000 1.000000
0.997928 -0.020459 0.061005 8.306180 0.041300 0.930691 -0.363468 65.659515 -0.049340 0.365235 0.929607 17.176970 0.000000 0.000000 0.000000 1.000000
0.997656 -0.022254 0.064714 8.319041 0.044639 0.928388 -0.368921 65.989853 -0.051870 0.370945 0.927205 17.452530 0.000000 0.000000 0.000000 1.000000
0.997366 -0.023948 0.068463 8.339639 0.047876 0.926440 -0.373387 66.317841 -0.054485 0.375681 0.925146 17.734133 0.000000 0.000000 0.000000 1.000000
0.997090 -0.025142 0.071962 8.368131 0.050555 0.924658 -0.377428 66.643883 -0.057050 0.379967 0.923239 18.013329 0.000000 0.000000 0.000000 1.000000
0.996840 -0.026117 0.075017 8.410480 0.052881 0.922900 -0.381392 66.964600 -0.059273 0.384154 0.921364 18.284149 0.000000 0.000000 0.000000 1.000000
0.996631 -0.027406 0.077308 8.478047 0.055215 0.921153 -0.385263 67.268723 -0.060654 0.388234 0.919563 18.546778 0.000000 0.000000 0.000000 1.000000
0.996472 -0.029362 0.078624 8.579816 0.057779 0.919460 -0.388915 67.537369 -0.060873 0.392086 0.917912 18.805504 0.000000 0.000000 0.000000 1.000000
0.996360 -0.031815 0.079091 8.713627 0.060438 0.917916 -0.392146 67.751312 -0.060123 0.395498 0.916497 19.063786 0.000000 0.000000 0.000000 1.000000
0.996286 -0.034231 0.079009 8.865991 0.062794 0.916681 -0.394654 67.901726 -0.058917 0.398150 0.915426 19.321817 0.000000 0.000000 0.000000 1.000000
0.996248 -0.036192 0.078617 9.020626 0.064539 0.915892 -0.396203 67.996613 -0.057666 0.399790 0.914791 19.578196 0.000000 0.000000 0.000000 1.000000
0.996218 -0.037781 0.078251 9.167784 0.065895 0.915495 -0.396896 68.057838 -0.056644 0.400551 0.914522 19.831900 0.000000 0.000000 0.000000 1.000000
0.996144 -0.039350 0.078416 9.306130 0.067414 0.915314 -0.397060 68.110725 -0.056151 0.400815 0.914437 20.082420 0.000000 0.000000 0.000000 1.000000
0.995992 -0.041178 0.079403 9.437723 0.069492 0.915151 -0.397077 68.173073 -0.056315 0.401003 0.914344 20.328876 0.000000 0.000000 0.000000 1.000000
0.995773 -0.043251 0.081033 9.562248 0.072067 0.914854 -0.397302 68.250084 -0.056950 0.401462 0.914103 20.569767 0.000000 0.000000 0.000000 1.000000
0.995525 -0.045316 0.082925 9.675738 0.074771 0.914344 -0.397975 68.337158 -0.057787 0.402394 0.913641 20.803001 0.000000 0.000000 0.000000 1.000000
0.995292 -0.047087 0.084719 9.773547 0.077196 0.913656 -0.399092 68.426834 -0.058611 0.403753 0.912989 21.025763 0.000000 0.000000 0.000000 1.000000
0.995103 -0.048487 0.086137 9.853957 0.079144 0.912893 -0.400453 68.515640 -0.059217 0.405309 0.912260 21.235287 0.000000 0.000000 0.000000 1.000000
0.994958 -0.049769 0.087072 9.920004 0.080792 0.912144 -0.401828 68.606071 -0.059424 0.406837 0.911566 21.430546 0.000000 0.000000 0.000000 1.000000
0.994835 -0.051361 0.087552 9.978720 0.082529 0.911434 -0.403084 68.702820 -0.059095 0.408228 0.910965 21.613470 0.000000 0.000000 0.000000 1.000000
0.994725 -0.053463 0.087546 10.037814 0.084525 0.910743 -0.404230 68.805618 -0.058121 0.409497 0.910458 21.787933 0.000000 0.000000 0.000000 1.000000
0.994645 -0.055858 0.086952 10.100368 0.086542 0.910066 -0.405328 68.904007 -0.056492 0.410683 0.910027 21.957207 0.000000 0.000000 0.000000 1.000000
0.994616 -0.058087 0.085819 10.160797 0.088173 0.909464 -0.406327 68.979568 -0.054447 0.411706 0.909689 22.121401 0.000000 0.000000 0.000000 1.000000
0.994626 -0.059711 0.084575 10.206369 0.089183 0.909064 -0.407000 69.015823 -0.052582 0.412356 0.909504 22.276279 0.000000 0.000000 0.000000 1.000000
0.994643 -0.060480 0.083833 10.225159 0.089583 0.908983 -0.407092 69.009300 -0.051582 0.412421 0.909532 22.414009 0.000000 0.000000 0.000000 1.000000
0.994645 -0.060414 0.083850 10.214689 0.089501 0.909219 -0.406583 68.973587 -0.051675 0.411910 0.909758 22.526405 0.000000 0.000000 0.000000 1.000000
0.994627 -0.059909 0.084432 10.184113 0.089233 0.909611 -0.405765 68.932411 -0.052491 0.411119 0.910069 22.609795 0.000000 0.000000 0.000000 1.000000
0.994569 -0.059529 0.085370 10.148633 0.089227 0.909960 -0.404982 68.906532 -0.053575 0.410400 0.910330 22.668674 0.000000 0.000000 0.000000 1.000000
0.994460 -0.059447 0.086696 10.120330 0.089659 0.910217 -0.404309 68.903404 -0.054877 0.409842 0.910504 22.714119 0.000000 0.000000 0.000000 1.000000
0.994299 -0.059381 0.088565 10.102239 0.090321 0.910487 -0.403554 68.915649 -0.056673 0.409253 0.910659 22.756683 0.000000 0.000000 0.000000 1.000000
0.994099 -0.059045 0.091000 10.088518 0.090949 0.910880 -0.402525 68.927582 -0.059123 0.408426 0.910875 22.798309 0.000000 0.000000 0.000000 1.000000
0.993865 -0.058554 0.093827 10.070135 0.091572 0.911401 -0.401201 68.924988 -0.062022 0.407331 0.911172 22.829855 0.000000 0.000000 0.000000 1.000000
0.993591 -0.058372 0.096799 10.042009 0.092515 0.911978 -0.399671 68.901482 -0.064949 0.406065 0.911533 22.837326 0.000000 0.000000 0.000000 1.000000
0.993287 -0.058783 0.099625 10.006018 0.093922 0.912579 -0.397967 68.858612 -0.067522 0.404653 0.911974 22.812025 0.000000 0.000000 0.000000 1.000000
0.992983 -0.059726 0.102071 9.967699 0.095640 0.913232 -0.396055 68.801460 -0.069560 0.403038 0.912536 22.756256 0.000000 0.000000 0.000000 1.000000
0.992700 -0.060973 0.104067 9.929648 0.097426 0.914002 -0.393838 68.734322 -0.071105 0.401102 0.913270 22.680397 0.000000 0.000000 0.000000 1.000000
0.992458 -0.062205 0.105630 9.888492 0.098988 0.914950 -0.391238 68.659592 -0.072309 0.398744 0.914207 22.595501 0.000000 0.000000 0.000000 1.000000
0.992271 -0.062937 0.106941 9.838121 0.099959 0.916071 -0.388358 68.580399 -0.073523 0.396047 0.915282 22.508110 0.000000 0.000000 0.000000 1.000000
0.992125 -0.062767 0.108391 9.775043 0.100138 0.917305 -0.385388 68.501900 -0.075238 0.393207 0.916366 22.420647 0.000000 0.000000 0.000000 1.000000
0.991984 -0.061757 0.110244 9.700370 0.099685 0.918610 -0.382385 68.430138 -0.077657 0.390310 0.917403 22.333637 0.000000 0.000000 0.000000 1.000000
0.991814 -0.060373 0.112515 9.617589 0.099025 0.919978 -0.379255 68.368629 -0.080615 0.387293 0.918426 22.247015 0.000000 0.000000 0.000000 1.000000
0.991566 -0.059239 0.115275 9.529510 0.098738 0.921419 -0.375816 68.316154 -0.083953 0.384029 0.919497 22.160788 0.000000 0.000000 0.000000 1.000000
0.991188 -0.058944 0.118624 9.437540 0.099392 0.922945 -0.371880 68.267166 -0.087564 0.380393 0.920670 22.075962 0.000000 0.000000 0.000000 1.000000
0.990694 -0.059867 0.122232 9.342257 0.101181 0.924615 -0.367219 68.213593 -0.091033 0.376170 0.922068 21.994890 0.000000 0.000000 0.000000 1.000000
0.990163 -0.062010 0.125428 9.243573 0.103833 0.926527 -0.361616 68.146194 -0.093788 0.371083 0.923851 21.918879 0.000000 0.000000 0.000000 1.000000
0.989695 -0.064672 0.127757 9.139133 0.106541 0.928686 -0.355234 68.055672 -0.095672 0.365185 0.926006 21.844810 0.000000 0.000000 0.000000 1.000000
0.989323 -0.066893 0.129484 9.024170 0.108605 0.930839 -0.348917 67.935181 -0.097189 0.359254 0.928165 21.765141 0.000000 0.000000 0.000000 1.000000
0.989025 -0.067962 0.131191 8.894161 0.109686 0.932625 -0.343773 67.784523 -0.098988 0.354390 0.929844 21.672714 0.000000 0.000000 0.000000 1.000000
0.988773 -0.067843 0.133138 8.749697 0.109890 0.933899 -0.340231 67.611343 -0.101255 0.351042 0.930869 21.567009 0.000000 0.000000 0.000000 1.000000
0.988538 -0.067255 0.135161 8.598501 0.109780 0.934810 -0.337756 67.427208 -0.103634 0.348723 0.931478 21.456244 0.000000 0.000000 0.000000 1.000000
0.988283 -0.067168 0.137063 8.452548 0.110106 0.935614 -0.335414 67.241264 -0.105709 0.346575 0.932047 21.353903 0.000000 0.000000 0.000000 1.000000
0.987959 -0.068107 0.138921 8.322147 0.111315 0.936508 -0.332508 67.057030 -0.107455 0.343968 0.932813 21.271870 0.000000 0.000000 0.000000 1.000000
0.987552 -0.069962 0.140880 8.211356 0.113326 0.937579 -0.328789 66.874092 -0.109084 0.340661 0.933836 21.215038 0.000000 0.000000 0.000000 1.000000
0.987106 -0.072428 0.142745 8.117298 0.115786 0.938833 -0.324324 66.692429 -0.110524 0.336670 0.935114 21.180616 0.000000 0.000000 0.000000 1.000000
0.986709 -0.075369 0.143962 8.032955 0.118408 0.940218 -0.319328 66.515160 -0.111288 0.332130 0.936645 21.161446 0.000000 0.000000 0.000000 1.000000
0.986427 -0.078714 0.144107 7.950117 0.121030 0.941635 -0.314126 66.348831 -0.110970 0.327304 0.938381 21.149954 0.000000 0.000000 0.000000 1.000000
0.986259 -0.082159 0.143332 7.861029 0.123472 0.942988 -0.309076 66.202057 -0.109767 0.322526 0.940175 21.140213 0.000000 0.000000 0.000000 1.000000
0.986134 -0.085259 0.142373 7.759506 0.125594 0.944201 -0.304485 66.084129 -0.108469 0.318144 0.941817 21.128101 0.000000 0.000000 0.000000 1.000000
0.985977 -0.087736 0.141957 7.642689 0.127396 0.945179 -0.300677 66.003502 -0.107795 0.314545 0.943102 21.111225 0.000000 0.000000 0.000000 1.000000
0.985755 -0.089667 0.142294 7.512179 0.129041 0.945826 -0.297928 65.966614 -0.107871 0.312045 0.943924 21.089235 0.000000 0.000000 0.000000 1.000000
0.985463 -0.091354 0.143241 7.372898 0.130774 0.946097 -0.296309 65.976280 -0.108451 0.310734 0.944290 21.063236 0.000000 0.000000 0.000000 1.000000
0.985088 -0.093000 0.144750 7.230413 0.132774 0.945975 -0.295808 66.030388 -0.109419 0.310616 0.944217 21.033472 0.000000 0.000000 0.000000 1.000000
0.984610 -0.094559 0.146975 7.089353 0.135056 0.945435 -0.296500 66.120972 -0.110919 0.311787 0.943656 20.996952 0.000000 0.000000 0.000000 1.000000
0.984031 -0.095860 0.149979 6.953034 0.137490 0.944480 -0.298419 66.233917 -0.113045 0.314274 0.942578 20.948269 0.000000 0.000000 0.000000 1.000000
0.983399 -0.096843 0.153451 6.822930 0.139907 0.943194 -0.301348 66.348389 -0.115550 0.317814 0.941086 20.883831 0.000000 0.000000 0.000000 1.000000
0.982796 -0.097562 0.156821 6.697266 0.142128 0.941740 -0.304835 66.436852 -0.117944 0.321880 0.939405 20.805834 0.000000 0.000000 0.000000 1.000000
0.982315 -0.097917 0.159590 6.571123 0.143830 0.940331 -0.308369 66.466614 -0.119873 0.325869 0.937784 20.721611 0.000000 0.000000 0.000000 1.000000
0.982030 -0.097614 0.161519 6.439237 0.144591 0.939175 -0.311517 66.405167 -0.121287 0.329274 0.936412 20.638988 0.000000 0.000000 0.000000 1.000000
0.981956 -0.096592 0.162579 6.299646 0.144286 0.938418 -0.313931 66.227989 -0.122244 0.331724 0.935423 20.562826 0.000000 0.000000 0.000000 1.000000
0.982026 -0.095374 0.162878 6.154490 0.143379 0.938162 -0.315112 65.925995 -0.122753 0.332801 0.934973 20.495470 0.000000 0.000000 0.000000 1.000000
0.982108 -0.094776 0.162732 6.007161 0.142666 0.938503 -0.314417 65.507874 -0.122925 0.332008 0.935233 20.439108 0.000000 0.000000 0.000000 1.000000
0.982070 -0.095170 0.162728 5.858288 0.142678 0.939423 -0.311652 64.996094 -0.123211 0.329281 0.936159 20.396528 0.000000 0.000000 0.000000 1.000000
0.981868 -0.096076 0.163417 5.704301 0.143227 0.940709 -0.307494 64.417465 -0.124185 0.325324 0.937413 20.369493 0.000000 0.000000 0.000000 1.000000
0.981542 -0.096755 0.164964 5.539927 0.143782 0.942099 -0.302946 63.794510 -0.126101 0.321073 0.938622 20.356749 0.000000 0.000000 0.000000 1.000000
0.981149 -0.097031 0.167127 5.362490 0.144137 0.943492 -0.298409 63.140732 -0.128728 0.316873 0.939692 20.354055 0.000000 0.000000 0.000000 1.000000
0.980734 -0.097317 0.169381 5.174850 0.144449 0.945004 -0.293431 62.461685 -0.131510 0.312245 0.940855 20.355907 0.000000 0.000000 0.000000 1.000000
0.980325 -0.098162 0.171251 4.984085 0.144983 0.946826 -0.287228 61.759949 -0.133950 0.306405 0.942429 20.357103 0.000000 0.000000 0.000000 1.000000
0.979887 -0.099972 0.172705 4.796917 0.146060 0.949011 -0.279366 61.041813 -0.135970 0.298972 0.944525 20.353148 0.000000 0.000000 0.000000 1.000000
0.979311 -0.102985 0.174194 4.615495 0.148080 0.951397 -0.270028 60.321991 -0.137919 0.290236 0.946964 20.338671 0.000000 0.000000 0.000000 1.000000
0.978485 -0.107377 0.176175 4.436487 0.151420 0.953747 -0.259690 59.624702 -0.140141 0.280779 0.949486 20.304054 0.000000 0.000000 0.000000 1.000000
0.977395 -0.113043 0.178664 4.252672 0.156041 0.955896 -0.248826 58.978638 -0.142656 0.271081 0.951927 20.232796 0.000000 0.000000 0.000000 1.000000
0.976130 -0.119360 0.181446 4.054626 0.161396 0.957696 -0.238266 58.406769 -0.145330 0.261863 0.954100 20.104727 0.000000 0.000000 0.000000 1.000000
0.974763 -0.125587 0.184567 3.831864 0.166963 0.958930 -0.229298 57.915070 -0.148190 0.254327 0.955697 19.905083 0.000000 0.000000 0.000000 1.000000
0.973298 -0.131258 0.188315 3.573355 0.172475 0.959525 -0.222629 57.485931 -0.151471 0.249164 0.956543 19.631962 0.000000 0.000000 0.000000 1.000000
0.971766 -0.136101 0.192736 3.266544 0.177605 0.959701 -0.217786 57.081154 -0.155328 0.245868 0.956777 19.294626 0.000000 0.000000 0.000000 1.000000
0.970272 -0.140087 0.197353 2.896695 0.182075 0.959735 -0.213910 56.655403 -0.159441 0.243483 0.956710 18.905579 0.000000 0.000000 0.000000 1.000000
0.968967 -0.143274 0.201433 2.452763 0.185635 0.959861 -0.210251 56.173477 -0.163225 0.241119 0.956671 18.476788 0.000000 0.000000 0.000000 1.000000
0.967966 -0.145382 0.204709 1.939851 0.187756 0.960431 -0.205717 55.618057 -0.166702 0.237562 0.956961 18.023771 0.000000 0.000000 0.000000 1.000000
0.967067 -0.146635 0.208037 1.382750 0.188636 0.961663 -0.199049 54.980492 -0.170874 0.231737 0.957654 17.567661 0.000000 0.000000 0.000000 1.000000
0.965533 -0.149220 0.213257 0.814051 0.190842 0.963017 -0.190206 54.249413 -0.176988 0.224348 0.958302 17.123421 0.000000 0.000000 0.000000 1.000000
0.962920 -0.154791 0.220961 0.254507 0.196514 0.963583 -0.181357 53.416611 -0.184842 0.218055 0.958272 16.680983 0.000000 0.000000 0.000000 1.000000
0.959171 -0.163992 0.230429 -0.286661 0.206546 0.962733 -0.174597 52.488487 -0.193209 0.215062 0.957297 16.207085 0.000000 0.000000 0.000000 1.000000
0.955408 -0.173917 0.238639 -0.789876 0.217440 0.961143 -0.170072 51.482681 -0.199788 0.214378 0.956100 15.678959 0.000000 0.000000 0.000000 1.000000
0.953822 -0.178864 0.241313 -1.204025 0.222115 0.960826 -0.165766 50.443764 -0.202210 0.211710 0.956185 15.114502 0.000000 0.000000 0.000000 1.000000
0.955852 -0.175499 0.235686 -1.459147 0.216100 0.963321 -0.159101 49.500839 -0.199119 0.203009 0.958717 14.562334 0.000000 0.000000 0.000000 1.000000
0.960409 -0.167914 0.222303 -1.503414 0.203752 0.967551 -0.149433 48.925232 -0.189998 0.188811 0.963458 14.054862 0.000000 0.000000 0.000000 1.000000
0.965962 -0.162261 0.201466 -1.346790 0.192770 0.970866 -0.142332 49.025780 -0.172501 0.176324 0.969099 13.571217 0.000000 0.000000 0.000000 1.000000
0.971378 -0.162987 0.172799 -1.051421 0.189204 0.970720 -0.148001 49.860325 -0.143617 0.176460 0.973774 13.049861 0.000000 0.000000 0.000000 1.000000
0.975790 -0.170321 0.137204 -0.708274 0.192937 0.965794 -0.173256 51.012447 -0.103002 0.195533 0.975273 12.442913 0.000000 0.000000 0.000000 1.000000
0.978140 -0.182667 0.099371 -0.402272 0.200312 0.955980 -0.214425 51.852242 -0.055829 0.229642 0.971673 11.750605 0.000000 0.000000 0.000000 1.000000
0.977949 -0.198165 0.065928 -0.174507 0.208576 0.942727 -0.260310 52.189102 -0.010568 0.268320 0.963272 11.013327 0.000000 0.000000 0.000000 1.000000
0.975614 -0.215417 0.042102 -0.033888 0.217968 0.928274 -0.301327 52.638535 0.025829 0.303156 0.952591 10.260052 0.000000 0.000000 0.000000 1.000000
0.971832 -0.233735 0.030187 0.022394 0.230165 0.913744 -0.334807 54.174698 0.050673 0.332324 0.941803 9.479304 0.000000 0.000000 0.000000 1.000000
0.967101 -0.252704 0.029267 0.003840 0.245816 0.898664 -0.363287 57.212967 0.065503 0.358529 0.931218 8.636969 0.000000 0.000000 0.000000 1.000000
0.961708 -0.271745 0.035671 -0.069672 0.263783 0.882384 -0.389637 61.131172 0.074406 0.384126 0.920277 7.719815 0.000000 0.000000 0.000000 1.000000
0.955891 -0.290351 0.044370 -0.136467 0.282137 0.865643 -0.413595 64.757576 0.081680 0.407870 0.909379 6.776013 0.000000 0.000000 0.000000 1.000000
