<?xml version="1.0" encoding="utf-8"?>
<COLLADA xmlns="http://www.collada.org/2005/11/COLLADASchema" version="1.4.1">
  <asset><contributor><author>Mixamo</author><authoring_tool>COLLADA Mixamo exporter</authoring_tool><comments></comments></contributor><created>2020-02-25T10:27:29Z</created><modified>2020-02-25T10:27:29Z</modified><revision></revision><title></title><unit meter="0.010000"/><up_axis>Y_UP</up_axis></asset>
  <library_animations>
    <animation id="mixamorig7_Hips-anim" name="mixamorig7_Hips"><source id="mixamorig7_Hips-Matrix-animation-input"><float_array id="mixamorig7_Hips-Matrix-animation-input-array" count="24">

0.000000 0.033333 0.066667 0.100000 0.133333 0.166667 0.200000 0.233333 0.266667 0.300000 0.333333 0.366667 0.400000 0.433333 0.466667 0.500000
0.533333 0.566667 0.600000 0.633333 0.666667 0.700000 0.733333 0.766667</float_array><technique_common><accessor source="#mixamorig7_Hips-Matrix-animation-input-array" count="24"><param name="TIME" type="float"/></accessor></technique_common></source><source id="mixamorig7_Hips-Matrix-animation-output-transform"><float_array id="mixamorig7_Hips-Matrix-animation-output-transform-array" count="384">

0.797589 0.022563 0.602779 0.163158 0.032882 0.996188 -0.080797 87.649559 -0.602305 0.084264 0.793807 0.318660 0.000000 0.000000 0.000000 1.000000
0.802739 -0.017001 0.596088 0.328915 0.085587 0.992529 -0.086951 89.109589 -0.590156 0.120816 0.798197 9.148796 0.000000 0.000000 0.000000 1.000000
0.795504 -0.041976 0.604493 0.650532 0.130212 0.986134 -0.102880 91.098274 -0.591792 0.160554 0.789940 18.218987 0.000000 0.000000 0.000000 1.000000
0.775851 -0.041624 0.629541 1.027742 0.151940 0.980781 -0.122403 92.907501 -0.612347 0.190619 0.767265 27.527328 0.000000 0.000000 0.000000 1.000000
0.747980 -0.020463 0.663406 1.393923 0.146974 0.979817 -0.135488 93.948860 -0.647244 0.198845 0.735891 37.054546 0.000000 0.000000 0.000000 1.000000
0.717987 0.003328 0.696048 1.759111 0.124531 0.983240 -0.133158 93.867508 -0.684826 0.182286 0.705539 46.812286 0.000000 0.000000 0.000000 1.000000
0.688377 0.011981 0.725254 2.151006 0.103665 0.987975 -0.114715 92.988129 -0.717907 0.154150 0.678858 56.583027 0.000000 0.000000 0.000000 1.000000
0.657672 0.005811 0.753282 2.479347 0.095718 0.991220 -0.091216 91.712608 -0.747199 0.132093 0.651342 65.924057 0.000000 0.000000 0.000000 1.000000
0.626691 -0.002141 0.779265 2.492457 0.100438 0.991877 -0.078048 90.062622 -0.772768 0.127180 0.621815 74.534836 0.000000 0.000000 0.000000 1.000000
0.600611 -0.004607 0.799528 2.004203 0.116948 0.989735 -0.082149 88.278946 -0.790942 0.142843 0.594984 82.491455 0.000000 0.000000 0.000000 1.000000
0.583749 -0.000135 0.811934 1.184699 0.136334 0.985818 -0.097856 86.877876 -0.800406 0.167818 0.575489 90.506050 0.000000 0.000000 0.000000 1.000000
0.579818 0.010509 0.814678 0.551842 0.145065 0.982608 -0.115919 86.594543 -0.801728 0.185393 0.568210 99.428711 0.000000 0.000000 0.000000 1.000000
0.594697 0.027299 0.803486 0.506522 0.136126 0.981573 -0.134103 87.699158 -0.792342 0.189126 0.580022 109.512115 0.000000 0.000000 0.000000 1.000000
0.630878 0.048807 0.774345 0.973596 0.114902 0.981138 -0.155455 89.651772 -0.767327 0.187047 0.613370 120.354599 0.000000 0.000000 0.000000 1.000000
0.680138 0.064602 0.730232 1.594804 0.099559 0.978741 -0.179317 91.691734 -0.726292 0.194662 0.659247 131.582230 0.000000 0.000000 0.000000 1.000000
0.724937 0.064897 0.685751 2.056451 0.100440 0.974952 -0.198445 93.187241 -0.681453 0.212737 0.700260 142.981949 0.000000 0.000000 0.000000 1.000000
0.753213 0.050327 0.655849 2.251137 0.111682 0.972807 -0.202911 93.785477 -0.648226 0.226082 0.727110 154.501434 0.000000 0.000000 0.000000 1.000000
0.765619 0.035575 0.642310 2.218571 0.111463 0.976031 -0.186920 93.167145 -0.633564 0.214703 0.743303 165.877213 0.000000 0.000000 0.000000 1.000000
0.770429 0.033246 0.636658 2.006142 0.085881 0.984125 -0.155317 91.555725 -0.631715 0.174337 0.755343 177.055252 0.000000 0.000000 0.000000 1.000000
0.775268 0.042698 0.630187 1.569541 0.043745 0.991687 -0.121008 89.547073 -0.630115 0.121381 0.766956 187.948654 0.000000 0.000000 0.000000 1.000000
0.782427 0.053305 0.620457 0.939513 0.008401 0.995336 -0.096106 87.800285 -0.622686 0.080408 0.778329 198.549759 0.000000 0.000000 0.000000 1.000000
0.790312 0.054693 0.610259 0.356215 -0.003294 0.996373 -0.085030 86.794159 -0.612696 0.065190 0.787626 209.128616 0.000000 0.000000 0.000000 1.000000
0.796160 0.044313 0.603461 0.067073 0.007319 0.996537 -0.082833 86.738304 -0.605042 0.070365 0.793078 220.087997 0.000000 0.000000 0.000000 1.000000
0.797589 0.022563 0.602779 0.163157 0.032882 0.996188 -0.080797 87.649559 -0.602305 0.084264 0.793807 231.636520 0.000000 0.000000 0.000000 1.000000</float_array><technique_common><accessor source="#mixamorig7_Hips-Matrix-animation-output-transform-array" count="24" stride="16"><param type="float4x4"/></accessor></technique_common></source><source id="mixamorig7_Hips-Interpolations"><Name_array id="mixamorig7_Hips-Interpolations-array" count="24">
 LINEAR LINEAR LINEAR LINEAR LINEAR LINEAR LINEAR LINEAR LINEAR LINEAR LINEAR
LINEAR LINEAR LINEAR LINEAR LINEAR LINEAR LINEAR LINEAR LINEAR LINEAR LINEAR LINEAR
LINEAR</Name_array><technique_common><accessor source="#mixamorig7_Hips-Interpolations-array" count="24"><param type="name"/></accessor></technique_common></source><sampler id="mixamorig7_Hips-Matrix-animation-transform"><input semantic="INPUT" source="#mixamorig7_Hips-Matrix-animation-input"/><input semantic="OUTPUT" source="#mixamorig7_Hips-Matrix-animation-output-transform"/><input semantic="INTERPOLATION" source="#mixamorig7_Hips-Interpolations"/></sampler><channel source="#mixamorig7_Hips-Matrix-animation-transform" target="mixamorig7_Hips/matrix"/></animation>
    <animation id="mixamorig7_Spine-anim" name="mixamorig7_Spine"><source id="mixamorig7_Spine-Matrix-animation-input"><float_array id="mixamorig7_Spine-Matrix-animation-input-array" count="24">

0.000000 0.033333 0.066667 0.100000 0.133333 0.166667 0.200000 0.233333 0.266667 0.300000 0.333333 0.366667 0.400000 0.433333 0.466667 0.500000
0.533333 0.566667 0.600000 0.633333 0.666667 0.700000 0.733333 0.766667</float_array><technique_common><accessor source="#mixamorig7_Spine-Matrix-animation-input-array" count="24"><param name="TIME" type="float"/></accessor></technique_common></source><source id="mixamorig7_Spine-Matrix-animation-output-transform"><float_array id="mixamorig7_Spine-Matrix-animation-output-transform-array" count="384">

0.983549 -0.032170 0.177753 -0.000000 0.035495 0.999249 -0.015558 9.694400 -0.177119 0.021611 0.983952 -1.109700 0.000000 0.000000 0.000000 1.000000
0.969975 0.014991 0.242740 -0.000000 -0.004217 0.998985 -0.044845 9.694400 -0.243166 0.042475 0.969054 -1.109700 0.000000 0.000000 0.000000 1.000000
0.953679 0.048184 0.296941 0.000000 -0.031988 0.997736 -0.059166 9.694400 -0.299120 0.046927 0.953061 -1.109700 0.000000 0.000000 0.000000 1.000000
0.941115 0.061087 0.332523 0.000000 -0.045145 0.997439 -0.055466 9.694400 -0.335060 0.037188 0.941463 -1.109700 0.000000 0.000000 0.000000 1.000000
0.937617 0.053497 0.343530 0.000000 -0.043272 0.998364 -0.037366 9.694400 -0.344968 0.020170 0.938398 -1.109700 0.000000 0.000000 0.000000 1.000000
0.943218 0.030237 0.330795 -0.000000 -0.026735 0.999528 -0.015133 9.694400 -0.331097 0.005430 0.943581 -1.109700 0.000000 0.000000 0.000000 1.000000
0.953568 0.005109 0.301134 -0.000000 -0.004818 0.999987 -0.001706 9.694400 -0.301139 0.000176 0.953580 -1.109700 0.000000 0.000000 0.000000 1.000000
0.964552 -0.008021 0.263772 0.000000 0.009246 0.999951 -0.003402 9.694400 -0.263732 0.005720 0.964579 -1.109700 0.000000 0.000000 0.000000 1.000000
0.974045 -0.004487 0.226312 -0.000000 0.008238 0.999844 -0.015633 9.694400 -0.226207 0.017091 0.973929 -1.109700 0.000000 0.000000 0.000000 1.000000
0.981555 0.013373 0.190711 -0.000000 -0.008021 0.999553 -0.028809 9.694400 -0.191011 0.026748 0.981223 -1.109700 0.000000 0.000000 0.000000 1.000000
0.987711 0.032851 0.152801 0.000000 -0.027866 0.999011 -0.034654 9.694400 -0.153789 0.029970 0.987649 -1.109700 0.000000 0.000000 0.000000 1.000000
0.993178 0.041638 0.108920 0.000000 -0.038442 0.998771 -0.031283 9.694400 -0.110089 0.026882 0.993558 -1.109700 0.000000 0.000000 0.000000 1.000000
0.997448 0.037746 0.060598 0.000000 -0.036474 0.999093 -0.021971 9.694400 -0.061373 0.019704 0.997920 -1.109700 0.000000 0.000000 0.000000 1.000000
0.999471 0.029428 0.013834 0.000000 -0.029278 0.999511 -0.010951 9.694400 -0.014149 0.010541 0.999844 -1.109700 0.000000 0.000000 0.000000 1.000000
0.999260 0.031402 -0.022222 0.000000 -0.031439 0.999505 -0.001314 9.694400 0.022170 0.002012 0.999752 -1.109700 0.000000 0.000000 0.000000 1.000000
0.998163 0.045080 -0.040471 -0.000000 -0.044933 0.998980 0.004538 9.694400 0.040634 -0.002711 0.999170 -1.109700 0.000000 0.000000 0.000000 1.000000
0.997499 0.060294 -0.036890 0.000000 -0.060177 0.998179 0.004275 9.694400 0.037080 -0.002044 0.999310 -1.109700 0.000000 0.000000 0.000000 1.000000
0.998070 0.061027 -0.011447 0.000000 -0.061059 0.998131 -0.002441 9.694400 0.011277 0.003135 0.999932 -1.109700 0.000000 0.000000 0.000000 1.000000
0.998794 0.039325 0.029396 0.000000 -0.038975 0.999163 -0.012393 9.694400 -0.029858 0.011232 0.999491 -1.109700 0.000000 0.000000 0.000000 1.000000
0.997215 0.000952 0.074575 -0.000000 0.000563 0.999794 -0.020281 9.694400 -0.074579 0.020266 0.997009 -1.109700 0.000000 0.000000 0.000000 1.000000
0.992921 -0.036954 0.112882 0.000000 0.039729 0.998959 -0.022438 9.694400 -0.111936 0.026764 0.993355 -1.109700 0.000000 0.000000 0.000000 1.000000
0.988537 -0.056898 0.139851 0.000000 0.060245 0.997987 -0.019820 9.694400 -0.138441 0.028018 0.989974 -1.109700 0.000000 0.000000 0.000000 1.000000
0.985717 -0.054372 0.159391 0.000000 0.057688 0.998202 -0.016250 9.694400 -0.158221 0.025213 0.987082 -1.109700 0.000000 0.000000 0.000000 1.000000
0.983549 -0.032170 0.177753 0.000000 0.035495 0.999249 -0.015558 9.694400 -0.177119 0.021611 0.983952 -1.109700 0.000000 0.000000 0.000000 1.000000</float_array><technique_common><accessor source="#mixamorig7_Spine-Matrix-animation-output-transform-array" count="24" stride="16"><param type="float4x4"/></accessor></technique_common></source><source id="mixamorig7_Spine-Interpolations"><Name_array id="mixamorig7_Spine-Interpolations-array" count="24">
 LINEAR LINEAR LINEAR LINEAR LINEAR LINEAR LINEAR LINEAR LINEAR LINEAR LINEAR
LINEAR LINEAR LINEAR LINEAR LINEAR LINEAR LINEAR LINEAR LINEAR LINEAR LINEAR LINEAR
LINEAR</Name_array><technique_common><accessor source="#mixamorig7_Spine-Interpolations-array" count="24"><param type="name"/></accessor></technique_common></source><sampler id="mixamorig7_Spine-Matrix-animation-transform"><input semantic="INPUT" source="#mixamorig7_Spine-Matrix-animation-input"/><input semantic="OUTPUT" source="#mixamorig7_Spine-Matrix-animation-output-transform"/><input semantic="INTERPOLATION" source="#mixamorig7_Spine-Interpolations"/></sampler><channel source="#mixamorig7_Spine-Matrix-animation-transform" target="mixamorig7_Spine/matrix"/></animation>
    <animation id="mixamorig7_Spine1-anim" name="mixamorig7_Spine1"><source id="mixamorig7_Spine1-Matrix-animation-input"><float_array id="mixamorig7_Spine1-Matrix-animation-input-array" count="24">

0.000000 0.033333 0.066667 0.100000 0.133333 0.166667 0.200000 0.233333 0.266667 0.300000 0.333333 0.366667 0.400000 0.433333 0.466667 0.500000
0.533333 0.566667 0.600000 0.633333 0.666667 0.700000 0.733333 0.766667</float_array><technique_common><accessor source="#mixamorig7_Spine1-Matrix-animation-input-array" count="24"><param name="TIME" type="float"/></accessor></technique_common></source><source id="mixamorig7_Spine1-Matrix-animation-output-transform"><float_array id="mixamorig7_Spine1-Matrix-animation-output-transform-array" count="384">

0.978510 0.067296 0.194907 0.000000 -0.070203 0.997500 0.008040 11.384000 -0.193878 -0.021550 0.980789 0.000000 0.000000 0.000000 0.000000 1.000000
0.975153 0.072400 0.209367 -0.000000 -0.074886 0.997184 0.003961 11.384000 -0.208491 -0.019542 0.977829 -0.000000 0.000000 0.000000 0.000000 1.000000
0.972274 0.075239 0.221409 0.000000 -0.078017 0.996945 0.003813 11.384000 -0.220446 -0.020981 0.975173 0.000000 0.000000 0.000000 0.000000 1.000000
0.970587 0.075216 0.228698 0.000000 -0.079077 0.996838 0.007754 11.384000 -0.227392 -0.025610 0.973466 0.000000 0.000000 0.000000 0.000000 1.000000
0.970740 0.072547 0.228914 0.000000 -0.077882 0.996859 0.014347 11.384000 -0.227154 -0.031756 0.973341 0.000000 0.000000 0.000000 0.000000 1.000000
0.972643 0.068734 0.221905 0.000000 -0.075138 0.996962 0.020538 11.384000 -0.219819 -0.036650 0.974852 0.000000 0.000000 0.000000 0.000000 1.000000
0.975257 0.065981 0.210998 0.000000 -0.072515 0.997093 0.023372 11.384000 -0.208843 -0.038094 0.977207 -0.000000 0.000000 0.000000 0.000000 1.000000
0.977182 0.066174 0.201831 0.000000 -0.071981 0.997173 0.021560 11.384000 -0.199834 -0.035596 0.979183 0.000000 0.000000 0.000000 0.000000 1.000000
0.977568 0.069871 0.198695 -0.000000 -0.074502 0.997094 0.015921 11.384000 -0.197005 -0.030367 0.979932 0.000000 0.000000 0.000000 0.000000 1.000000
0.976600 0.075874 0.201234 -0.000000 -0.079222 0.996820 0.008621 11.384000 -0.199940 -0.024361 0.979505 0.000000 0.000000 0.000000 0.000000 1.000000
0.975392 0.081819 0.204736 -0.000000 -0.083994 0.996464 0.001943 11.384000 -0.203853 -0.019091 0.978815 0.000000 0.000000 0.000000 0.000000 1.000000
0.975228 0.085604 0.203968 0.000000 -0.086910 0.996213 -0.002565 11.384000 -0.203415 -0.015226 0.978974 0.000000 0.000000 0.000000 0.000000 1.000000
0.976524 0.086798 0.197149 -0.000000 -0.087684 0.996139 -0.004250 11.384000 -0.196757 -0.013137 0.980364 0.000000 0.000000 0.000000 0.000000 1.000000
0.978530 0.086925 0.186877 0.000000 -0.087878 0.996126 -0.003195 11.384000 -0.186431 -0.013296 0.982378 0.000000 0.000000 0.000000 0.000000 1.000000
0.980093 0.088141 0.177901 0.000000 -0.089542 0.995983 -0.000157 11.384000 -0.177200 -0.015776 0.984048 0.000000 0.000000 0.000000 0.000000 1.000000
0.980531 0.091094 0.173958 -0.000000 -0.093117 0.995649 0.003488 11.384000 -0.172884 -0.019619 0.984747 0.000000 0.000000 0.000000 0.000000 1.000000
0.979945 0.093856 0.175781 0.000000 -0.096435 0.995320 0.006169 11.384000 -0.174379 -0.022997 0.984410 -0.000000 0.000000 0.000000 0.000000 1.000000
0.979065 0.093239 0.180939 -0.000000 -0.096080 0.995349 0.006978 11.384000 -0.179446 -0.024216 0.983470 0.000000 0.000000 0.000000 0.000000 1.000000
0.978758 0.087543 0.185388 0.000000 -0.090263 0.995898 0.006267 11.384000 -0.184079 -0.022868 0.982645 0.000000 0.000000 0.000000 0.000000 1.000000
0.979394 0.078276 0.186171 0.000000 -0.080671 0.996727 0.005314 11.384000 -0.185146 -0.020224 0.982503 0.000000 0.000000 0.000000 0.000000 1.000000
0.980524 0.069281 0.183772 0.000000 -0.071458 0.997430 0.005244 11.384000 -0.182937 -0.018274 0.982955 0.000000 0.000000 0.000000 0.000000 1.000000
0.981204 0.064088 0.182022 0.000000 -0.066317 0.997780 0.006176 11.384000 -0.181222 -0.018131 0.983275 0.000000 0.000000 0.000000 0.000000 1.000000
0.980668 0.063742 0.185006 0.000000 -0.066247 0.997776 0.007383 11.384000 -0.184123 -0.019496 0.982710 0.000000 0.000000 0.000000 0.000000 1.000000
0.978510 0.067296 0.194907 0.000000 -0.070203 0.997500 0.008040 11.384000 -0.193878 -0.021550 0.980789 0.000000 0.000000 0.000000 0.000000 1.000000</float_array><technique_common><accessor source="#mixamorig7_Spine1-Matrix-animation-output-transform-array" count="24" stride="16"><param type="float4x4"/></accessor></technique_common></source><source id="mixamorig7_Spine1-Interpolations"><Name_array id="mixamorig7_Spine1-Interpolations-array" count="24">
 LINEAR LINEAR LINEAR LINEAR LINEAR LINEAR LINEAR LINEAR LINEAR LINEAR LINEAR
LINEAR LINEAR LINEAR LINEAR LINEAR LINEAR LINEAR LINEAR LINEAR LINEAR LINEAR LINEAR
LINEAR</Name_array><technique_common><accessor source="#mixamorig7_Spine1-Interpolations-array" count="24"><param type="name"/></accessor></technique_common></source><sampler id="mixamorig7_Spine1-Matrix-animation-transform"><input semantic="INPUT" source="#mixamorig7_Spine1-Matrix-animation-input"/><input semantic="OUTPUT" source="#mixamorig7_Spine1-Matrix-animation-output-transform"/><input semantic="INTERPOLATION" source="#mixamorig7_Spine1-Interpolations"/></sampler><channel source="#mixamorig7_Spine1-Matrix-animation-transform" target="mixamorig7_Spine1/matrix"/></animation>
    <animation id="mixamorig7_Spine2-anim" name="mixamorig7_Spine2"><source id="mixamorig7_Spine2-Matrix-animation-input"><float_array id="mixamorig7_Spine2-Matrix-animation-input-array" count="24">

0.000000 0.033333 0.066667 0.100000 0.133333 0.166667 0.200000 0.233333 0.266667 0.300000 0.333333 0.366667 0.400000 0.433333 0.466667 0.500000
0.533333 0.566667 0.600000 0.633333 0.666667 0.700000 0.733333 0.766667</float_array><technique_common><accessor source="#mixamorig7_Spine2-Matrix-animation-input-array" count="24"><param name="TIME" type="float"/></accessor></technique_common></source><source id="mixamorig7_Spine2-Matrix-animation-output-transform"><float_array id="mixamorig7_Spine2-Matrix-animation-output-transform-array" count="384">

0.983834 0.170322 0.055327 0.000000 -0.152758 0.959397 -0.237114 13.010300 -0.093466 0.224829 0.969905 -0.000000 0.000000 0.000000 0.000000 1.000000
0.981482 0.178913 0.068428 -0.000000 -0.157834 0.957770 -0.240345 13.010300 -0.108540 0.225095 0.968272 -0.000000 0.000000 0.000000 0.000000 1.000000
0.979513 0.184980 0.079604 -0.000000 -0.161288 0.957302 -0.239916 13.010300 -0.120585 0.222161 0.967525 0.000000 0.000000 0.000000 0.000000 1.000000
0.978477 0.187255 0.086714 0.000000 -0.162472 0.958141 -0.235732 13.010300 -0.127226 0.216570 0.967942 0.000000 0.000000 0.000000 0.000000 1.000000
0.978812 0.185124 0.087495 0.000000 -0.161067 0.959954 -0.229227 13.010300 -0.126427 0.210278 0.969433 -0.000000 0.000000 0.000000 0.000000 1.000000
0.980329 0.179740 0.081540 0.000000 -0.157782 0.961887 -0.223335 13.010300 -0.118575 0.206076 0.971325 -0.000000 0.000000 0.000000 0.000000 1.000000
0.982132 0.174024 0.071637 0.000000 -0.154528 0.963000 -0.220801 13.010300 -0.107411 0.205786 0.972685 0.000000 0.000000 0.000000 0.000000 1.000000
0.983188 0.171454 0.062800 0.000000 -0.153656 0.962700 -0.222707 13.010300 -0.098642 0.209313 0.972861 0.000000 0.000000 0.000000 0.000000 1.000000
0.982976 0.174014 0.058959 0.000000 -0.156435 0.960976 -0.228151 13.010300 -0.096360 0.215044 0.971839 0.000000 0.000000 0.000000 0.000000 1.000000
0.981713 0.180681 0.059955 0.000000 -0.162031 0.958380 -0.235059 13.010300 -0.099930 0.221046 0.970130 0.000000 0.000000 0.000000 0.000000 1.000000
0.980239 0.187931 0.061753 0.000000 -0.168035 0.955774 -0.241371 13.010300 -0.104383 0.226225 0.968466 0.000000 0.000000 0.000000 0.000000 1.000000
0.979537 0.192170 0.059824 0.000000 -0.172137 0.953927 -0.245746 13.010300 -0.104292 0.230420 0.967486 0.000000 0.000000 0.000000 0.000000 1.000000
0.979932 0.192262 0.052618 0.000000 -0.173719 0.953172 -0.247557 13.010300 -0.097750 0.233448 0.967444 0.000000 0.000000 0.000000 0.000000 1.000000
0.980837 0.190174 0.042350 -0.000000 -0.174187 0.953314 -0.246679 13.010300 -0.087285 0.234575 0.968171 -0.000000 0.000000 0.000000 0.000000 1.000000
0.981386 0.189168 0.033121 0.000000 -0.175638 0.953841 -0.243595 13.010300 -0.077673 0.233243 0.969311 -0.000000 0.000000 0.000000 0.000000 1.000000
0.981196 0.190913 0.028402 0.000000 -0.178739 0.954273 -0.239614 13.010300 -0.072849 0.230032 0.970453 -0.000000 0.000000 0.000000 0.000000 1.000000
0.980588 0.193861 0.029400 0.000000 -0.181609 0.954491 -0.236571 13.010300 -0.073924 0.226639 0.971169 -0.000000 0.000000 0.000000 0.000000 1.000000
0.980321 0.194357 0.034588 0.000000 -0.180979 0.954805 -0.235782 13.010300 -0.078851 0.224882 0.971190 0.000000 0.000000 0.000000 0.000000 1.000000
0.981018 0.189644 0.040475 -0.000000 -0.174949 0.955606 -0.237085 13.010300 -0.083640 0.225504 0.970645 0.000000 0.000000 0.000000 0.000000 1.000000
0.982633 0.180327 0.043764 0.000000 -0.164962 0.956909 -0.238984 13.010300 -0.084973 0.227614 0.970037 0.000000 0.000000 0.000000 0.000000 1.000000
0.984414 0.170304 0.043879 0.000000 -0.155098 0.958327 -0.239905 13.010300 -0.082907 0.229360 0.969804 0.000000 0.000000 0.000000 0.000000 1.000000
0.985464 0.164196 0.043596 -0.000000 -0.149260 0.959383 -0.239387 13.010300 -0.081132 0.229401 0.969945 0.000000 0.000000 0.000000 0.000000 1.000000
0.985312 0.164280 0.046614 0.000000 -0.148757 0.959774 -0.238129 13.010300 -0.083859 0.227697 0.970114 0.000000 0.000000 0.000000 0.000000 1.000000
0.983834 0.170322 0.055327 0.000000 -0.152758 0.959397 -0.237114 13.010300 -0.093466 0.224829 0.969905 0.000000 0.000000 0.000000 0.000000 1.000000</float_array><technique_common><accessor source="#mixamorig7_Spine2-Matrix-animation-output-transform-array" count="24" stride="16"><param type="float4x4"/></accessor></technique_common></source><source id="mixamorig7_Spine2-Interpolations"><Name_array id="mixamorig7_Spine2-Interpolations-array" count="24">
 LINEAR LINEAR LINEAR LINEAR LINEAR LINEAR LINEAR LINEAR LINEAR LINEAR LINEAR
LINEAR LINEAR LINEAR LINEAR LINEAR LINEAR LINEAR LINEAR LINEAR LINEAR LINEAR LINEAR
LINEAR</Name_array><technique_common><accessor source="#mixamorig7_Spine2-Interpolations-array" count="24"><param type="name"/></accessor></technique_common></source><sampler id="mixamorig7_Spine2-Matrix-animation-transform"><input semantic="INPUT" source="#mixamorig7_Spine2-Matrix-animation-input"/><input semantic="OUTPUT" source="#mixamorig7_Spine2-Matrix-animation-output-transform"/><input semantic="INTERPOLATION" source="#mixamorig7_Spine2-Interpolations"/></sampler><channel source="#mixamorig7_Spine2-Matrix-animation-transform" target="mixamorig7_Spine2/matrix"/></animation>
    <animation id="mixamorig7_Neck-anim" name="mixamorig7_Neck"><source id="mixamorig7_Neck-Matrix-animation-input"><float_array id="mixamorig7_Neck-Matrix-animation-input-array" count="24">

0.000000 0.033333 0.066667 0.100000 0.133333 0.166667 0.200000 0.233333 0.266667 0.300000 0.333333 0.366667 0.400000 0.433333 0.466667 0.500000
0.533333 0.566667 0.600000 0.633333 0.666667 0.700000 0.733333 0.766667</float_array><technique_common><accessor source="#mixamorig7_Neck-Matrix-animation-input-array" count="24"><param name="TIME" type="float"/></accessor></technique_common></source><source id="mixamorig7_Neck-Matrix-animation-output-transform"><float_array id="mixamorig7_Neck-Matrix-animation-output-transform-array" count="384">

0.841356 -0.004341 0.540465 -0.000000 -0.003455 0.999904 0.013410 14.636600 -0.540471 -0.013150 0.841260 0.000000 0.000000 0.000000 0.000000 1.000000
0.851327 0.004623 0.524615 -0.000000 -0.012041 0.999870 0.010728 14.636600 -0.524497 -0.015450 0.851272 0.000000 0.000000 0.000000 0.000000 1.000000
0.861136 0.010492 0.508266 0.000000 -0.019892 0.999717 0.013067 14.636600 -0.507985 -0.021363 0.861101 0.000000 0.000000 0.000000 0.000000 1.000000
0.868967 0.011184 0.494743 0.000000 -0.025249 0.999444 0.021754 14.636600 -0.494225 -0.031395 0.868767 -0.000000 0.000000 0.000000 0.000000 1.000000
0.873220 0.006739 0.487280 0.000000 -0.026353 0.999094 0.033408 14.636600 -0.486614 -0.042013 0.872607 0.000000 0.000000 0.000000 0.000000 1.000000
0.873939 -0.000382 0.486036 0.000000 -0.022655 0.998881 0.041521 14.636600 -0.485508 -0.047298 0.872952 0.000000 0.000000 0.000000 0.000000 1.000000
0.873203 -0.007576 0.487299 0.000000 -0.015240 0.998966 0.042840 14.636600 -0.487119 -0.044835 0.872184 0.000000 0.000000 0.000000 0.000000 1.000000
0.873564 -0.013198 0.486530 -0.000000 -0.007014 0.999187 0.039699 14.636600 -0.486658 -0.038092 0.872762 0.000000 0.000000 0.000000 0.000000 1.000000
0.876015 -0.015533 0.482034 0.000000 -0.001922 0.999361 0.035696 14.636600 -0.482281 -0.032196 0.875425 0.000000 0.000000 0.000000 0.000000 1.000000
0.879512 -0.012828 0.475704 0.000000 -0.002535 0.999496 0.031640 14.636600 -0.475870 -0.029033 0.879036 0.000000 0.000000 0.000000 0.000000 1.000000
0.882010 -0.005715 0.471196 -0.000000 -0.008415 0.999576 0.027877 14.636600 -0.471156 -0.028553 0.881588 -0.000000 0.000000 0.000000 0.000000 1.000000
0.881681 0.001621 0.471844 0.000000 -0.017362 0.999428 0.029009 14.636600 -0.471527 -0.033769 0.881205 -0.000000 0.000000 0.000000 0.000000 1.000000
0.877646 0.005072 0.479283 0.000000 -0.028665 0.998710 0.041922 14.636600 -0.478452 -0.050532 0.876658 0.000000 0.000000 0.000000 0.000000 1.000000
0.870219 0.005826 0.492631 0.000000 -0.044673 0.996744 0.067127 14.636600 -0.490636 -0.080422 0.867645 0.000000 0.000000 0.000000 0.000000 1.000000
0.860999 0.010007 0.508507 0.000000 -0.067514 0.993207 0.094768 14.636600 -0.504105 -0.115927 0.855827 -0.000000 0.000000 0.000000 0.000000 1.000000
0.852340 0.021666 0.522540 0.000000 -0.093945 0.989232 0.112223 14.636600 -0.514482 -0.144742 0.845197 0.000000 0.000000 0.000000 0.000000 1.000000
0.846090 0.037080 0.531748 0.000000 -0.115268 0.986701 0.114603 14.636600 -0.520427 -0.158258 0.839113 0.000000 0.000000 0.000000 0.000000 1.000000
0.842881 0.047476 0.536002 0.000000 -0.122957 0.986740 0.105955 14.636600 -0.523864 -0.155213 0.837541 0.000000 0.000000 0.000000 0.000000 1.000000
0.841976 0.047347 0.537433 0.000000 -0.114140 0.989226 0.091670 14.636600 -0.527302 -0.138526 0.838309 -0.000000 0.000000 0.000000 0.000000 1.000000
0.841634 0.039079 0.538632 0.000000 -0.092743 0.993020 0.072868 14.636600 -0.532025 -0.111283 0.839384 0.000000 0.000000 0.000000 0.000000 1.000000
0.840590 0.028973 0.540896 -0.000000 -0.066273 0.996567 0.049612 14.636600 -0.537602 -0.077550 0.839625 0.000000 0.000000 0.000000 0.000000 1.000000
0.839267 0.019997 0.543352 0.000000 -0.041187 0.998790 0.026860 14.636600 -0.542158 -0.044922 0.839075 -0.000000 0.000000 0.000000 0.000000 1.000000
0.839115 0.010101 0.543861 0.000000 -0.020288 0.999713 0.012733 14.636600 -0.543576 -0.021718 0.839079 0.000000 0.000000 0.000000 0.000000 1.000000
0.841356 -0.004341 0.540465 0.000000 -0.003455 0.999904 0.013410 14.636600 -0.540471 -0.013150 0.841260 0.000000 0.000000 0.000000 0.000000 1.000000</float_array><technique_common><accessor source="#mixamorig7_Neck-Matrix-animation-output-transform-array" count="24" stride="16"><param type="float4x4"/></accessor></technique_common></source><source id="mixamorig7_Neck-Interpolations"><Name_array id="mixamorig7_Neck-Interpolations-array" count="24">
 LINEAR LINEAR LINEAR LINEAR LINEAR LINEAR LINEAR LINEAR LINEAR LINEAR LINEAR
LINEAR LINEAR LINEAR LINEAR LINEAR LINEAR LINEAR LINEAR LINEAR LINEAR LINEAR LINEAR
LINEAR</Name_array><technique_common><accessor source="#mixamorig7_Neck-Interpolations-array" count="24"><param type="name"/></accessor></technique_common></source><sampler id="mixamorig7_Neck-Matrix-animation-transform"><input semantic="INPUT" source="#mixamorig7_Neck-Matrix-animation-input"/><input semantic="OUTPUT" source="#mixamorig7_Neck-Matrix-animation-output-transform"/><input semantic="INTERPOLATION" source="#mixamorig7_Neck-Interpolations"/></sampler><channel source="#mixamorig7_Neck-Matrix-animation-transform" target="mixamorig7_Neck/matrix"/></animation>
    <animation id="mixamorig7_Head-anim" name="mixamorig7_Head"><source id="mixamorig7_Head-Matrix-animation-input"><float_array id="mixamorig7_Head-Matrix-animation-input-array" count="24">

0.000000 0.033333 0.066667 0.100000 0.133333 0.166667 0.200000 0.233333 0.266667 0.300000 0.333333 0.366667 0.400000 0.433333 0.466667 0.500000
0.533333 0.566667 0.600000 0.633333 0.666667 0.700000 0.733333 0.766667</float_array><technique_common><accessor source="#mixamorig7_Head-Matrix-animation-input-array" count="24"><param name="TIME" type="float"/></accessor></technique_common></source><source id="mixamorig7_Head-Matrix-animation-output-transform"><float_array id="mixamorig7_Head-Matrix-animation-output-transform-array" count="384">

0.890063 -0.351789 0.289883 -0.000000 0.391690 0.915525 -0.091616 6.944300 -0.233166 0.195089 0.952667 1.982500 0.000000 0.000000 0.000000 1.000000
0.896316 -0.350580 0.271500 0.000000 0.385596 0.918570 -0.086864 6.944300 -0.218939 0.182547 0.958511 1.982500 0.000000 0.000000 0.000000 1.000000
0.900999 -0.352192 0.253303 -0.000000 0.381977 0.920844 -0.078354 6.944300 -0.205657 0.167353 0.964209 1.982500 0.000000 0.000000 0.000000 1.000000
0.902874 -0.357374 0.238959 0.000000 0.382629 0.921419 -0.067687 6.944300 -0.195992 0.152546 0.968668 1.982500 0.000000 0.000000 0.000000 1.000000
0.901626 -0.365050 0.231969 0.000000 0.387415 0.920086 -0.057881 6.944300 -0.192303 0.142055 0.970999 1.982500 0.000000 0.000000 0.000000 1.000000
0.898393 -0.372737 0.232288 -0.000000 0.394158 0.917565 -0.052085 6.944300 -0.193725 0.138351 0.971252 1.982500 0.000000 0.000000 0.000000 1.000000
0.895114 -0.378667 0.235333 -0.000000 0.400605 0.914786 -0.051793 6.944300 -0.195668 0.140636 0.970534 1.982500 0.000000 0.000000 0.000000 1.000000
0.893546 -0.382306 0.235409 0.000000 0.405291 0.912436 -0.056568 6.944300 -0.193169 0.145955 0.970249 1.982500 0.000000 0.000000 0.000000 1.000000
0.894573 -0.383038 0.230263 -0.000000 0.406805 0.911225 -0.064637 6.944300 -0.185063 0.151495 0.970979 1.982500 0.000000 0.000000 0.000000 1.000000
0.897941 -0.379847 0.222300 0.000000 0.403865 0.911886 -0.073191 6.944300 -0.174911 0.155501 0.972227 1.982500 0.000000 0.000000 0.000000 1.000000
0.902393 -0.372760 0.216187 0.000000 0.396575 0.914661 -0.078257 6.944300 -0.168566 0.156353 0.973211 1.982500 0.000000 0.000000 0.000000 1.000000
0.906251 -0.363518 0.215784 -0.000000 0.386588 0.919191 -0.075090 6.944300 -0.171050 0.151470 0.973549 1.982500 0.000000 0.000000 0.000000 1.000000
0.908438 -0.353844 0.222565 0.000000 0.375034 0.925064 -0.060057 6.944300 -0.184636 0.138028 0.973066 1.982500 0.000000 0.000000 0.000000 1.000000
0.909232 -0.343343 0.235399 -0.000000 0.360681 0.932083 -0.033637 6.944300 -0.207862 0.115487 0.971317 1.982500 0.000000 0.000000 0.000000 1.000000
0.909910 -0.330276 0.250960 0.000000 0.341727 0.939797 -0.002186 6.944300 -0.235129 0.087749 0.967995 1.982500 0.000000 0.000000 0.000000 1.000000
0.911436 -0.314818 0.264904 0.000000 0.320129 0.947068 0.024071 6.944300 -0.258460 0.062865 0.963974 1.982500 0.000000 0.000000 0.000000 1.000000
0.913497 -0.300821 0.273915 0.000000 0.302782 0.952374 0.036155 6.944300 -0.271745 0.049909 0.961074 1.982500 0.000000 0.000000 0.000000 1.000000
0.914818 -0.293458 0.277472 0.000000 0.296903 0.954420 0.030524 6.944300 -0.273782 0.054458 0.960249 1.982500 0.000000 0.000000 0.000000 1.000000
0.914182 -0.294997 0.277936 0.000000 0.304442 0.952483 0.009584 6.944300 -0.267556 0.075854 0.960552 1.982500 0.000000 0.000000 0.000000 1.000000
0.911232 -0.303168 0.278830 0.000000 0.321215 0.946788 -0.020319 6.944300 -0.257833 0.108080 0.960125 1.982500 0.000000 0.000000 0.000000 1.000000
0.906554 -0.313801 0.282293 0.000000 0.340855 0.938725 -0.051120 6.944300 -0.248954 0.142564 0.957965 1.982500 0.000000 0.000000 0.000000 1.000000
0.901098 -0.324748 0.287336 -0.000000 0.359248 0.930199 -0.075305 6.944300 -0.242825 0.171082 0.954865 1.982500 0.000000 0.000000 0.000000 1.000000
0.895535 -0.336777 0.290857 -0.000000 0.375768 0.922440 -0.088899 6.944300 -0.238359 0.188907 0.952628 1.982500 0.000000 0.000000 0.000000 1.000000
0.890063 -0.351789 0.289883 -0.000000 0.391691 0.915524 -0.091616 6.944300 -0.233165 0.195089 0.952667 1.982500 0.000000 0.000000 0.000000 1.000000</float_array><technique_common><accessor source="#mixamorig7_Head-Matrix-animation-output-transform-array" count="24" stride="16"><param type="float4x4"/></accessor></technique_common></source><source id="mixamorig7_Head-Interpolations"><Name_array id="mixamorig7_Head-Interpolations-array" count="24">
 LINEAR LINEAR LINEAR LINEAR LINEAR LINEAR LINEAR LINEAR LINEAR LINEAR LINEAR
LINEAR LINEAR LINEAR LINEAR LINEAR LINEAR LINEAR LINEAR LINEAR LINEAR LINEAR LINEAR
LINEAR</Name_array><technique_common><accessor source="#mixamorig7_Head-Interpolations-array" count="24"><param type="name"/></accessor></technique_common></source><sampler id="mixamorig7_Head-Matrix-animation-transform"><input semantic="INPUT" source="#mixamorig7_Head-Matrix-animation-input"/><input semantic="OUTPUT" source="#mixamorig7_Head-Matrix-animation-output-transform"/><input semantic="INTERPOLATION" source="#mixamorig7_Head-Interpolations"/></sampler><channel source="#mixamorig7_Head-Matrix-animation-transform" target="mixamorig7_Head/matrix"/></animation>
    <animation id="mixamorig7_LeftShoulder-anim" name="mixamorig7_LeftShoulder"><source id="mixamorig7_LeftShoulder-Matrix-animation-input"><float_array id="mixamorig7_LeftShoulder-Matrix-animation-input-array" count="24">

0.000000 0.033333 0.066667 0.100000 0.133333 0.166667 0.200000 0.233333 0.266667 0.300000 0.333333 0.366667 0.400000 0.433333 0.466667 0.500000
0.533333 0.566667 0.600000 0.633333 0.666667 0.700000 0.733333 0.766667</float_array><technique_common><accessor source="#mixamorig7_LeftShoulder-Matrix-animation-input-array" count="24"><param name="TIME" type="float"/></accessor></technique_common></source><source id="mixamorig7_LeftShoulder-Matrix-animation-output-transform"><float_array id="mixamorig7_LeftShoulder-Matrix-animation-output-transform-array" count="384">

-0.043436 0.939805 -0.338940 6.681300 0.010418 -0.338816 -0.940795 12.887600 -0.999002 -0.044396 0.004926 -0.157300 0.000000 0.000000 0.000000 1.000000
-0.032520 0.936677 -0.348683 6.681300 0.011277 -0.348501 -0.937241 12.887600 -0.999407 -0.034411 0.000770 -0.157300 0.000000 0.000000 0.000000 1.000000
-0.023540 0.937894 -0.346123 6.681300 0.011310 -0.345947 -0.938186 12.887600 -0.999659 -0.025999 -0.002464 -0.157300 0.000000 0.000000 0.000000 1.000000
-0.020333 0.944474 -0.327956 6.681300 0.010436 -0.327805 -0.944688 12.887600 -0.999739 -0.022631 -0.003191 -0.157300 0.000000 0.000000 0.000000 1.000000
-0.024262 0.953716 -0.299728 6.681300 0.008048 -0.299620 -0.954025 12.887600 -0.999673 -0.025558 -0.000406 -0.157300 0.000000 0.000000 0.000000 1.000000
-0.030527 0.959749 -0.279196 6.681300 0.004111 -0.279203 -0.960223 12.887600 -0.999525 -0.030460 0.004578 -0.157300 0.000000 0.000000 0.000000 1.000000
-0.029570 0.957641 -0.286442 6.681300 0.000453 -0.286554 -0.958064 12.887600 -0.999563 -0.028460 0.008040 -0.157300 0.000000 0.000000 0.000000 1.000000
-0.011874 0.944774 -0.327508 6.681300 -0.002254 -0.327556 -0.944829 12.887600 -0.999927 -0.010481 0.006019 -0.157300 0.000000 0.000000 0.000000 1.000000
0.027148 0.922116 -0.385961 6.681300 -0.007924 -0.385892 -0.922510 12.887600 -0.999600 0.028102 -0.003169 -0.157300 0.000000 0.000000 0.000000 1.000000
0.083562 0.898326 -0.431310 6.681300 -0.020265 -0.431202 -0.902028 12.887600 -0.996296 0.084116 -0.017828 -0.157300 0.000000 0.000000 0.000000 1.000000
0.147396 0.887232 -0.437142 6.681300 -0.034922 -0.437026 -0.898771 12.887600 -0.988461 0.147741 -0.033432 -0.157300 0.000000 0.000000 0.000000 1.000000
0.209167 0.895134 -0.393681 6.681300 -0.042100 -0.393970 -0.918158 12.887600 -0.976973 0.208622 -0.044721 -0.157300 0.000000 0.000000 0.000000 1.000000
0.261866 0.913488 -0.311393 6.681300 -0.036786 -0.312971 -0.949050 12.887600 -0.964403 0.259978 -0.048353 -0.157300 0.000000 0.000000 0.000000 1.000000
0.299958 0.928465 -0.219040 6.681300 -0.023842 -0.222245 -0.974699 12.887600 -0.953654 0.297591 -0.044527 -0.157300 0.000000 0.000000 0.000000 1.000000
0.321314 0.934550 -0.152885 6.681300 -0.014405 -0.156604 -0.987556 12.887600 -0.946863 0.319518 -0.036857 -0.157300 0.000000 0.000000 0.000000 1.000000
0.327641 0.934572 -0.138663 6.681300 -0.017183 -0.140845 -0.989882 12.887600 -0.944646 0.326709 -0.030088 -0.157300 0.000000 0.000000 0.000000 1.000000
0.320066 0.930416 -0.178561 6.681300 -0.032169 -0.177694 -0.983560 12.887600 -0.946849 0.320548 -0.026943 -0.157300 0.000000 0.000000 0.000000 1.000000
0.296758 0.921224 -0.251557 6.681300 -0.050630 -0.247875 -0.967468 12.887600 -0.953609 0.299841 -0.026917 -0.157300 0.000000 0.000000 0.000000 1.000000
0.255236 0.910098 -0.326459 6.681300 -0.060166 -0.322038 -0.944813 12.887600 -0.965005 0.260792 -0.027438 -0.157300 0.000000 0.000000 0.000000 1.000000
0.195054 0.904663 -0.378866 6.681300 -0.052792 -0.376042 -0.925098 12.887600 -0.979371 0.200445 -0.025590 -0.157300 0.000000 0.000000 0.000000 1.000000
0.120795 0.908654 -0.399696 6.681300 -0.031262 -0.398963 -0.916434 12.887600 -0.992185 0.123196 -0.019787 -0.157300 0.000000 0.000000 0.000000 1.000000
0.045508 0.918406 -0.393013 6.681300 -0.007500 -0.393096 -0.919467 12.887600 -0.998936 0.044790 -0.011001 -0.157300 0.000000 0.000000 0.000000 1.000000
-0.013613 0.929151 -0.369450 6.681300 0.007497 -0.369379 -0.929249 12.887600 -0.999879 -0.015420 -0.001937 -0.157300 0.000000 0.000000 0.000000 1.000000
-0.043436 0.939805 -0.338938 6.681300 0.010418 -0.338814 -0.940796 12.887600 -0.999002 -0.044396 0.004926 -0.157300 0.000000 0.000000 0.000000 1.000000</float_array><technique_common><accessor source="#mixamorig7_LeftShoulder-Matrix-animation-output-transform-array" count="24" stride="16"><param type="float4x4"/></accessor></technique_common></source><source id="mixamorig7_LeftShoulder-Interpolations"><Name_array id="mixamorig7_LeftShoulder-Interpolations-array" count="24">
 LINEAR LINEAR LINEAR LINEAR LINEAR LINEAR LINEAR LINEAR LINEAR LINEAR LINEAR
LINEAR LINEAR LINEAR LINEAR LINEAR LINEAR LINEAR LINEAR LINEAR LINEAR LINEAR LINEAR
LINEAR</Name_array><technique_common><accessor source="#mixamorig7_LeftShoulder-Interpolations-array" count="24"><param type="name"/></accessor></technique_common></source><sampler id="mixamorig7_LeftShoulder-Matrix-animation-transform"><input semantic="INPUT" source="#mixamorig7_LeftShoulder-Matrix-animation-input"/><input semantic="OUTPUT" source="#mixamorig7_LeftShoulder-Matrix-animation-output-transform"/><input semantic="INTERPOLATION" source="#mixamorig7_LeftShoulder-Interpolations"/></sampler><channel source="#mixamorig7_LeftShoulder-Matrix-animation-transform" target="mixamorig7_LeftShoulder/matrix"/></animation>
    <animation id="mixamorig7_LeftArm-anim" name="mixamorig7_LeftArm"><source id="mixamorig7_LeftArm-Matrix-animation-input"><float_array id="mixamorig7_LeftArm-Matrix-animation-input-array" count="24">

0.000000 0.033333 0.066667 0.100000 0.133333 0.166667 0.200000 0.233333 0.266667 0.300000 0.333333 0.366667 0.400000 0.433333 0.466667 0.500000
0.533333 0.566667 0.600000 0.633333 0.666667 0.700000 0.733333 0.766667</float_array><technique_common><accessor source="#mixamorig7_LeftArm-Matrix-animation-input-array" count="24"><param name="TIME" type="float"/></accessor></technique_common></source><source id="mixamorig7_LeftArm-Matrix-animation-output-transform"><float_array id="mixamorig7_LeftArm-Matrix-animation-output-transform-array" count="384">

0.863844 0.496044 -0.087827 0.000000 -0.447106 0.674627 -0.587346 14.016100 -0.232099 0.546643 0.804557 0.000000 0.000000 0.000000 0.000000 1.000000
0.870311 0.489445 -0.054788 0.000000 -0.438158 0.718675 -0.539930 14.016100 -0.224891 0.493913 0.839925 -0.000000 0.000000 0.000000 0.000000 1.000000
0.884936 0.460945 0.066464 0.000000 -0.361512 0.769877 -0.525926 14.016100 -0.293592 0.441384 0.847929 0.000000 0.000000 0.000000 0.000000 1.000000
0.885656 0.415255 0.207790 -0.000000 -0.253189 0.806984 -0.533547 14.016100 -0.389241 0.419929 0.819848 0.000000 0.000000 0.000000 0.000000 1.000000
0.880449 0.366417 0.300913 0.000000 -0.150616 0.817916 -0.555273 14.016100 -0.449583 0.443567 0.775322 0.000000 0.000000 0.000000 0.000000 1.000000
0.888827 0.315034 0.332776 0.000000 -0.072324 0.813541 -0.576992 14.016100 -0.452499 0.488779 0.745882 -0.000000 0.000000 0.000000 0.000000 1.000000
0.908414 0.239600 0.342603 0.000000 -0.003026 0.823227 -0.567704 14.016100 -0.418062 0.514673 0.748556 0.000000 0.000000 0.000000 0.000000 1.000000
