<?xml version="1.0" encoding="utf-8"?>
<COLLADA xmlns="http://www.collada.org/2005/11/COLLADASchema" version="1.4.1">
  <asset><contributor><author>Mixamo</author><authoring_tool>COLLADA Mixamo exporter</authoring_tool><comments></comments></contributor><created>2020-02-25T10:19:16Z</created><modified>2020-02-25T10:19:16Z</modified><revision></revision><title></title><unit meter="0.010000"/><up_axis>Y_UP</up_axis></asset>
  <library_animations>
    <animation id="mixamorig7_Hips-anim" name="mixamorig7_Hips"><source id="mixamorig7_Hips-Matrix-animation-input"><float_array id="mixamorig7_Hips-Matrix-animation-input-array" count="191">

0.000000 0.033333 0.066667 0.100000 0.133333 0.166667 0.200000 0.233333 0.266667 0.300000 0.333333 0.366667 0.400000 0.433333 0.466667 0.500000
0.533333 0.566667 0.600000 0.633333 0.666667 0.700000 0.733333 0.766667 0.800000 0.833333 0.866667 0.900000 0.933333 0.966667 1.000000 1.033333
1.066667 1.100000 1.133333 1.166667 1.200000 1.233333 1.266667 1.300000 1.333333 1.366667 1.400000 1.433333 1.466667 1.500000 1.533333 1.566667
1.600000 1.633333 1.666667 1.700000 1.733333 1.766667 1.800000 1.833333 1.866667 1.900000 1.933333 1.966667 2.000000 2.033333 2.066667 2.100000
2.133333 2.166667 2.200000 2.233333 2.266667 2.300000 2.333333 2.366667 2.400000 2.433333 2.466667 2.500000 2.533333 2.566667 2.600000 2.633333
2.666667 2.700000 2.733333 2.766667 2.800000 2.833333 2.866667 2.900000 2.933333 2.966667 3.000000 3.033333 3.066667 3.100000 3.133333 3.166667
3.200000 3.233333 3.266667 3.300000 3.333333 3.366667 3.400000 3.433333 3.466667 3.500000 3.533333 3.566667 3.600000 3.633333 3.666667 3.700000
3.733333 3.766667 3.800000 3.833333 3.866667 3.900000 3.933333 3.966667 4.000000 4.033333 4.066667 4.100000 4.133333 4.166667 4.200000 4.233333
4.266667 4.300000 4.333333 4.366667 4.400000 4.433333 4.466667 4.500000 4.533333 4.566667 4.600000 4.633333 4.666667 4.700000 4.733333 4.766667
4.800000 4.833333 4.866667 4.900000 4.933333 4.966667 5.000000 5.033333 5.066667 5.100000 5.133333 5.166667 5.200000 5.233333 5.266667 5.300000
5.333333 5.366667 5.400000 5.433333 5.466667 5.500000 5.533333 5.566667 5.600000 5.633333 5.666667 5.700000 5.733333 5.766667 5.800000 5.833333
5.866667 5.900000 5.933333 5.966667 6.000000 6.033333 6.066667 6.100000 6.133333 6.166667 6.200000 6.233333 6.266667 6.300000 6.333333</float_array><technique_common><accessor source="#mixamorig7_Hips-Matrix-animation-input-array" count="191"><param name="TIME" type="float"/></accessor></technique_common></source><source id="mixamorig7_Hips-Matrix-animation-output-transform"><float_array id="mixamorig7_Hips-Matrix-animation-output-transform-array" count="3056">

0.998881 0.037557 -0.028739 -0.085407 -0.037089 0.999173 0.016657 94.647659 0.029341 -0.015573 0.999448 0.621684 0.000000 0.000000 0.000000 1.000000
0.998897 0.037566 -0.028175 -0.083956 -0.037097 0.999168 0.016973 94.642990 0.028789 -0.015909 0.999459 0.630919 0.000000 0.000000 0.000000 1.000000
0.998931 0.037541 -0.026980 -0.085503 -0.037094 0.999169 0.016890 94.651169 0.027592 -0.015871 0.999493 0.638646 0.000000 0.000000 0.000000 1.000000
0.998972 0.037509 -0.025461 -0.083679 -0.037097 0.999177 0.016434 94.658440 0.026056 -0.015473 0.999541 0.648109 0.000000 0.000000 0.000000 1.000000
0.999034 0.037214 -0.023391 -0.084254 -0.036852 0.999197 0.015723 94.675262 0.023957 -0.014846 0.999603 0.650123 0.000000 0.000000 0.000000 1.000000
0.999092 0.036944 -0.021197 -0.082008 -0.036632 0.999217 0.014923 94.643433 0.021731 -0.014133 0.999664 0.644792 0.000000 0.000000 0.000000 1.000000
0.999149 0.036417 -0.019370 -0.073014 -0.036146 0.999246 0.014161 94.663048 0.019871 -0.013448 0.999712 0.633937 0.000000 0.000000 0.000000 1.000000
0.999165 0.035957 -0.019386 -0.054715 -0.035696 0.999270 0.013639 94.679451 0.019863 -0.012936 0.999719 0.620205 0.000000 0.000000 0.000000 1.000000
0.999129 0.035563 -0.021808 -0.029740 -0.035285 0.999292 0.013040 94.684708 0.022257 -0.012259 0.999677 0.593998 0.000000 0.000000 0.000000 1.000000
0.999042 0.034412 -0.027027 0.019305 -0.034110 0.999351 0.011557 94.685791 0.027407 -0.010624 0.999568 0.554565 0.000000 0.000000 0.000000 1.000000
0.998758 0.032418 -0.037827 0.156522 -0.032058 0.999435 0.010085 94.657593 0.038133 -0.008860 0.999233 0.526908 0.000000 0.000000 0.000000 1.000000
0.997371 0.034430 -0.063764 0.210711 -0.033799 0.999369 0.010950 94.539215 0.064101 -0.008766 0.997905 0.436893 0.000000 0.000000 0.000000 1.000000
0.993728 0.039379 -0.104658 0.182509 -0.038256 0.999187 0.012718 94.520027 0.105074 -0.008635 0.994427 0.388332 0.000000 0.000000 0.000000 1.000000
0.985728 0.045513 -0.162075 0.122335 -0.043946 0.998946 0.013239 94.488106 0.162507 -0.005927 0.986690 0.363274 0.000000 0.000000 0.000000 1.000000
0.971192 0.051026 -0.232770 0.079514 -0.049102 0.998695 0.014057 94.331520 0.233184 -0.002223 0.972430 0.465254 0.000000 0.000000 0.000000 1.000000
0.945756 0.055164 -0.320159 0.045142 -0.054066 0.998461 0.012324 94.093987 0.320346 0.005654 0.947284 0.591725 0.000000 0.000000 0.000000 1.000000
0.909514 0.060210 -0.411290 -0.009406 -0.058848 0.998139 0.015985 94.051224 0.411487 0.009665 0.911364 0.818565 0.000000 0.000000 0.000000 1.000000
0.866629 0.061861 -0.495103 -0.023246 -0.059330 0.998021 0.020849 94.029099 0.495413 0.011306 0.868584 0.949464 0.000000 0.000000 0.000000 1.000000
0.822972 0.063088 -0.564568 -0.000740 -0.056907 0.997971 0.028565 93.969009 0.565224 0.008619 0.824892 1.255166 0.000000 0.000000 0.000000 1.000000
0.781510 0.064480 -0.620552 0.018571 -0.055649 0.997885 0.033605 94.140900 0.621406 0.008271 0.783445 1.427539 0.000000 0.000000 0.000000 1.000000
0.746125 0.064576 -0.662667 0.067120 -0.056766 0.997831 0.033321 94.253105 0.663382 0.012755 0.748172 1.445473 0.000000 0.000000 0.000000 1.000000
0.717315 0.066239 -0.693593 0.097131 -0.059393 0.997660 0.033853 94.313248 0.694212 0.016911 0.719571 1.507465 0.000000 0.000000 0.000000 1.000000
0.697588 0.064261 -0.713611 0.123297 -0.059346 0.997730 0.031833 94.375755 0.714037 0.020144 0.699818 1.592728 0.000000 0.000000 0.000000 1.000000
0.683624 0.058638 -0.727475 0.155690 -0.057030 0.998011 0.026852 94.509827 0.727603 0.023131 0.685608 1.658518 0.000000 0.000000 0.000000 1.000000
0.675460 0.055267 -0.735323 0.137609 -0.055281 0.998177 0.024242 94.732666 0.735322 0.024275 0.677284 1.739231 0.000000 0.000000 0.000000 1.000000
0.671451 0.053195 -0.739137 0.090381 -0.055228 0.998239 0.021672 94.801788 0.738988 0.026269 0.673206 1.818052 0.000000 0.000000 0.000000 1.000000
0.671898 0.052637 -0.738771 0.037565 -0.056524 0.998207 0.019715 94.926941 0.738483 0.028512 0.673668 1.850403 0.000000 0.000000 0.000000 1.000000
0.675322 0.052733 -0.735635 -0.014582 -0.057042 0.998187 0.019188 94.972633 0.735314 0.029004 0.677106 1.892314 0.000000 0.000000 0.000000 1.000000
0.680572 0.052038 -0.730831 -0.050927 -0.056909 0.998216 0.018081 95.004524 0.730468 0.029286 0.682319 1.925124 0.000000 0.000000 0.000000 1.000000
0.686263 0.050401 -0.725605 -0.058186 -0.056226 0.998287 0.016165 94.981247 0.725177 0.029704 0.687921 1.929133 0.000000 0.000000 0.000000 1.000000
0.690635 0.050111 -0.721465 -0.075054 -0.055904 0.998311 0.015825 94.881958 0.721039 0.029404 0.692270 1.958623 0.000000 0.000000 0.000000 1.000000
0.694405 0.049115 -0.717906 -0.080034 -0.054847 0.998378 0.015253 94.766869 0.717491 0.028784 0.695973 1.968838 0.000000 0.000000 0.000000 1.000000
0.696486 0.047556 -0.715993 -0.078038 -0.053643 0.998460 0.014137 94.613586 0.715563 0.028562 0.697964 1.965603 0.000000 0.000000 0.000000 1.000000
0.696553 0.046366 -0.716006 -0.060529 -0.052783 0.998517 0.013312 94.406410 0.715562 0.028520 0.697967 1.922940 0.000000 0.000000 0.000000 1.000000
0.695873 0.044989 -0.716755 -0.019634 -0.051779 0.998581 0.012409 94.187927 0.716296 0.028478 0.697215 1.841740 0.000000 0.000000 0.000000 1.000000
0.695715 0.043349 -0.717009 0.018901 -0.051513 0.998618 0.010391 94.037216 0.716469 0.029706 0.696986 1.651827 0.000000 0.000000 0.000000 1.000000
0.693090 0.044609 -0.719470 0.156502 -0.052684 0.998549 0.011159 93.948547 0.718924 0.030170 0.694434 1.305220 0.000000 0.000000 0.000000 1.000000
0.688084 0.046246 -0.724156 0.340275 -0.055792 0.998385 0.010745 93.876175 0.723483 0.033008 0.689553 0.867349 0.000000 0.000000 0.000000 1.000000
0.682790 0.045781 -0.729179 0.570650 -0.059010 0.998230 0.007418 93.791412 0.728228 0.037964 0.684283 0.398361 0.000000 0.000000 0.000000 1.000000
0.675911 0.042855 -0.735736 0.849881 -0.062732 0.998030 0.000502 93.716690 0.734308 0.045815 0.677268 -0.044832 0.000000 0.000000 0.000000 1.000000
0.670613 0.035096 -0.740976 1.127363 -0.064578 0.997850 -0.011183 93.695816 0.738991 0.055350 0.671438 -0.411427 0.000000 0.000000 0.000000 1.000000
0.665891 0.024742 -0.745639 1.330623 -0.064187 0.997644 -0.024218 93.831070 0.743283 0.063987 0.665910 -0.713877 0.000000 0.000000 0.000000 1.000000
0.664208 0.013573 -0.747425 1.513216 -0.061667 0.997422 -0.036687 94.003601 0.745000 0.070459 0.663333 -0.957117 0.000000 0.000000 0.000000 1.000000
0.665256 0.006828 -0.746584 1.610188 -0.060302 0.997183 -0.044614 94.185287 0.744176 0.074700 0.663794 -1.147001 0.000000 0.000000 0.000000 1.000000
0.667123 0.004605 -0.744933 1.615501 -0.061086 0.996951 -0.048543 94.248459 0.742439 0.077889 0.665371 -1.250551 0.000000 0.000000 0.000000 1.000000
0.669225 0.005034 -0.743043 1.558466 -0.062079 0.996860 -0.049157 94.196930 0.740462 0.079024 0.667436 -1.280306 0.000000 0.000000 0.000000 1.000000
0.671545 0.007017 -0.740931 1.444623 -0.063058 0.996869 -0.047712 94.135307 0.738276 0.078762 0.669885 -1.251604 0.000000 0.000000 0.000000 1.000000
0.673072 0.009528 -0.739515 1.295880 -0.063525 0.996966 -0.044972 94.138580 0.736843 0.077247 0.671636 -1.182128 0.000000 0.000000 0.000000 1.000000
0.673431 0.011693 -0.739158 1.171942 -0.063958 0.997047 -0.042498 94.213799 0.736478 0.075895 0.672190 -1.094173 0.000000 0.000000 0.000000 1.000000
0.674829 0.013700 -0.737847 1.041617 -0.063342 0.997213 -0.039417 94.249756 0.735250 0.073336 0.673816 -0.977569 0.000000 0.000000 0.000000 1.000000
0.677185 0.015163 -0.735657 0.934434 -0.062604 0.997350 -0.037071 94.290924 0.733145 0.071159 0.676339 -0.836105 0.000000 0.000000 0.000000 1.000000
0.679430 0.016961 -0.733544 0.870630 -0.063111 0.997379 -0.035393 94.294861 0.731021 0.070342 0.678720 -0.699516 0.000000 0.000000 0.000000 1.000000
0.682547 0.018699 -0.730602 0.848741 -0.062613 0.997493 -0.032966 94.292557 0.728154 0.068246 0.682007 -0.573867 0.000000 0.000000 0.000000 1.000000
0.687372 0.020249 -0.726023 0.881395 -0.062172 0.997583 -0.031039 94.305870 0.723640 0.066474 0.686969 -0.506274 0.000000 0.000000 0.000000 1.000000
0.695060 0.020968 -0.718646 0.986006 -0.061820 0.997616 -0.030683 94.368988 0.716289 0.065753 0.694699 -0.496756 0.000000 0.000000 0.000000 1.000000
0.710425 0.021339 -0.703449 1.181217 -0.060456 0.997696 -0.030790 94.419510 0.701172 0.064401 0.710078 -0.546852 0.000000 0.000000 0.000000 1.000000
0.735853 0.018441 -0.676890 1.393689 -0.055896 0.997872 -0.033579 94.593201 0.674830 0.062544 0.735318 -0.631592 0.000000 0.000000 0.000000 1.000000
0.769954 0.014322 -0.637939 1.577507 -0.048607 0.998160 -0.036257 94.643227 0.636246 0.058924 0.769233 -0.752726 0.000000 0.000000 0.000000 1.000000
0.813290 0.010599 -0.581762 1.695745 -0.039927 0.998494 -0.037625 94.750084 0.580487 0.053828 0.812488 -0.858692 0.000000 0.000000 0.000000 1.000000
0.860879 0.007902 -0.508748 1.690650 -0.031404 0.998798 -0.037626 94.840965 0.507839 0.048368 0.860093 -0.945315 0.000000 0.000000 0.000000 1.000000
0.904846 0.002624 -0.425732 1.596160 -0.018760 0.999255 -0.033713 95.081490 0.425326 0.038491 0.904221 -0.917066 0.000000 0.000000 0.000000 1.000000
0.945390 -0.000424 -0.325941 1.445082 -0.008090 0.999661 -0.024767 95.260643 0.325841 0.026051 0.945065 -0.825671 0.000000 0.000000 0.000000 1.000000
0.976638 -0.001231 -0.214888 1.196998 -0.002043 0.999885 -0.015013 95.393333 0.214882 0.015102 0.976523 -0.704114 0.000000 0.000000 0.000000 1.000000
0.995193 -0.006639 -0.097710 0.913213 0.006432 0.999976 -0.002429 95.478439 0.097724 0.001789 0.995212 -0.412696 0.000000 0.000000 0.000000 1.000000
0.999730 -0.018200 0.014446 0.664279 0.018030 0.999768 0.011821 95.602570 -0.014658 -0.011557 0.999826 -0.000713 0.000000 0.000000 0.000000 1.000000
0.992149 -0.018856 0.123633 0.378630 0.017209 0.999749 0.014379 95.639168 -0.123873 -0.012139 0.992224 0.203815 0.000000 0.000000 0.000000 1.000000
0.975743 -0.016970 0.218259 0.131871 0.014011 0.999788 0.015098 95.743271 -0.218469 -0.011674 0.975774 0.345028 0.000000 0.000000 0.000000 1.000000
0.956637 -0.021574 0.290484 0.079856 0.016793 0.999680 0.018941 95.533745 -0.290800 -0.013241 0.956692 0.567113 0.000000 0.000000 0.000000 1.000000
0.938572 -0.024167 0.344236 -0.004080 0.017395 0.999590 0.022746 95.366577 -0.344644 -0.015361 0.938608 0.784657 0.000000 0.000000 0.000000 1.000000
0.921786 -0.022923 0.387021 -0.076342 0.015214 0.999620 0.022972 95.226181 -0.387400 -0.015288 0.921785 0.921076 0.000000 0.000000 0.000000 1.000000
0.906799 -0.023687 0.420898 -0.060267 0.015103 0.999605 0.023717 95.110504 -0.421294 -0.015149 0.906798 1.031956 0.000000 0.000000 0.000000 1.000000
0.893597 -0.021884 0.448336 -0.092667 0.013473 0.999668 0.021941 94.998100 -0.448667 -0.013566 0.893596 1.006105 0.000000 0.000000 0.000000 1.000000
0.883581 -0.017567 0.467949 -0.109073 0.008412 0.999730 0.021647 94.739052 -0.468204 -0.015191 0.883490 1.050215 0.000000 0.000000 0.000000 1.000000
0.875570 -0.014800 0.482865 -0.095519 0.004164 0.999725 0.023093 94.277130 -0.483074 -0.018209 0.875390 1.089569 0.000000 0.000000 0.000000 1.000000
0.869156 -0.013036 0.494366 -0.093359 0.001941 0.999735 0.022950 94.054153 -0.494534 -0.018988 0.868951 1.080171 0.000000 0.000000 0.000000 1.000000
0.864547 -0.011131 0.502429 -0.085423 -0.000291 0.999743 0.022648 93.992088 -0.502552 -0.019727 0.864322 1.060658 0.000000 0.000000 0.000000 1.000000
0.862197 -0.009571 0.506482 -0.089402 -0.001988 0.999750 0.022277 94.024063 -0.506569 -0.020214 0.861963 1.030711 0.000000 0.000000 0.000000 1.000000
0.861626 -0.008378 0.507475 -0.091979 -0.002918 0.999765 0.021459 94.090714 -0.507535 -0.019970 0.861399 0.981838 0.000000 0.000000 0.000000 1.000000
0.863334 -0.006418 0.504592 -0.091705 -0.004009 0.999800 0.019575 94.159790 -0.504617 -0.018923 0.863136 0.908244 0.000000 0.000000 0.000000 1.000000
0.866876 -0.004218 0.498506 -0.106528 -0.005134 0.999836 0.017388 94.205795 -0.498498 -0.017632 0.866712 0.819976 0.000000 0.000000 0.000000 1.000000
0.872055 -0.001615 0.489405 -0.139930 -0.007307 0.999840 0.016318 94.252609 -0.489353 -0.017806 0.871904 0.761092 0.000000 0.000000 0.000000 1.000000
0.878104 -0.001275 0.478468 -0.163704 -0.008013 0.999817 0.017370 94.287476 -0.478402 -0.019087 0.877933 0.725041 0.000000 0.000000 0.000000 1.000000
0.886309 0.002221 0.463088 -0.229274 -0.010605 0.999824 0.015502 94.344322 -0.462972 -0.018650 0.886177 0.610149 0.000000 0.000000 0.000000 1.000000
0.896227 0.007045 0.443540 -0.299222 -0.014851 0.999790 0.014128 94.397675 -0.443348 -0.019249 0.896143 0.478500 0.000000 0.000000 0.000000 1.000000
0.909941 0.016404 0.414414 -0.427654 -0.023601 0.999646 0.012253 94.544434 -0.414066 -0.020930 0.910006 0.387310 0.000000 0.000000 0.000000 1.000000
0.929120 0.023267 0.369047 -0.525588 -0.029531 0.999500 0.011334 94.633202 -0.368598 -0.021429 0.929342 0.330195 0.000000 0.000000 0.000000 1.000000
0.951426 0.028846 0.306524 -0.562888 -0.035536 0.999236 0.016269 94.577660 -0.305821 -0.026371 0.951724 0.331424 0.000000 0.000000 0.000000 1.000000
0.972909 0.036515 0.228285 -0.584808 -0.042733 0.998836 0.022352 94.456871 -0.227203 -0.031502 0.973338 0.348983 0.000000 0.000000 0.000000 1.000000
0.989552 0.047301 0.136195 -0.657093 -0.051536 0.998286 0.027741 94.318161 -0.134649 -0.034470 0.990294 0.433906 0.000000 0.000000 0.000000 1.000000
0.997629 0.059160 0.035154 -0.738393 -0.060280 0.997678 0.031714 94.160217 -0.033196 -0.033758 0.998879 0.536030 0.000000 0.000000 0.000000 1.000000
0.995227 0.068531 -0.069479 -0.834465 -0.066146 0.997158 0.036072 93.868324 0.071754 -0.031304 0.996931 0.684123 0.000000 0.000000 0.000000 1.000000
0.983797 0.073848 -0.163372 -0.886317 -0.068129 0.996860 0.040347 93.657761 0.165838 -0.028563 0.985739 0.731761 0.000000 0.000000 0.000000 1.000000
0.965820 0.078555 -0.247022 -0.891203 -0.069402 0.996548 0.045558 93.456322 0.249748 -0.026857 0.967938 0.885438 0.000000 0.000000 0.000000 1.000000
0.945727 0.083088 -0.314162 -0.899800 -0.069717 0.996127 0.053579 93.432297 0.317397 -0.028769 0.947856 1.046848 0.000000 0.000000 0.000000 1.000000
0.926828 0.085046 -0.365728 -0.843519 -0.066406 0.995785 0.063273 93.537537 0.369567 -0.034356 0.928569 1.289153 0.000000 0.000000 0.000000 1.000000
0.911851 0.083127 -0.402017 -0.795475 -0.062276 0.995961 0.064687 93.745140 0.405770 -0.033949 0.913344 1.411966 0.000000 0.000000 0.000000 1.000000
0.903562 0.080447 -0.420838 -0.738220 -0.058995 0.996219 0.063770 93.893761 0.424377 -0.032793 0.904892 1.502337 0.000000 0.000000 0.000000 1.000000
0.902242 0.077229 -0.424259 -0.694759 -0.055613 0.996455 0.063119 94.073540 0.427629 -0.033355 0.903339 1.548388 0.000000 0.000000 0.000000 1.000000
0.906829 0.073223 -0.415090 -0.656318 -0.051954 0.996703 0.062318 94.347191 0.418285 -0.034946 0.907643 1.541036 0.000000 0.000000 0.000000 1.000000
0.916330 0.070180 -0.394227 -0.607989 -0.050424 0.996908 0.060264 94.593063 0.397237 -0.035344 0.917035 1.472957 0.000000 0.000000 0.000000 1.000000
0.927758 0.067548 -0.367018 -0.576219 -0.049917 0.997107 0.057331 94.829399 0.369829 -0.034869 0.928445 1.356066 0.000000 0.000000 0.000000 1.000000
0.939410 0.064867 -0.336602 -0.560024 -0.049442 0.997305 0.054207 95.050903 0.339211 -0.034280 0.940085 1.230129 0.000000 0.000000 0.000000 1.000000
0.949878 0.062292 -0.306352 -0.545408 -0.048367 0.997431 0.052845 95.243126 0.308856 -0.035378 0.950450 1.148581 0.000000 0.000000 0.000000 1.000000
0.958418 0.059680 -0.279058 -0.509571 -0.047647 0.997626 0.049713 95.370255 0.281362 -0.034349 0.958987 1.075098 0.000000 0.000000 0.000000 1.000000
0.964929 0.058125 -0.255994 -0.453818 -0.047570 0.997750 0.047234 95.349518 0.258164 -0.033400 0.965524 0.998136 0.000000 0.000000 0.000000 1.000000
0.969207 0.057140 -0.239527 -0.368226 -0.047877 0.997870 0.044319 95.304077 0.241549 -0.031486 0.969878 0.919600 0.000000 0.000000 0.000000 1.000000
0.971656 0.055076 -0.229894 -0.275958 -0.046923 0.998065 0.040789 95.266258 0.231696 -0.028846 0.972360 0.816013 0.000000 0.000000 0.000000 1.000000
0.972712 0.053584 -0.225742 -0.171400 -0.046287 0.998224 0.037498 95.265488 0.227350 -0.026026 0.973465 0.678753 0.000000 0.000000 0.000000 1.000000
0.972271 0.051483 -0.228120 -0.050014 -0.045330 0.998455 0.032135 95.312210 0.229421 -0.020903 0.973103 0.494130 0.000000 0.000000 0.000000 1.000000
0.968912 0.050112 -0.242279 0.136642 -0.044604 0.998608 0.028168 95.261429 0.243353 -0.016485 0.969798 0.246057 0.000000 0.000000 0.000000 1.000000
0.960497 0.050298 -0.273708 0.343236 -0.045131 0.998665 0.025143 95.242920 0.274607 -0.011797 0.961484 -0.017971 0.000000 0.000000 0.000000 1.000000
0.943113 0.053490 -0.328140 0.573077 -0.049056 0.998558 0.021782 95.243683 0.328833 -0.004445 0.944378 -0.143169 0.000000 0.000000 0.000000 1.000000
0.912504 0.059990 -0.404645 0.830488 -0.055753 0.998196 0.022259 95.009148 0.405251 0.002249 0.914203 -0.038982 0.000000 0.000000 0.000000 1.000000
0.864320 0.066183 -0.498568 1.118483 -0.061902 0.997766 0.025135 94.761635 0.499118 0.009137 0.866486 0.194982 0.000000 0.000000 0.000000 1.000000
0.795458 0.072266 -0.601685 1.290137 -0.066578 0.997276 0.031759 94.469826 0.602341 0.014796 0.798102 0.610197 0.000000 0.000000 0.000000 1.000000
0.703354 0.077899 -0.706558 1.423815 -0.068665 0.996774 0.041542 94.164780 0.707515 0.019298 0.706435 1.188169 0.000000 0.000000 0.000000 1.000000
0.595489 0.080896 -0.799280 1.470161 -0.070487 0.996341 0.048326 93.839493 0.800265 0.027562 0.599012 1.789042 0.000000 0.000000 0.000000 1.000000
0.477837 0.080615 -0.874742 1.435458 -0.070621 0.996082 0.053220 93.432114 0.875605 0.036345 0.481658 2.417537 0.000000 0.000000 0.000000 1.000000
0.355588 0.076171 -0.931534 1.299155 -0.067700 0.996155 0.055612 93.260849 0.932188 0.043290 0.359377 3.067593 0.000000 0.000000 0.000000 1.000000
0.240620 0.070238 -0.968075 1.114692 -0.062752 0.996417 0.056697 92.933411 0.968589 0.047106 0.244166 3.642832 0.000000 0.000000 0.000000 1.000000
0.140663 0.062035 -0.988112 0.848335 -0.060447 0.996711 0.053969 92.383949 0.988211 0.052137 0.143950 4.182734 0.000000 0.000000 0.000000 1.000000
0.063504 0.054937 -0.996468 0.588922 -0.057874 0.997006 0.051279 92.019669 0.996302 0.054413 0.066493 4.563346 0.000000 0.000000 0.000000 1.000000
0.010069 0.047765 -0.998808 0.356394 -0.054854 0.997381 0.047144 91.885452 0.998444 0.054313 0.012663 4.855374 0.000000 0.000000 0.000000 1.000000
-0.021159 0.046873 -0.998677 0.243647 -0.053438 0.997419 0.047947 91.816925 0.998347 0.054382 -0.018600 5.012876 0.000000 0.000000 0.000000 1.000000
-0.038999 0.048917 -0.998041 0.187718 -0.052947 0.997297 0.050950 91.896683 0.997835 0.054831 -0.036304 5.117801 0.000000 0.000000 0.000000 1.000000
-0.042387 0.048848 -0.997906 0.168048 -0.052358 0.997323 0.051043 92.080704 0.997728 0.054412 -0.039716 5.238946 0.000000 0.000000 0.000000 1.000000
-0.032979 0.048068 -0.998299 0.198790 -0.051788 0.997419 0.049736 92.217026 0.998113 0.053341 -0.030405 5.356298 0.000000 0.000000 0.000000 1.000000
-0.014878 0.048047 -0.998734 0.276296 -0.052262 0.997442 0.048764 92.390854 0.998523 0.052922 -0.012329 5.460142 0.000000 0.000000 0.000000 1.000000
0.008825 0.047993 -0.998809 0.378416 -0.051818 0.997527 0.047474 92.475761 0.998618 0.051338 0.011290 5.599195 0.000000 0.000000 0.000000 1.000000
0.034462 0.048081 -0.998249 0.501988 -0.051025 0.997624 0.046290 92.591118 0.998103 0.049340 0.036833 5.786524 0.000000 0.000000 0.000000 1.000000
0.059440 0.046939 -0.997128 0.666701 -0.051838 0.997691 0.043875 92.796227 0.996885 0.049082 0.061736 5.966656 0.000000 0.000000 0.000000 1.000000
0.078462 0.047319 -0.995794 0.824055 -0.051883 0.997713 0.043322 93.003227 0.995566 0.048266 0.080737 6.159575 0.000000 0.000000 0.000000 1.000000
0.094562 0.046988 -0.994409 0.974618 -0.051738 0.997768 0.042227 93.293015 0.994174 0.047456 0.096782 6.362322 0.000000 0.000000 0.000000 1.000000
0.107987 0.045026 -0.993132 1.111537 -0.050581 0.997929 0.039744 93.500229 0.992865 0.045942 0.110041 6.533269 0.000000 0.000000 0.000000 1.000000
0.124528 0.042418 -0.991309 1.251226 -0.050309 0.998071 0.036387 93.780952 0.990940 0.045340 0.126422 6.636706 0.000000 0.000000 0.000000 1.000000
0.143836 0.038852 -0.988839 1.415241 -0.052604 0.998116 0.031565 93.972061 0.988202 0.047476 0.145609 6.654765 0.000000 0.000000 0.000000 1.000000
0.167957 0.035170 -0.985167 1.555387 -0.052227 0.998277 0.026734 93.885193 0.984410 0.046963 0.169504 6.765763 0.000000 0.000000 0.000000 1.000000
0.203198 0.028829 -0.978713 1.777259 -0.048468 0.998637 0.019353 94.000771 0.977937 0.043504 0.204318 6.822190 0.000000 0.000000 0.000000 1.000000
0.246760 0.025322 -0.968746 1.965419 -0.047084 0.998791 0.014114 94.074181 0.967932 0.042130 0.247654 6.741942 0.000000 0.000000 0.000000 1.000000
0.307583 0.020059 -0.951310 2.283503 -0.043605 0.999025 0.006967 94.455460 0.950522 0.039339 0.308157 6.495968 0.000000 0.000000 0.000000 1.000000
0.381924 0.016925 -0.924039 2.596602 -0.039862 0.999204 0.001826 94.832863 0.923334 0.036137 0.382295 6.179775 0.000000 0.000000 0.000000 1.000000
0.468340 0.012091 -0.883466 2.897518 -0.033090 0.999445 -0.003863 95.223358 0.882928 0.031043 0.468480 5.753644 0.000000 0.000000 0.000000 1.000000
0.553896 0.007085 -0.832556 3.179769 -0.026960 0.999592 -0.009430 95.593521 0.832149 0.027669 0.553861 5.284142 0.000000 0.000000 0.000000 1.000000
0.640830 0.004772 -0.767668 3.345443 -0.022414 0.999671 -0.012497 95.875046 0.767356 0.025215 0.640726 4.801975 0.000000 0.000000 0.000000 1.000000
0.721899 0.000952 -0.691997 3.393148 -0.016009 0.999754 -0.015326 96.123398 0.691813 0.022142 0.721737 4.271491 0.000000 0.000000 0.000000 1.000000
0.798227 -0.005900 -0.602327 3.402487 -0.008390 0.999746 -0.020912 96.335648 0.602298 0.021746 0.797975 3.662831 0.000000 0.000000 0.000000 1.000000
0.864607 -0.007226 -0.502398 3.257509 -0.006152 0.999669 -0.024965 96.365700 0.502412 0.024675 0.864276 3.090027 0.000000 0.000000 0.000000 1.000000
0.916206 -0.007113 -0.400643 3.050681 -0.004400 0.999604 -0.027809 96.447739 0.400682 0.027242 0.915812 2.540783 0.000000 0.000000 0.000000 1.000000
0.953379 -0.005807 -0.301719 2.788060 -0.003178 0.999566 -0.029281 96.537033 0.301758 0.028875 0.952947 2.064967 0.000000 0.000000 0.000000 1.000000
0.977609 -0.008920 -0.210239 2.506363 0.003017 0.999593 -0.028381 96.616783 0.210406 0.027111 0.977238 1.711382 0.000000 0.000000 0.000000 1.000000
0.991257 -0.013232 -0.131279 2.246057 0.009053 0.999435 -0.032382 96.620064 0.131634 0.030911 0.990816 1.411098 0.000000 0.000000 0.000000 1.000000
0.997895 -0.012067 -0.063720 2.003644 0.009878 0.999354 -0.034548 96.648109 0.064096 0.033846 0.997370 1.158204 0.000000 0.000000 0.000000 1.000000
0.999886 -0.010612 -0.010721 1.854165 0.010214 0.999279 -0.036576 96.608109 0.011101 0.036462 0.999273 0.893341 0.000000 0.000000 0.000000 1.000000
0.999559 -0.009501 0.028148 1.790123 0.010547 0.999249 -0.037273 96.553070 -0.027772 0.037554 0.998909 0.715575 0.000000 0.000000 0.000000 1.000000
0.998121 -0.007283 0.060831 1.707952 0.009513 0.999291 -0.036438 96.408829 -0.060523 0.036949 0.997483 0.521612 0.000000 0.000000 0.000000 1.000000
0.996117 -0.004190 0.087943 1.632888 0.007269 0.999371 -0.034720 96.155296 -0.087743 0.035224 0.995520 0.325233 0.000000 0.000000 0.000000 1.000000
0.994068 0.001068 0.108759 1.577210 0.002460 0.999475 -0.032297 95.816055 -0.108736 0.032373 0.993543 0.161114 0.000000 0.000000 0.000000 1.000000
0.991905 0.006337 0.126822 1.577955 -0.002757 0.999593 -0.028382 95.471642 -0.126950 0.027803 0.991519 0.046381 0.000000 0.000000 0.000000 1.000000
0.990148 0.011841 0.139523 1.530531 -0.008172 0.999606 -0.026835 95.092026 -0.139786 0.025430 0.989855 -0.121592 0.000000 0.000000 0.000000 1.000000
0.989047 0.017308 0.146584 1.398345 -0.013645 0.999570 -0.025958 95.011490 -0.146970 0.023673 0.988858 -0.236155 0.000000 0.000000 0.000000 1.000000
0.988497 0.019893 0.149927 1.285999 -0.016837 0.999624 -0.021627 94.999268 -0.150301 0.018854 0.988461 -0.300113 0.000000 0.000000 0.000000 1.000000
0.988481 0.020930 0.149890 1.212266 -0.018793 0.999701 -0.015662 94.987259 -0.150173 0.012664 0.988579 -0.340618 0.000000 0.000000 0.000000 1.000000
0.988841 0.021712 0.147385 1.145511 -0.020531 0.999744 -0.009528 95.032509 -0.147554 0.006396 0.989033 -0.371633 0.000000 0.000000 0.000000 1.000000
0.989436 0.023208 0.143098 1.069245 -0.022559 0.999727 -0.006155 95.109283 -0.143202 0.002862 0.989689 -0.411275 0.000000 0.000000 0.000000 1.000000
0.990422 0.025057 0.135781 0.990656 -0.024620 0.999685 -0.004900 95.119759 -0.135861 0.001510 0.990727 -0.457972 0.000000 0.000000 0.000000 1.000000
0.991621 0.027428 0.126239 0.894061 -0.027127 0.999624 -0.004100 95.137207 -0.126303 0.000641 0.991991 -0.466923 0.000000 0.000000 0.000000 1.000000
0.992921 0.029201 0.115130 0.819713 -0.029064 0.999573 -0.002861 95.115746 -0.115165 -0.000506 0.993346 -0.463824 0.000000 0.000000 0.000000 1.000000
0.994209 0.030671 0.102997 0.760458 -0.030642 0.999529 -0.001864 95.046997 -0.103006 -0.001303 0.994680 -0.475088 0.000000 0.000000 0.000000 1.000000
0.995411 0.030945 0.090553 0.725940 -0.031051 0.999518 -0.000239 94.952232 -0.090517 -0.002573 0.995892 -0.481665 0.000000 0.000000 0.000000 1.000000
0.996540 0.032075 0.076671 0.695731 -0.032238 0.999480 0.000880 94.861786 -0.076603 -0.003349 0.997056 -0.459911 0.000000 0.000000 0.000000 1.000000
0.997435 0.032008 0.064025 0.630548 -0.032243 0.999477 0.002637 94.926338 -0.063907 -0.004694 0.997945 -0.442733 0.000000 0.000000 0.000000 1.000000
0.998042 0.032406 0.053504 0.560465 -0.032744 0.999449 0.005449 94.914459 -0.053298 -0.007190 0.998553 -0.410621 0.000000 0.000000 0.000000 1.000000
0.998531 0.032802 0.043132 0.488662 -0.033128 0.999427 0.006880 94.862953 -0.042881 -0.008299 0.999046 -0.338950 0.000000 0.000000 0.000000 1.000000
0.998888 0.032610 0.034036 0.408148 -0.032878 0.999432 0.007331 94.911942 -0.033778 -0.008442 0.999394 -0.279994 0.000000 0.000000 0.000000 1.000000
0.999141 0.033752 0.024027 0.339601 -0.033985 0.999379 0.009360 94.850067 -0.023697 -0.010168 0.999667 -0.176519 0.000000 0.000000 0.000000 1.000000
0.999283 0.034588 0.015400 0.262052 -0.034755 0.999339 0.010700 94.826981 -0.015020 -0.011227 0.999824 -0.082549 0.000000 0.000000 0.000000 1.000000
0.999392 0.033285 0.010383 0.177948 -0.033402 0.999378 0.011329 94.839317 -0.009999 -0.011669 0.999882 -0.028703 0.000000 0.000000 0.000000 1.000000
0.999416 0.033529 0.006568 0.096783 -0.033606 0.999364 0.011948 94.827827 -0.006163 -0.012161 0.999907 0.026555 0.000000 0.000000 0.000000 1.000000
0.999459 0.032724 0.003235 0.032454 -0.032760 0.999395 0.011722 94.863388 -0.002850 -0.011822 0.999926 0.076787 0.000000 0.000000 0.000000 1.000000
0.999476 0.032351 0.000618 -0.021997 -0.032357 0.999390 0.013104 94.855881 -0.000194 -0.013117 0.999914 0.141260 0.000000 0.000000 0.000000 1.000000
0.999500 0.031590 -0.001624 -0.052197 -0.031561 0.999376 0.015886 94.822151 0.002125 -0.015826 0.999872 0.221604 0.000000 0.000000 0.000000 1.000000
0.999486 0.031820 -0.004022 -0.095454 -0.031746 0.999346 0.017342 94.840782 0.004572 -0.017206 0.999842 0.299739 0.000000 0.000000 0.000000 1.000000
0.999491 0.031254 -0.006469 -0.119348 -0.031135 0.999359 0.017672 94.855148 0.007017 -0.017461 0.999823 0.354227 0.000000 0.000000 0.000000 1.000000
0.999470 0.031147 -0.009450 -0.133427 -0.030974 0.999360 0.017908 94.856979 0.010002 -0.017605 0.999795 0.405329 0.000000 0.000000 0.000000 1.000000
0.999417 0.031603 -0.012904 -0.139811 -0.031366 0.999342 0.018192 94.860802 0.013471 -0.017777 0.999751 0.460310 0.000000 0.000000 0.000000 1.000000
0.999350 0.032172 -0.016240 -0.140512 -0.031871 0.999322 0.018458 94.849350 0.016823 -0.017928 0.999698 0.503450 0.000000 0.000000 0.000000 1.000000
0.999261 0.033091 -0.019546 -0.128163 -0.032726 0.999289 0.018735 94.772095 0.020152 -0.018081 0.999633 0.533663 0.000000 0.000000 0.000000 1.000000
0.999157 0.034215 -0.022675 -0.120734 -0.033796 0.999255 0.018638 94.744576 0.023296 -0.017856 0.999569 0.564612 0.000000 0.000000 0.000000 1.000000
0.999076 0.034960 -0.024992 -0.105399 -0.034507 0.999237 0.018311 94.702278 0.025613 -0.017432 0.999520 0.582954 0.000000 0.000000 0.000000 1.000000
0.998980 0.036202 -0.026979 -0.097272 -0.035737 0.999208 0.017495 94.670082 0.027591 -0.016513 0.999483 0.598242 0.000000 0.000000 0.000000 1.000000
0.998884 0.037487 -0.028740 -0.085393 -0.037019 0.999176 0.016657 94.647659 0.029340 -0.015575 0.999448 0.621705 0.000000 0.000000 0.000000 1.000000</float_array><technique_common><accessor source="#mixamorig7_Hips-Matrix-animation-output-transform-array" count="191" stride="16"><param type="float4x4"/></accessor></technique_common></source><source id="mixamorig7_Hips-Interpolations"><Name_array id="mixamorig7_Hips-Interpolations-array" count="191">
 LINEAR LINEAR LINEAR LINEAR LINEAR LINEAR LINEAR LINEAR LINEAR LINEAR LINEAR
LINEAR LINEAR LINEAR LINEAR LINEAR LINEAR LINEAR LINEAR LINEAR LINEAR LINEAR LINEAR
LINEAR LINEAR LINEAR LINEAR LINEAR LINEAR LINEAR LINEAR LINEAR LINEAR LINEAR LINEAR
LINEAR LINEAR LINEAR LINEAR LINEAR LINEAR LINEAR LINEAR LINEAR LINEAR LINEAR LINEAR
LINEAR LINEAR LINEAR LINEAR LINEAR LINEAR LINEAR LINEAR LINEAR LINEAR LINEAR LINEAR
LINEAR LINEAR LINEAR LINEAR LINEAR LINEAR LINEAR LINEAR LINEAR LINEAR LINEAR LINEAR
LINEAR LINEAR LINEAR LINEAR LINEAR LINEAR LINEAR LINEAR LINEAR LINEAR LINEAR LINEAR
LINEAR LINEAR LINEAR LINEAR LINEAR LINEAR LINEAR LINEAR LINEAR LINEAR LINEAR LINEAR
LINEAR LINEAR LINEAR LINEAR LINEAR LINEAR LINEAR LINEAR LINEAR LINEAR LINEAR LINEAR
LINEAR LINEAR LINEAR LINEAR LINEAR LINEAR LINEAR LINEAR LINEAR LINEAR LINEAR LINEAR
LINEAR LINEAR LINEAR LINEAR LINEAR LINEAR LINEAR LINEAR LINEAR LINEAR LINEAR LINEAR
LINEAR LINEAR LINEAR LINEAR LINEAR LINEAR LINEAR LINEAR LINEAR LINEAR LINEAR LINEAR
LINEAR LINEAR LINEAR LINEAR LINEAR LINEAR LINEAR LINEAR LINEAR LINEAR LINEAR LINEAR
LINEAR LINEAR LINEAR LINEAR LINEAR LINEAR LINEAR LINEAR LINEAR LINEAR LINEAR LINEAR
LINEAR LINEAR LINEAR LINEAR LINEAR LINEAR LINEAR LINEAR LINEAR LINEAR LINEAR LINEAR
LINEAR LINEAR LINEAR LINEAR LINEAR LINEAR LINEAR LINEAR LINEAR LINEAR LINEAR LINEAR</Name_array><technique_common><accessor source="#mixamorig7_Hips-Interpolations-array" count="191"><param type="name"/></accessor></technique_common></source><sampler id="mixamorig7_Hips-Matrix-animation-transform"><input semantic="INPUT" source="#mixamorig7_Hips-Matrix-animation-input"/><input semantic="OUTPUT" source="#mixamorig7_Hips-Matrix-animation-output-transform"/><input semantic="INTERPOLATION" source="#mixamorig7_Hips-Interpolations"/></sampler><channel source="#mixamorig7_Hips-Matrix-animation-transform" target="mixamorig7_Hips/matrix"/></animation>
    <animation id="mixamorig7_Spine-anim" name="mixamorig7_Spine"><source id="mixamorig7_Spine-Matrix-animation-input"><float_array id="mixamorig7_Spine-Matrix-animation-input-array" count="191">

0.000000 0.033333 0.066667 0.100000 0.133333 0.166667 0.200000 0.233333 0.266667 0.300000 0.333333 0.366667 0.400000 0.433333 0.466667 0.500000
0.533333 0.566667 0.600000 0.633333 0.666667 0.700000 0.733333 0.766667 0.800000 0.833333 0.866667 0.900000 0.933333 0.966667 1.000000 1.033333
1.066667 1.100000 1.133333 1.166667 1.200000 1.233333 1.266667 1.300000 1.333333 1.366667 1.400000 1.433333 1.466667 1.500000 1.533333 1.566667
1.600000 1.633333 1.666667 1.700000 1.733333 1.766667 1.800000 1.833333 1.866667 1.900000 1.933333 1.966667 2.000000 2.033333 2.066667 2.100000
2.133333 2.166667 2.200000 2.233333 2.266667 2.300000 2.333333 2.366667 2.400000 2.433333 2.466667 2.500000 2.533333 2.566667 2.600000 2.633333
2.666667 2.700000 2.733333 2.766667 2.800000 2.833333 2.866667 2.900000 2.933333 2.966667 3.000000 3.033333 3.066667 3.100000 3.133333 3.166667
3.200000 3.233333 3.266667 3.300000 3.333333 3.366667 3.400000 3.433333 3.466667 3.500000 3.533333 3.566667 3.600000 3.633333 3.666667 3.700000
3.733333 3.766667 3.800000 3.833333 3.866667 3.900000 3.933333 3.966667 4.000000 4.033333 4.066667 4.100000 4.133333 4.166667 4.200000 4.233333
4.266667 4.300000 4.333333 4.366667 4.400000 4.433333 4.466667 4.500000 4.533333 4.566667 4.600000 4.633333 4.666667 4.700000 4.733333 4.766667
4.800000 4.833333 4.866667 4.900000 4.933333 4.966667 5.000000 5.033333 5.066667 5.100000 5.133333 5.166667 5.200000 5.233333 5.266667 5.300000
5.333333 5.366667 5.400000 5.433333 5.466667 5.500000 5.533333 5.566667 5.600000 5.633333 5.666667 5.700000 5.733333 5.766667 5.800000 5.833333
5.866667 5.900000 5.933333 5.966667 6.000000 6.033333 6.066667 6.100000 6.133333 6.166667 6.200000 6.233333 6.266667 6.300000 6.333333</float_array><technique_common><accessor source="#mixamorig7_Spine-Matrix-animation-input-array" count="191"><param name="TIME" type="float"/></accessor></technique_common></source><source id="mixamorig7_Spine-Matrix-animation-output-transform"><float_array id="mixamorig7_Spine-Matrix-animation-output-transform-array" count="3056">

0.999987 -0.001618 -0.004825 -0.000000 0.002035 0.996146 0.087688 9.694400 0.004665 -0.087697 0.996136 -1.109700 0.000000 0.000000 0.000000 1.000000
0.999987 -0.001626 -0.004827 -0.000000 0.002043 0.996146 0.087688 9.694400 0.004666 -0.087697 0.996136 -1.109700 0.000000 0.000000 0.000000 1.000000
0.999987 -0.001632 -0.004753 -0.000000 0.002042 0.996146 0.087688 9.694400 0.004591 -0.087697 0.996137 -1.109700 0.000000 0.000000 0.000000 1.000000
0.999989 -0.001496 -0.004521 0.000000 0.001886 0.996145 0.087701 9.694400 0.004372 -0.087709 0.996137 -1.109700 0.000000 0.000000 0.000000 1.000000
0.999990 -0.001361 -0.004220 0.000000 0.001726 0.996134 0.087835 9.694400 0.004084 -0.087842 0.996126 -1.109700 0.000000 0.000000 0.000000 1.000000
0.999991 -0.001299 -0.003929 0.000000 0.001639 0.996122 0.087973 9.694400 0.003800 -0.087979 0.996115 -1.109700 0.000000 0.000000 0.000000 1.000000
0.999992 -0.001262 -0.003717 0.000000 0.001584 0.996112 0.088086 9.694400 0.003591 -0.088091 0.996106 -1.109700 0.000000 0.000000 0.000000 1.000000
0.999993 -0.001158 -0.003556 0.000000 0.001467 0.996104 0.088169 9.694400 0.003440 -0.088174 0.996099 -1.109700 0.000000 0.000000 0.000000 1.000000
0.999994 -0.000830 -0.003288 0.000000 0.001117 0.996108 0.088138 9.694400 0.003202 -0.088141 0.996103 -1.109700 0.000000 0.000000 0.000000 1.000000
0.999996 -0.000128 -0.002785 0.000000 0.000372 0.996141 0.087770 9.694400 0.002763 -0.087771 0.996137 -1.109700 0.000000 0.000000 0.000000 1.000000
0.999997 0.000968 -0.002306 0.000000 -0.000764 0.996217 0.086901 9.694400 0.002382 -0.086899 0.996214 -1.109700 0.000000 0.000000 0.000000 1.000000
0.999994 0.002050 -0.002707 0.000000 -0.001810 0.996320 0.085690 9.694400 0.002873 -0.085685 0.996318 -1.109700 0.000000 0.000000 0.000000 1.000000
0.999984 0.002812 -0.004950 0.000000 -0.002382 0.996402 0.084723 9.694400 0.005170 -0.084709 0.996392 -1.109700 0.000000 0.000000 0.000000 1.000000
0.999952 0.003047 -0.009276 -0.000000 -0.002250 0.996405 0.084690 9.694400 0.009501 -0.084665 0.996364 -1.109700 0.000000 0.000000 0.000000 1.000000
0.999886 0.002840 -0.014822 0.000000 -0.001557 0.996304 0.085888 9.694400 0.015011 -0.085855 0.996195 -1.109700 0.000000 0.000000 0.000000 1.000000
0.999794 0.002469 -0.020169 0.000000 -0.000687 0.996128 0.087915 9.694400 0.020308 -0.087883 0.995924 -1.109700 0.000000 0.000000 0.000000 1.000000
0.999701 0.002215 -0.024344 0.000000 -0.000019 0.995957 0.089829 9.694400 0.024445 -0.089802 0.995660 -1.109700 0.000000 0.000000 0.000000 1.000000
0.999628 0.002026 -0.027194 0.000000 0.000451 0.995873 0.090753 9.694400 0.027266 -0.090732 0.995502 -1.109700 0.000000 0.000000 0.000000 1.000000
0.999575 0.001475 -0.029119 -0.000000 0.001166 0.995898 0.090472 9.694400 0.029133 -0.090468 0.995473 -1.109700 0.000000 0.000000 0.000000 1.000000
0.999534 0.000201 -0.030515 0.000000 0.002533 0.995982 0.089516 9.694400 0.030410 -0.089552 0.995518 -1.109700 0.000000 0.000000 0.000000 1.000000
0.999500 -0.001336 -0.031581 -0.000000 0.004134 0.996048 0.088719 9.694400 0.031337 -0.088805 0.995556 -1.109700 0.000000 0.000000 0.000000 1.000000
0.999470 -0.002544 -0.032459 0.000000 0.005415 0.996046 0.088675 9.694400 0.032105 -0.088804 0.995532 -1.109700 0.000000 0.000000 0.000000 1.000000
0.999443 -0.003103 -0.033232 0.000000 0.006068 0.995969 0.089487 9.694400 0.032820 -0.089639 0.995433 -1.109700 0.000000 0.000000 0.000000 1.000000
0.999422 -0.003093 -0.033864 -0.000000 0.006160 0.995847 0.090833 9.694400 0.033442 -0.090989 0.995290 -1.109700 0.000000 0.000000 0.000000 1.000000
0.999409 -0.002966 -0.034242 0.000000 0.006115 0.995720 0.092218 9.694400 0.033822 -0.092372 0.995150 -1.109700 0.000000 0.000000 0.000000 1.000000
0.999408 -0.003090 -0.034271 -0.000000 0.006276 0.995621 0.093269 9.694400 0.033833 -0.093429 0.995051 -1.109700 0.000000 0.000000 0.000000 1.000000
0.999409 -0.003388 -0.034206 -0.000000 0.006588 0.995562 0.093878 9.694400 0.033736 -0.094048 0.994996 -1.109700 0.000000 0.000000 0.000000 1.000000
0.999410 -0.003671 -0.034148 0.000000 0.006873 0.995536 0.094133 9.694400 0.033650 -0.094313 0.994974 -1.109700 0.000000 0.000000 0.000000 1.000000
0.999410 -0.003870 -0.034136 0.000000 0.007071 0.995531 0.094168 9.694400 0.033619 -0.094354 0.994971 -1.109700 0.000000 0.000000 0.000000 1.000000
0.999409 -0.004004 -0.034140 -0.000000 0.007204 0.995533 0.094138 9.694400 0.033611 -0.094329 0.994974 -1.109700 0.000000 0.000000 0.000000 1.000000
