<?xml version="1.0" encoding="utf-8"?>
<COLLADA xmlns="http://www.collada.org/2005/11/COLLADASchema" version="1.4.1">
  <asset><contributor><author>Mixamo</author><authoring_tool>COLLADA Mixamo exporter</authoring_tool><comments></comments></contributor><created>2020-02-25T10:30:44Z</created><modified>2020-02-25T10:30:44Z</modified><revision></revision><title></title><unit meter="0.010000"/><up_axis>Y_UP</up_axis></asset>
  <library_animations>
    <animation id="mixamorig7_Hips-anim" name="mixamorig7_Hips"><source id="mixamorig7_Hips-Matrix-animation-input"><float_array id="mixamorig7_Hips-Matrix-animation-input-array" count="135">

0.000000 0.033333 0.066667 0.100000 0.133333 0.166667 0.200000 0.233333 0.266667 0.300000 0.333333 0.366667 0.400000 0.433333 0.466667 0.500000
0.533333 0.566667 0.600000 0.633333 0.666667 0.700000 0.733333 0.766667 0.800000 0.833333 0.866667 0.900000 0.933333 0.966667 1.000000 1.033333
1.066667 1.100000 1.133333 1.166667 1.200000 1.233333 1.266667 1.300000 1.333333 1.366667 1.400000 1.433333 1.466667 1.500000 1.533333 1.566667
1.600000 1.633333 1.666667 1.700000 1.733333 1.766667 1.800000 1.833333 1.866667 1.900000 1.933333 1.966667 2.000000 2.033333 2.066667 2.100000
2.133333 2.166667 2.200000 2.233333 2.266667 2.300000 2.333333 2.366667 2.400000 2.433333 2.466667 2.500000 2.533333 2.566667 2.600000 2.633333
2.666667 2.700000 2.733333 2.766667 2.800000 2.833333 2.866667 2.900000 2.933333 2.966667 3.000000 3.033333 3.066667 3.100000 3.133333 3.166667
3.200000 3.233333 3.266667 3.300000 3.333333 3.366667 3.400000 3.433333 3.466667 3.500000 3.533333 3.566667 3.600000 3.633333 3.666667 3.700000
3.733333 3.766667 3.800000 3.833333 3.866667 3.900000 3.933333 3.966667 4.000000 4.033333 4.066667 4.100000 4.133333 4.166667 4.200000 4.233333
4.266667 4.300000 4.333333 4.366667 4.400000 4.433333 4.466667</float_array><technique_common><accessor source="#mixamorig7_Hips-Matrix-animation-input-array" count="135"><param name="TIME" type="float"/></accessor></technique_common></source><source id="mixamorig7_Hips-Matrix-animation-output-transform"><float_array id="mixamorig7_Hips-Matrix-animation-output-transform-array" count="2160">

0.979260 0.050435 0.196230 -0.258739 -0.057720 0.997833 0.031581 93.675797 -0.194212 -0.042253 0.980049 -0.564732 0.000000 0.000000 0.000000 1.000000
0.978442 0.052845 0.199648 -0.270491 -0.060189 0.997709 0.030889 93.679848 -0.197558 -0.042240 0.979381 -0.516893 0.000000 0.000000 0.000000 1.000000
0.977132 0.055159 0.205354 -0.296911 -0.062570 0.997597 0.029762 93.693581 -0.203219 -0.041931 0.978235 -0.457315 0.000000 0.000000 0.000000 1.000000
0.975319 0.056571 0.213431 -0.344124 -0.063911 0.997573 0.027643 93.720818 -0.211349 -0.040601 0.976567 -0.384018 0.000000 0.000000 0.000000 1.000000
0.972794 0.056764 0.224608 -0.409640 -0.063913 0.997650 0.024683 93.768974 -0.222679 -0.038367 0.974137 -0.304720 0.000000 0.000000 0.000000 1.000000
0.969192 0.056222 0.239805 -0.486562 -0.063168 0.997774 0.021368 93.843903 -0.238070 -0.035858 0.970586 -0.229703 0.000000 0.000000 0.000000 1.000000
0.964130 0.055780 0.259505 -0.572498 -0.062596 0.997875 0.018072 93.944252 -0.257946 -0.033668 0.965573 -0.165971 0.000000 0.000000 0.000000 1.000000
0.957292 0.055844 0.283679 -0.665655 -0.062591 0.997930 0.014770 94.061928 -0.282267 -0.031895 0.958806 -0.115783 0.000000 0.000000 0.000000 1.000000
0.948477 0.056183 0.311825 -0.759872 -0.062817 0.997962 0.011262 94.188927 -0.310557 -0.030270 0.950073 -0.078094 0.000000 0.000000 0.000000 1.000000
0.937598 0.056473 0.343104 -0.852473 -0.062849 0.997995 0.007483 94.322701 -0.341993 -0.028580 0.939268 -0.052834 0.000000 0.000000 0.000000 1.000000
0.924508 0.056637 0.376932 -0.939933 -0.062393 0.998047 0.003068 94.462791 -0.376022 -0.026355 0.926236 -0.045628 0.000000 0.000000 0.000000 1.000000
0.908896 0.056794 0.413137 -1.002347 -0.061184 0.998123 -0.002607 94.610275 -0.412509 -0.022908 0.910665 -0.064268 0.000000 0.000000 0.000000 1.000000
0.890558 0.057431 0.451230 -1.015365 -0.059731 0.998172 -0.009158 94.773758 -0.450931 -0.018796 0.892361 -0.106314 0.000000 0.000000 0.000000 1.000000
0.869765 0.059434 0.489874 -0.985131 -0.059887 0.998096 -0.014764 94.964424 -0.489819 -0.016496 0.871668 -0.157675 0.000000 0.000000 0.000000 1.000000
0.847141 0.062703 0.527655 -0.942445 -0.062436 0.997880 -0.018341 95.187401 -0.527687 -0.017407 0.849260 -0.202046 0.000000 0.000000 0.000000 1.000000
0.823098 0.065871 0.564066 -0.880019 -0.065279 0.997641 -0.021247 95.428574 -0.564134 -0.019333 0.825457 -0.244101 0.000000 0.000000 0.000000 1.000000
0.797913 0.067910 0.598935 -0.761071 -0.066186 0.997496 -0.024927 95.669884 -0.599128 -0.019752 0.800410 -0.301820 0.000000 0.000000 0.000000 1.000000
0.772576 0.068518 0.631215 -0.599368 -0.065074 0.997470 -0.028627 95.885651 -0.631579 -0.018959 0.775079 -0.391243 0.000000 0.000000 0.000000 1.000000
0.748045 0.068107 0.660144 -0.405707 -0.063007 0.997515 -0.031517 96.068245 -0.660651 -0.018017 0.750477 -0.493697 0.000000 0.000000 0.000000 1.000000
0.725247 0.066891 0.685232 -0.193727 -0.060762 0.997604 -0.033075 96.217697 -0.685803 -0.017649 0.727573 -0.614673 0.000000 0.000000 0.000000 1.000000
0.704758 0.065013 0.706462 0.033878 -0.058583 0.997724 -0.033376 96.338074 -0.707025 -0.017865 0.706963 -0.766750 0.000000 0.000000 0.000000 1.000000
0.687102 0.063237 0.723804 0.277062 -0.056862 0.997830 -0.033199 96.431015 -0.724333 -0.018346 0.689206 -0.950565 0.000000 0.000000 0.000000 1.000000
0.672968 0.062584 0.737019 0.524836 -0.056262 0.997859 -0.033360 96.495743 -0.737528 -0.019016 0.675048 -1.155958 0.000000 0.000000 0.000000 1.000000
0.662723 0.063275 0.746187 0.759812 -0.057011 0.997795 -0.033977 96.536682 -0.746692 -0.020024 0.664869 -1.367676 0.000000 0.000000 0.000000 1.000000
0.655818 0.064460 0.752162 0.973290 -0.058425 0.997693 -0.034561 96.567314 -0.752655 -0.021279 0.658072 -1.567882 0.000000 0.000000 0.000000 1.000000
0.651383 0.065143 0.755948 1.162547 -0.059514 0.997625 -0.034687 96.597397 -0.756412 -0.022395 0.653712 -1.751007 0.000000 0.000000 0.000000 1.000000
0.648988 0.065214 0.757998 1.330090 -0.060006 0.997603 -0.034451 96.623428 -0.758428 -0.023126 0.651346 -1.916837 0.000000 0.000000 0.000000 1.000000
0.648818 0.065200 0.758146 1.479696 -0.060556 0.997587 -0.033968 96.635757 -0.758531 -0.023871 0.651200 -2.064947 0.000000 0.000000 0.000000 1.000000
0.651092 0.065352 0.756180 1.614003 -0.061772 0.997544 -0.033024 96.630760 -0.756481 -0.025209 0.653530 -2.196750 0.000000 0.000000 0.000000 1.000000
0.655586 0.065448 0.752279 1.732666 -0.063437 0.997489 -0.031498 96.612541 -0.752451 -0.027073 0.658091 -2.317737 0.000000 0.000000 0.000000 1.000000
0.661697 0.065174 0.746934 1.832431 -0.064923 0.997454 -0.029519 96.583496 -0.746955 -0.028960 0.664243 -2.433270 0.000000 0.000000 0.000000 1.000000
0.668862 0.064312 0.740599 1.911914 -0.065909 0.997458 -0.027092 96.536522 -0.740459 -0.030692 0.671400 -2.543451 0.000000 0.000000 0.000000 1.000000
0.677031 0.062848 0.733266 1.976722 -0.066635 0.997489 -0.023971 96.460037 -0.732932 -0.032632 0.679519 -2.643191 0.000000 0.000000 0.000000 1.000000
0.686852 0.060938 0.724238 2.036317 -0.067506 0.997520 -0.019911 96.349991 -0.723656 -0.035214 0.689262 -2.726447 0.000000 0.000000 0.000000 1.000000
0.699204 0.058436 0.712530 2.094215 -0.068275 0.997557 -0.014814 96.211815 -0.711655 -0.038290 0.701485 -2.790744 0.000000 0.000000 0.000000 1.000000
0.714494 0.054853 0.697488 2.143639 -0.068071 0.997642 -0.008727 96.050446 -0.696322 -0.041243 0.716544 -2.838707 0.000000 0.000000 0.000000 1.000000
0.732687 0.050118 0.678718 2.173637 -0.066598 0.997778 -0.001784 95.869743 -0.677300 -0.043894 0.734397 -2.875455 0.000000 0.000000 0.000000 1.000000
0.753831 0.044907 0.655533 2.179254 -0.064643 0.997891 0.005976 95.679939 -0.653881 -0.046881 0.755143 -2.905985 0.000000 0.000000 0.000000 1.000000
0.777781 0.040129 0.627253 2.161518 -0.063179 0.997897 0.014500 95.491364 -0.625352 -0.050907 0.778681 -2.931503 0.000000 0.000000 0.000000 1.000000
0.803550 0.036242 0.594133 2.118418 -0.062372 0.997776 0.023492 95.306061 -0.591961 -0.055934 0.804024 -2.945202 0.000000 0.000000 0.000000 1.000000
0.829725 0.033208 0.557184 2.040666 -0.061611 0.997578 0.032291 95.118423 -0.554762 -0.061121 0.829761 -2.931049 0.000000 0.000000 0.000000 1.000000
0.855314 0.031195 0.517169 1.927709 -0.060661 0.997350 0.040165 94.912926 -0.514546 -0.065725 0.854940 -2.878803 0.000000 0.000000 0.000000 1.000000
0.879755 0.030260 0.474463 1.793313 -0.059664 0.997110 0.047038 94.716049 -0.471668 -0.069690 0.879018 -2.787886 0.000000 0.000000 0.000000 1.000000
0.902575 0.030025 0.429484 1.644441 -0.058668 0.996837 0.053604 94.533264 -0.426517 -0.073579 0.901482 -2.661577 0.000000 0.000000 0.000000 1.000000
0.923536 0.030572 0.382292 1.480090 -0.057867 0.996513 0.060104 94.359863 -0.379122 -0.077630 0.922085 -2.508150 0.000000 0.000000 0.000000 1.000000
0.942408 0.032832 0.332850 1.302245 -0.057948 0.996148 0.065812 94.180801 -0.329407 -0.081310 0.940680 -2.332763 0.000000 0.000000 0.000000 1.000000
0.958708 0.037717 0.281881 1.127262 -0.059808 0.995740 0.070181 93.985008 -0.278033 -0.084142 0.956879 -2.136434 0.000000 0.000000 0.000000 1.000000
0.971823 0.044678 0.231439 0.971693 -0.063251 0.995290 0.073459 93.783676 -0.227067 -0.086028 0.970072 -1.923384 0.000000 0.000000 0.000000 1.000000
0.981568 0.052122 0.183870 0.829860 -0.067033 0.994865 0.075829 93.600334 -0.178973 -0.086756 0.980021 -1.701068 0.000000 0.000000 0.000000 1.000000
0.988339 0.059308 0.140242 0.680058 -0.070631 0.994512 0.077184 93.445068 -0.134895 -0.086190 0.987104 -1.467791 0.000000 0.000000 0.000000 1.000000
0.992704 0.066156 0.100803 0.509253 -0.074155 0.994209 0.077780 93.313042 -0.095074 -0.084688 0.991861 -1.213000 0.000000 0.000000 0.000000 1.000000
0.995230 0.071711 0.066145 0.322115 -0.076809 0.993986 0.078054 93.202850 -0.060150 -0.082762 0.994752 -0.939023 0.000000 0.000000 0.000000 1.000000
0.996516 0.074893 0.036707 0.128363 -0.077573 0.993926 0.078059 93.120461 -0.030638 -0.080635 0.996273 -0.666637 0.000000 0.000000 0.000000 1.000000
0.997029 0.076155 0.011596 -0.068828 -0.076828 0.994010 0.077727 93.068947 -0.005607 -0.078387 0.996907 -0.410264 0.000000 0.000000 0.000000 1.000000
0.996979 0.076900 -0.010958 -0.269070 -0.075831 0.994126 0.077228 93.044998 0.016833 -0.076164 0.996953 -0.163486 0.000000 0.000000 0.000000 1.000000
0.996439 0.078040 -0.031917 -0.469295 -0.075411 0.994206 0.076605 93.040611 0.037711 -0.073926 0.996551 0.086175 0.000000 0.000000 0.000000 1.000000
0.995524 0.079653 -0.050857 -0.666902 -0.075691 0.994263 0.075579 93.045776 0.056585 -0.071391 0.995842 0.335400 0.000000 0.000000 0.000000 1.000000
0.994419 0.081356 -0.067169 -0.865326 -0.076359 0.994339 0.073885 93.052475 0.072800 -0.068343 0.995002 0.565163 0.000000 0.000000 0.000000 1.000000
0.993272 0.082664 -0.081106 -1.071466 -0.076909 0.994457 0.071690 93.055878 0.086583 -0.064970 0.994124 0.761788 0.000000 0.000000 0.000000 1.000000
0.992133 0.083417 -0.093345 -1.286631 -0.077089 0.994601 0.069473 93.052940 0.098637 -0.061731 0.993207 0.925941 0.000000 0.000000 0.000000 1.000000
0.991004 0.084045 -0.104148 -1.504024 -0.077260 0.994719 0.067562 93.042397 0.109276 -0.058908 0.992264 1.062856 0.000000 0.000000 0.000000 1.000000
0.989927 0.085038 -0.113192 -1.716466 -0.077902 0.994771 0.066046 93.024529 0.118217 -0.056562 0.991376 1.172476 0.000000 0.000000 0.000000 1.000000
0.989040 0.086304 -0.119800 -1.922102 -0.078945 0.994765 0.064881 93.001556 0.124772 -0.054713 0.990676 1.249856 0.000000 0.000000 0.000000 1.000000
0.988513 0.087418 -0.123291 -2.122557 -0.079998 0.994744 0.063910 92.978241 0.128229 -0.053313 0.990311 1.292260 0.000000 0.000000 0.000000 1.000000
0.988410 0.088142 -0.123600 -2.318201 -0.080841 0.994741 0.062894 92.960335 0.128493 -0.052173 0.990337 1.304750 0.000000 0.000000 0.000000 1.000000
0.988637 0.088520 -0.121497 -2.505562 -0.081495 0.994766 0.061635 92.950142 0.126317 -0.051033 0.990676 1.296080 0.000000 0.000000 0.000000 1.000000
0.989047 0.088685 -0.117991 -2.678932 -0.082038 0.994818 0.060055 92.946434 0.122705 -0.049718 0.991197 1.271861 0.000000 0.000000 0.000000 1.000000
0.989541 0.088700 -0.113758 -2.834249 -0.082486 0.994890 0.058223 92.947571 0.118341 -0.048230 0.991801 1.233315 0.000000 0.000000 0.000000 1.000000
0.990062 0.088550 -0.109252 -2.971922 -0.082774 0.994975 0.056326 92.951775 0.113691 -0.046723 0.992417 1.181405 0.000000 0.000000 0.000000 1.000000
0.990558 0.088222 -0.104939 -3.095363 -0.082842 0.995067 0.054573 92.955994 0.109236 -0.045365 0.992980 1.120979 0.000000 0.000000 0.000000 1.000000
0.990994 0.087897 -0.101021 -3.206001 -0.082848 0.995145 0.053136 92.958130 0.105201 -0.044288 0.993464 1.058968 0.000000 0.000000 0.000000 1.000000
0.991400 0.087707 -0.097131 -3.304058 -0.082941 0.995193 0.052076 92.959602 0.101231 -0.043572 0.993908 0.999364 0.000000 0.000000 0.000000 1.000000
0.991822 0.087786 -0.092647 -3.393501 -0.083292 0.995203 0.051307 92.963860 0.096706 -0.043171 0.994376 0.943965 0.000000 0.000000 0.000000 1.000000
0.992281 0.088087 -0.087291 -3.483007 -0.083889 0.995187 0.050646 92.971581 0.091332 -0.042932 0.994895 0.896052 0.000000 0.000000 0.000000 1.000000
0.992774 0.088360 -0.081187 -3.579012 -0.084480 0.995167 0.050051 92.980171 0.085218 -0.042831 0.995441 0.856520 0.000000 0.000000 0.000000 1.000000
0.993289 0.088368 -0.074619 -3.680394 -0.084822 0.995169 0.049429 92.988419 0.078626 -0.042768 0.995986 0.819538 0.000000 0.000000 0.000000 1.000000
0.993797 0.088190 -0.067751 -3.782166 -0.085012 0.995202 0.048435 92.999496 0.071698 -0.042375 0.996526 0.778110 0.000000 0.000000 0.000000 1.000000
0.994275 0.088029 -0.060559 -3.881537 -0.085278 0.995267 0.046603 93.018494 0.064375 -0.041172 0.997076 0.732212 0.000000 0.000000 0.000000 1.000000
0.994704 0.087936 -0.053203 -3.980529 -0.085637 0.995352 0.044055 93.044838 0.056830 -0.039266 0.997611 0.686011 0.000000 0.000000 0.000000 1.000000
0.995079 0.087718 -0.046073 -4.083617 -0.085836 0.995451 0.041358 93.072327 0.049491 -0.037200 0.998082 0.640031 0.000000 0.000000 0.000000 1.000000
0.995412 0.087308 -0.039151 -4.190825 -0.085794 0.995556 0.038821 93.096436 0.042366 -0.035284 0.998479 0.591081 0.000000 0.000000 0.000000 1.000000
0.995707 0.086896 -0.031891 -4.297844 -0.085730 0.995658 0.036266 93.117302 0.034904 -0.033376 0.998833 0.540567 0.000000 0.000000 0.000000 1.000000
0.995960 0.086537 -0.023976 -4.402312 -0.085718 0.995762 0.033325 93.135498 0.026759 -0.031135 0.999157 0.497160 0.000000 0.000000 0.000000 1.000000
0.996135 0.086446 -0.015567 -4.501928 -0.085955 0.995851 0.029874 93.151138 0.018085 -0.028420 0.999432 0.468644 0.000000 0.000000 0.000000 1.000000
0.996241 0.086345 -0.006943 -4.596048 -0.086136 0.995939 0.026204 93.168709 0.009178 -0.025507 0.999633 0.455815 0.000000 0.000000 0.000000 1.000000
0.996283 0.086123 0.001753 -4.682898 -0.086141 0.996025 0.022675 93.196548 0.000207 -0.022742 0.999741 0.456472 0.000000 0.000000 0.000000 1.000000
0.996229 0.086126 0.010441 -4.759480 -0.086316 0.996080 0.019333 93.238770 -0.008735 -0.020162 0.999759 0.471876 0.000000 0.000000 0.000000 1.000000
0.996058 0.086647 0.018979 -4.823208 -0.086955 0.996083 0.016045 93.290817 -0.017514 -0.017632 0.999691 0.503390 0.000000 0.000000 0.000000 1.000000
0.995797 0.087466 0.027173 -4.873576 -0.087835 0.996054 0.012732 93.344940 -0.025952 -0.015066 0.999550 0.547546 0.000000 0.000000 0.000000 1.000000
0.995482 0.088356 0.034768 -4.910189 -0.088729 0.996012 0.009323 93.396698 -0.033805 -0.012366 0.999352 0.600797 0.000000 0.000000 0.000000 1.000000
0.995122 0.089467 0.041562 -4.931192 -0.089782 0.995945 0.005774 93.446198 -0.040877 -0.009478 0.999119 0.663413 0.000000 0.000000 0.000000 1.000000
0.994742 0.090714 0.047541 -4.936515 -0.090920 0.995856 0.002185 93.496140 -0.047146 -0.006496 0.998867 0.734188 0.000000 0.000000 0.000000 1.000000
0.994401 0.091488 0.052874 -4.931543 -0.091550 0.995800 -0.001253 93.549881 -0.052767 -0.003594 0.998600 0.806482 0.000000 0.000000 0.000000 1.000000
0.994119 0.091430 0.058027 -4.925253 -0.091331 0.995811 -0.004369 93.609375 -0.058183 -0.000957 0.998305 0.870023 0.000000 0.000000 0.000000 1.000000
0.993813 0.091034 0.063621 -4.923570 -0.090765 0.995847 -0.007111 93.671608 -0.064005 0.001293 0.997949 0.915355 0.000000 0.000000 0.000000 1.000000
0.993398 0.090993 0.069862 -4.923145 -0.090544 0.995846 -0.009574 93.728493 -0.070443 0.003185 0.997511 0.937892 0.000000 0.000000 0.000000 1.000000
0.992892 0.091325 0.076322 -4.912765 -0.090685 0.995809 -0.011822 93.772728 -0.077081 0.004817 0.997013 0.937356 0.000000 0.000000 0.000000 1.000000
0.992379 0.091644 0.082373 -4.885533 -0.090814 0.995773 -0.013779 93.800995 -0.083287 0.006193 0.996506 0.912669 0.000000 0.000000 0.000000 1.000000
0.991930 0.091723 0.087531 -4.845026 -0.090725 0.995758 -0.015316 93.813881 -0.088564 0.007251 0.996044 0.864182 0.000000 0.000000 0.000000 1.000000
0.991589 0.091498 0.091536 -4.797937 -0.090377 0.995774 -0.016329 93.814034 -0.092643 0.007919 0.995668 0.795365 0.000000 0.000000 0.000000 1.000000
0.991368 0.090911 0.094467 -4.747167 -0.089729 0.995826 -0.016700 93.805328 -0.095591 0.008079 0.995388 0.710728 0.000000 0.000000 0.000000 1.000000
0.991237 0.089926 0.096759 -4.690484 -0.088754 0.995919 -0.016356 93.794388 -0.097835 0.007625 0.995173 0.614691 0.000000 0.000000 0.000000 1.000000
0.991135 0.088611 0.098994 -4.623193 -0.087514 0.996045 -0.015375 93.789047 -0.099964 0.006575 0.994969 0.511079 0.000000 0.000000 0.000000 1.000000
0.991004 0.087216 0.101506 -4.543757 -0.086243 0.996177 -0.013945 93.791534 -0.102334 0.005065 0.994737 0.403542 0.000000 0.000000 0.000000 1.000000
0.990840 0.085961 0.104149 -4.456446 -0.085146 0.996293 -0.012258 93.795654 -0.104817 0.003278 0.994486 0.295742 0.000000 0.000000 0.000000 1.000000
0.990699 0.084728 0.106470 -4.367095 -0.084098 0.996403 -0.010401 93.792862 -0.106968 0.001350 0.994262 0.189338 0.000000 0.000000 0.000000 1.000000
0.990653 0.083278 0.108034 -4.278523 -0.082872 0.996526 -0.008252 93.778992 -0.108346 -0.000778 0.994113 0.084093 0.000000 0.000000 0.000000 1.000000
0.990716 0.081638 0.108709 -4.189149 -0.081511 0.996657 -0.005617 93.755707 -0.108804 -0.003296 0.994058 -0.018974 0.000000 0.000000 0.000000 1.000000
0.990849 0.080044 0.108677 -4.096303 -0.080246 0.996772 -0.002518 93.728249 -0.108528 -0.006226 0.994074 -0.116255 0.000000 0.000000 0.000000 1.000000
0.991015 0.078681 0.108164 -4.001047 -0.079225 0.996856 0.000732 93.700912 -0.107766 -0.009295 0.994133 -0.205135 0.000000 0.000000 0.000000 1.000000
0.991192 0.077558 0.107346 -3.907274 -0.078422 0.996913 0.003848 93.675514 -0.106716 -0.012232 0.994214 -0.285956 0.000000 0.000000 0.000000 1.000000
0.991362 0.076536 0.106503 -3.817655 -0.077713 0.996952 0.006935 93.654541 -0.105648 -0.015152 0.994288 -0.358840 0.000000 0.000000 0.000000 1.000000
0.991486 0.075536 0.106068 -3.731821 -0.077048 0.996975 0.010218 93.641006 -0.104975 -0.018304 0.994306 -0.422190 0.000000 0.000000 0.000000 1.000000
0.991510 0.074718 0.106424 -3.648349 -0.076592 0.996969 0.013621 93.633987 -0.105084 -0.021657 0.994228 -0.477320 0.000000 0.000000 0.000000 1.000000
0.991389 0.074220 0.107881 -3.560557 -0.076472 0.996929 0.016882 93.629990 -0.106297 -0.024987 0.994020 -0.525671 0.000000 0.000000 0.000000 1.000000
0.991130 0.073791 0.110525 -3.460726 -0.076443 0.996874 0.019947 93.626305 -0.108707 -0.028219 0.993673 -0.570359 0.000000 0.000000 0.000000 1.000000
0.990779 0.073149 0.114042 -3.346866 -0.076231 0.996827 0.022899 93.622742 -0.112005 -0.031381 0.993212 -0.614955 0.000000 0.000000 0.000000 1.000000
0.990404 0.072249 0.117814 -3.220419 -0.075765 0.996796 0.025640 93.620827 -0.115584 -0.034320 0.992705 -0.657230 0.000000 0.000000 0.000000 1.000000
0.990084 0.071222 0.121086 -3.083667 -0.075134 0.996779 0.028049 93.620010 -0.118698 -0.036868 0.992246 -0.694006 0.000000 0.000000 0.000000 1.000000
0.989869 0.070085 0.123483 -2.936284 -0.074344 0.996775 0.030221 93.617920 -0.120967 -0.039095 0.991886 -0.725136 0.000000 0.000000 0.000000 1.000000
0.989722 0.068805 0.125367 -2.775575 -0.073401 0.996776 0.032409 93.614281 -0.122733 -0.041278 0.991581 -0.753549 0.000000 0.000000 0.000000 1.000000
0.989540 0.067502 0.127495 -2.599780 -0.072474 0.996765 0.034757 93.611778 -0.124736 -0.043634 0.991230 -0.780424 0.000000 0.000000 0.000000 1.000000
0.989238 0.066277 0.130447 -2.411772 -0.071670 0.996739 0.037084 93.611801 -0.127564 -0.046034 0.990761 -0.802584 0.000000 0.000000 0.000000 1.000000
0.988795 0.064874 0.134448 -2.218704 -0.070703 0.996733 0.039036 93.613319 -0.131477 -0.048104 0.990151 -0.816896 0.000000 0.000000 0.000000 1.000000
0.988214 0.063017 0.139509 -2.026148 -0.069268 0.996779 0.040410 93.615410 -0.136513 -0.049597 0.989396 -0.823580 0.000000 0.000000 0.000000 1.000000
0.987480 0.060880 0.145522 -1.833142 -0.067537 0.996864 0.041241 93.617966 -0.142555 -0.050553 0.988495 -0.824830 0.000000 0.000000 0.000000 1.000000
0.986599 0.058852 0.152178 -1.635773 -0.065896 0.996956 0.041663 93.619362 -0.149263 -0.051133 0.987475 -0.823092 0.000000 0.000000 0.000000 1.000000
0.985635 0.057150 0.158926 -1.435068 -0.064545 0.997041 0.041758 93.617302 -0.156069 -0.051416 0.986407 -0.819212 0.000000 0.000000 0.000000 1.000000
0.984669 0.055763 0.165278 -1.236538 -0.063433 0.997123 0.041493 93.613464 -0.162489 -0.051341 0.985374 -0.811109 0.000000 0.000000 0.000000 1.000000
0.983723 0.054594 0.171200 -1.044168 -0.062435 0.997217 0.040752 93.612869 -0.168498 -0.050777 0.984393 -0.795970 0.000000 0.000000 0.000000 1.000000
0.982746 0.053586 0.177026 -0.858597 -0.061485 0.997329 0.039436 93.618324 -0.174440 -0.049640 0.983416 -0.772927 0.000000 0.000000 0.000000 1.000000
0.981715 0.052704 0.182916 -0.679336 -0.060553 0.997457 0.037594 93.628220 -0.180469 -0.047983 0.982410 -0.742067 0.000000 0.000000 0.000000 1.000000
0.980676 0.051902 0.188630 -0.506923 -0.059616 0.997592 0.035454 93.640259 -0.186335 -0.046014 0.981408 -0.703124 0.000000 0.000000 0.000000 1.000000
0.979696 0.051144 0.193857 -0.342304 -0.058668 0.997723 0.033267 93.652641 -0.191714 -0.043965 0.980466 -0.657039 0.000000 0.000000 0.000000 1.000000
0.979260 0.050484 0.196218 -0.258323 -0.057722 0.997841 0.031343 93.675980 -0.194212 -0.042019 0.980059 -0.563548 0.000000 0.000000 0.000000 1.000000</float_array><technique_common><accessor source="#mixamorig7_Hips-Matrix-animation-output-transform-array" count="135" stride="16"><param type="float4x4"/></accessor></technique_common></source><source id="mixamorig7_Hips-Interpolations"><Name_array id="mixamorig7_Hips-Interpolations-array" count="135">
 LINEAR LINEAR LINEAR LINEAR LINEAR LINEAR LINEAR LINEAR LINEAR LINEAR LINEAR
LINEAR LINEAR LINEAR LINEAR LINEAR LINEAR LINEAR LINEAR LINEAR LINEAR LINEAR LINEAR
LINEAR LINEAR LINEAR LINEAR LINEAR LINEAR LINEAR LINEAR LINEAR LINEAR LINEAR LINEAR
LINEAR LINEAR LINEAR LINEAR LINEAR LINEAR LINEAR LINEAR LINEAR LINEAR LINEAR LINEAR
LINEAR LINEAR LINEAR LINEAR LINEAR LINEAR LINEAR LINEAR LINEAR LINEAR LINEAR LINEAR
LINEAR LINEAR LINEAR LINEAR LINEAR LINEAR LINEAR LINEAR LINEAR LINEAR LINEAR LINEAR
LINEAR LINEAR LINEAR LINEAR LINEAR LINEAR LINEAR LINEAR LINEAR LINEAR LINEAR LINEAR
LINEAR LINEAR LINEAR LINEAR LINEAR LINEAR LINEAR LINEAR LINEAR LINEAR LINEAR LINEAR
LINEAR LINEAR LINEAR LINEAR LINEAR LINEAR LINEAR LINEAR LINEAR LINEAR LINEAR LINEAR
LINEAR LINEAR LINEAR LINEAR LINEAR LINEAR LINEAR LINEAR LINEAR LINEAR LINEAR LINEAR
LINEAR LINEAR LINEAR LINEAR LINEAR LINEAR LINEAR LINEAR LINEAR LINEAR LINEAR LINEAR
LINEAR LINEAR LINEAR LINEAR</Name_array><technique_common><accessor source="#mixamorig7_Hips-Interpolations-array" count="135"><param type="name"/></accessor></technique_common></source><sampler id="mixamorig7_Hips-Matrix-animation-transform"><input semantic="INPUT" source="#mixamorig7_Hips-Matrix-animation-input"/><input semantic="OUTPUT" source="#mixamorig7_Hips-Matrix-animation-output-transform"/><input semantic="INTERPOLATION" source="#mixamorig7_Hips-Interpolations"/></sampler><channel source="#mixamorig7_Hips-Matrix-animation-transform" target="mixamorig7_Hips/matrix"/></animation>
    <animation id="mixamorig7_Spine-anim" name="mixamorig7_Spine"><source id="mixamorig7_Spine-Matrix-animation-input"><float_array id="mixamorig7_Spine-Matrix-animation-input-array" count="135">

0.000000 0.033333 0.066667 0.100000 0.133333 0.166667 0.200000 0.233333 0.266667 0.300000 0.333333 0.366667 0.400000 0.433333 0.466667 0.500000
0.533333 0.566667 0.600000 0.633333 0.666667 0.700000 0.733333 0.766667 0.800000 0.833333 0.866667 0.900000 0.933333 0.966667 1.000000 1.033333
1.066667 1.100000 1.133333 1.166667 1.200000 1.233333 1.266667 1.300000 1.333333 1.366667 1.400000 1.433333 1.466667 1.500000 1.533333 1.566667
1.600000 1.633333 1.666667 1.700000 1.733333 1.766667 1.800000 1.833333 1.866667 1.900000 1.933333 1.966667 2.000000 2.033333 2.066667 2.100000
2.133333 2.166667 2.200000 2.233333 2.266667 2.300000 2.333333 2.366667 2.400000 2.433333 2.466667 2.500000 2.533333 2.566667 2.600000 2.633333
2.666667 2.700000 2.733333 2.766667 2.800000 2.833333 2.866667 2.900000 2.933333 2.966667 3.000000 3.033333 3.066667 3.100000 3.133333 3.166667
3.200000 3.233333 3.266667 3.300000 3.333333 3.366667 3.400000 3.433333 3.466667 3.500000 3.533333 3.566667 3.600000 3.633333 3.666667 3.700000
3.733333 3.766667 3.800000 3.833333 3.866667 3.900000 3.933333 3.966667 4.000000 4.033333 4.066667 4.100000 4.133333 4.166667 4.200000 4.233333
4.266667 4.300000 4.333333 4.366667 4.400000 4.433333 4.466667</float_array><technique_common><accessor source="#mixamorig7_Spine-Matrix-animation-input-array" count="135"><param name="TIME" type="float"/></accessor></technique_common></source><source id="mixamorig7_Spine-Matrix-animation-output-transform"><float_array id="mixamorig7_Spine-Matrix-animation-output-transform-array" count="2160">

0.999696 -0.020926 0.013050 0.000000 0.020918 0.999781 0.000759 9.694400 -0.013063 -0.000486 0.999915 -1.109700 0.000000 0.000000 0.000000 1.000000
0.999686 -0.021757 0.012393 0.000000 0.021755 0.999763 0.000263 9.694400 -0.012396 0.000007 0.999923 -1.109700 0.000000 0.000000 0.000000 1.000000
0.999669 -0.022895 0.011713 -0.000000 0.022900 0.999738 -0.000263 9.694400 -0.011704 0.000531 0.999931 -1.109700 0.000000 0.000000 0.000000 1.000000
0.999643 -0.024163 0.011387 0.000000 0.024171 0.999708 -0.000608 9.694400 -0.011369 0.000883 0.999935 -1.109700 0.000000 0.000000 0.000000 1.000000
0.999611 -0.025334 0.011664 0.000000 0.025344 0.999679 -0.000748 9.694400 -0.011641 0.001043 0.999932 -1.109700 0.000000 0.000000 0.000000 1.000000
0.999575 -0.026298 0.012573 0.000000 0.026310 0.999653 -0.000810 9.694400 -0.012548 0.001141 0.999921 -1.109700 0.000000 0.000000 0.000000 1.000000
0.999534 -0.027128 0.013975 0.000000 0.027143 0.999631 -0.000890 9.694400 -0.013945 0.001269 0.999902 -1.109700 0.000000 0.000000 0.000000 1.000000
0.999486 -0.027947 0.015686 0.000000 0.027966 0.999608 -0.000974 9.694400 -0.015653 0.001413 0.999876 -1.109700 0.000000 0.000000 0.000000 1.000000
0.999431 -0.028731 0.017684 0.000000 0.028753 0.999586 -0.001002 9.694400 -0.017648 0.001510 0.999843 -1.109700 0.000000 0.000000 0.000000 1.000000
0.999371 -0.029236 0.020092 0.000000 0.029259 0.999572 -0.000849 9.694400 -0.020059 0.001436 0.999798 -1.109700 0.000000 0.000000 0.000000 1.000000
0.999314 -0.029079 0.022919 -0.000000 0.029094 0.999577 -0.000288 9.694400 -0.022901 0.000955 0.999737 -1.109700 0.000000 0.000000 0.000000 1.000000
0.999267 -0.028221 0.025864 0.000000 0.028211 0.999602 0.000769 9.694400 -0.025875 -0.000038 0.999665 -1.109700 0.000000 0.000000 0.000000 1.000000
0.999221 -0.027276 0.028522 0.000000 0.027229 0.999627 0.002042 9.694400 -0.028567 -0.001264 0.999591 -1.109700 0.000000 0.000000 0.000000 1.000000
0.999158 -0.027087 0.030815 0.000000 0.027003 0.999630 0.003113 9.694400 -0.030888 -0.002278 0.999520 -1.109700 0.000000 0.000000 0.000000 1.000000
0.999071 -0.027778 0.032946 0.000000 0.027664 0.999610 0.003911 9.694400 -0.033042 -0.002996 0.999449 -1.109700 0.000000 0.000000 0.000000 1.000000
0.998979 -0.028612 0.034973 -0.000000 0.028461 0.999583 0.004812 9.694400 -0.035096 -0.003812 0.999377 -1.109700 0.000000 0.000000 0.000000 1.000000
0.998901 -0.028941 0.036870 0.000000 0.028736 0.999569 0.006081 9.694400 -0.037030 -0.005015 0.999302 -1.109700 0.000000 0.000000 0.000000 1.000000
0.998833 -0.028669 0.038869 -0.000000 0.028398 0.999568 0.007515 9.694400 -0.039068 -0.006402 0.999216 -1.109700 0.000000 0.000000 0.000000 1.000000
0.998761 -0.028146 0.041035 0.000000 0.027807 0.999575 0.008803 9.694400 -0.041265 -0.007651 0.999119 -1.109700 0.000000 0.000000 0.000000 1.000000
0.998682 -0.027600 0.043272 -0.000000 0.027203 0.999583 0.009724 9.694400 -0.043522 -0.008534 0.999016 -1.109700 0.000000 0.000000 0.000000 1.000000
0.998601 -0.027089 0.045409 -0.000000 0.026647 0.999592 0.010316 9.694400 -0.045670 -0.009092 0.998915 -1.109700 0.000000 0.000000 0.000000 1.000000
0.998523 -0.026576 0.047390 0.000000 0.026093 0.999601 0.010795 9.694400 -0.047658 -0.009543 0.998818 -1.109700 0.000000 0.000000 0.000000 1.000000
0.998447 -0.026026 0.049265 0.000000 0.025502 0.999612 0.011235 9.694400 -0.049538 -0.009962 0.998723 -1.109700 0.000000 0.000000 0.000000 1.000000
0.998372 -0.025471 0.051031 -0.000000 0.024912 0.999623 0.011555 9.694400 -0.051306 -0.010265 0.998630 -1.109700 0.000000 0.000000 0.000000 1.000000
0.998306 -0.024935 0.052577 0.000000 0.024348 0.999634 0.011762 9.694400 -0.052851 -0.010462 0.998548 -1.109700 0.000000 0.000000 0.000000 1.000000
0.998253 -0.024368 0.053826 0.000000 0.023758 0.999646 0.011946 9.694400 -0.054098 -0.010647 0.998479 -1.109700 0.000000 0.000000 0.000000 1.000000
0.998216 -0.023717 0.054787 -0.000000 0.023083 0.999659 0.012173 9.694400 -0.055057 -0.010887 0.998424 -1.109700 0.000000 0.000000 0.000000 1.000000
0.998192 -0.023051 0.055507 -0.000000 0.022397 0.999672 0.012381 9.694400 -0.055774 -0.011115 0.998382 -1.109700 0.000000 0.000000 0.000000 1.000000
0.998178 -0.022501 0.055994 0.000000 0.021835 0.999684 0.012469 9.694400 -0.056257 -0.011224 0.998353 -1.109700 0.000000 0.000000 0.000000 1.000000
0.998176 -0.022062 0.056187 -0.000000 0.021393 0.999693 0.012485 9.694400 -0.056445 -0.011261 0.998342 -1.109700 0.000000 0.000000 0.000000 1.000000
0.998197 -0.021618 0.055994 -0.000000 0.020952 0.999703 0.012449 9.694400 -0.056247 -0.011253 0.998353 -1.109700 0.000000 0.000000 0.000000 1.000000
0.998242 -0.021165 0.055370 0.000000 0.020511 0.999713 0.012362 9.694400 -0.055616 -0.011205 0.998389 -1.109700 0.000000 0.000000 0.000000 1.000000
0.998296 -0.020922 0.054472 -0.000000 0.020284 0.999719 0.012255 9.694400 -0.054713 -0.011129 0.998440 -1.109700 0.000000 0.000000 0.000000 1.000000
0.998339 -0.020924 0.053675 0.000000 0.020301 0.999720 0.012136 9.694400 -0.053914 -0.011026 0.998485 -1.109700 0.000000 0.000000 0.000000 1.000000
0.998364 -0.020750 0.053282 -0.000000 0.020144 0.999726 0.011891 9.694400 -0.053514 -0.010798 0.998509 -1.109700 0.000000 0.000000 0.000000 1.000000
0.998384 -0.019817 0.053259 0.000000 0.019234 0.999750 0.011429 9.694400 -0.053472 -0.010386 0.998515 -1.109700 0.000000 0.000000 0.000000 1.000000
0.998412 -0.018061 0.053360 -0.000000 0.017509 0.999789 0.010784 9.694400 -0.053544 -0.009833 0.998517 -1.109700 0.000000 0.000000 0.000000 1.000000
0.998449 -0.015846 0.053365 0.000000 0.015333 0.999832 0.010003 9.694400 -0.053514 -0.009169 0.998525 -1.109700 0.000000 0.000000 0.000000 1.000000
0.998496 -0.013466 0.053141 -0.000000 0.013005 0.999875 0.009016 9.694400 -0.053256 -0.008312 0.998546 -1.109700 0.000000 0.000000 0.000000 1.000000
0.998562 -0.011005 0.052475 0.000000 0.010613 0.999914 0.007737 9.694400 -0.052556 -0.007169 0.998592 -1.109700 0.000000 0.000000 0.000000 1.000000
0.998657 -0.008485 0.051102 0.000000 0.008172 0.999947 0.006333 9.694400 -0.051153 -0.005907 0.998673 -1.109700 0.000000 0.000000 0.000000 1.000000
0.998785 -0.006195 0.048883 0.000000 0.005953 0.999969 0.005099 9.694400 -0.048913 -0.004802 0.998792 -1.109700 0.000000 0.000000 0.000000 1.000000
0.998940 -0.004451 0.045812 -0.000000 0.004271 0.999983 0.004024 9.694400 -0.045830 -0.003824 0.998942 -1.109700 0.000000 0.000000 0.000000 1.000000
0.999114 -0.003225 0.041956 -0.000000 0.003104 0.999991 0.002946 9.694400 -0.041965 -0.002813 0.999115 -1.109700 0.000000 0.000000 0.000000 1.000000
0.999295 -0.002551 0.037464 0.000000 0.002484 0.999995 0.001853 9.694400 -0.037468 -0.001758 0.999296 -1.109700 0.000000 0.000000 0.000000 1.000000
0.999470 -0.002836 0.032420 0.000000 0.002804 0.999996 0.001018 9.694400 -0.032423 -0.000927 0.999474 -1.109700 0.000000 0.000000 0.000000 1.000000
0.999626 -0.004343 0.026994 0.000000 0.004324 0.999990 0.000747 9.694400 -0.026997 -0.000630 0.999635 -1.109700 0.000000 0.000000 0.000000 1.000000
0.999746 -0.006637 0.021520 -0.000000 0.006618 0.999978 0.000982 9.694400 -0.021526 -0.000839 0.999768 -1.109700 0.000000 0.000000 0.000000 1.000000
0.999827 -0.009017 0.016285 0.000000 0.008996 0.999959 0.001323 9.694400 -0.016297 -0.001176 0.999867 -1.109700 0.000000 0.000000 0.000000 1.000000
0.999871 -0.011293 0.011421 0.000000 0.011277 0.999935 0.001504 9.694400 -0.011437 -0.001375 0.999934 -1.109700 0.000000 0.000000 0.000000 1.000000
0.999883 -0.013620 0.006966 0.000000 0.013609 0.999906 0.001667 9.694400 -0.006988 -0.001572 0.999974 -1.109700 0.000000 0.000000 0.000000 1.000000
0.999869 -0.015932 0.002926 0.000000 0.015926 0.999871 0.001956 9.694400 -0.002957 -0.001909 0.999994 -1.109700 0.000000 0.000000 0.000000 1.000000
0.999836 -0.018087 -0.000698 0.000000 0.018089 0.999834 0.002253 9.694400 0.000657 -0.002265 0.999997 -1.109700 0.000000 0.000000 0.000000 1.000000
0.999788 -0.020221 -0.003899 0.000000 0.020231 0.999792 0.002514 9.694400 0.003847 -0.002592 0.999989 -1.109700 0.000000 0.000000 0.000000 1.000000
0.999729 -0.022350 -0.006538 0.000000 0.022368 0.999746 0.002750 9.694400 0.006475 -0.002896 0.999975 -1.109700 0.000000 0.000000 0.000000 1.000000
0.999669 -0.024294 -0.008482 0.000000 0.024319 0.999700 0.002933 9.694400 0.008408 -0.003139 0.999960 -1.109700 0.000000 0.000000 0.000000 1.000000
0.999612 -0.026042 -0.009845 0.000000 0.026075 0.999655 0.003163 9.694400 0.009759 -0.003419 0.999947 -1.109700 0.000000 0.000000 0.000000 1.000000
0.999560 -0.027631 -0.010809 0.000000 0.027671 0.999611 0.003578 9.694400 0.010706 -0.003876 0.999935 -1.109700 0.000000 0.000000 0.000000 1.000000
0.999517 -0.028932 -0.011384 0.000000 0.028981 0.999571 0.004134 9.694400 0.011259 -0.004462 0.999927 -1.109700 0.000000 0.000000 0.000000 1.000000
0.999489 -0.029832 -0.011507 0.000000 0.029887 0.999543 0.004623 9.694400 0.011364 -0.004965 0.999923 -1.109700 0.000000 0.000000 0.000000 1.000000
0.999473 -0.030449 -0.011229 0.000000 0.030505 0.999523 0.004855 9.694400 0.011076 -0.005195 0.999925 -1.109700 0.000000 0.000000 0.000000 1.000000
0.999463 -0.030982 -0.010714 0.000000 0.031035 0.999507 0.004818 9.694400 0.010559 -0.005147 0.999931 -1.109700 0.000000 0.000000 0.000000 1.000000
0.999451 -0.031543 -0.010182 -0.000000 0.031591 0.999490 0.004600 9.694400 0.010032 -0.004919 0.999938 -1.109700 0.000000 0.000000 0.000000 1.000000
0.999438 -0.032063 -0.009757 -0.000000 0.032106 0.999475 0.004296 9.694400 0.009615 -0.004606 0.999943 -1.109700 0.000000 0.000000 0.000000 1.000000
0.999430 -0.032428 -0.009425 0.000000 0.032466 0.999465 0.003923 9.694400 0.009292 -0.004227 0.999948 -1.109700 0.000000 0.000000 0.000000 1.000000
0.999428 -0.032560 -0.009093 0.000000 0.032593 0.999463 0.003511 9.694400 0.008974 -0.003805 0.999952 -1.109700 0.000000 0.000000 0.000000 1.000000
0.999434 -0.032478 -0.008713 0.000000 0.032506 0.999467 0.003141 9.694400 0.008607 -0.003423 0.999957 -1.109700 0.000000 0.000000 0.000000 1.000000
0.999446 -0.032247 -0.008285 0.000000 0.032271 0.999475 0.002871 9.694400 0.008188 -0.003137 0.999962 -1.109700 0.000000 0.000000 0.000000 1.000000
0.999460 -0.031910 -0.007814 0.000000 0.031932 0.999487 0.002620 9.694400 0.007727 -0.002869 0.999966 -1.109700 0.000000 0.000000 0.000000 1.000000
0.999477 -0.031527 -0.007265 0.000000 0.031544 0.999500 0.002280 9.694400 0.007190 -0.002508 0.999971 -1.109700 0.000000 0.000000 0.000000 1.000000
0.999492 -0.031192 -0.006555 -0.000000 0.031205 0.999511 0.001874 9.694400 0.006493 -0.002077 0.999977 -1.109700 0.000000 0.000000 0.000000 1.000000
0.999505 -0.030950 -0.005657 -0.000000 0.030958 0.999520 0.001494 9.694400 0.005608 -0.001668 0.999983 -1.109700 0.000000 0.000000 0.000000 1.000000
0.999516 -0.030759 -0.004659 0.000000 0.030764 0.999526 0.001153 9.694400 0.004621 -0.001296 0.999988 -1.109700 0.000000 0.000000 0.000000 1.000000
0.999526 -0.030572 -0.003659 0.000000 0.030575 0.999532 0.000790 9.694400 0.003633 -0.000902 0.999993 -1.109700 0.000000 0.000000 0.000000 1.000000
0.999535 -0.030375 -0.002725 0.000000 0.030376 0.999538 0.000337 9.694400 0.002713 -0.000419 0.999996 -1.109700 0.000000 0.000000 0.000000 1.000000
0.999541 -0.030232 -0.001909 0.000000 0.030232 0.999543 -0.000198 9.694400 0.001914 0.000141 0.999998 -1.109700 0.000000 0.000000 0.000000 1.000000
0.999540 -0.030296 -0.001187 0.000000 0.030295 0.999541 -0.000668 9.694400 0.001207 0.000632 0.999999 -1.109700 0.000000 0.000000 0.000000 1.000000
0.999531 -0.030620 -0.000426 0.000000 0.030620 0.999531 -0.000943 9.694400 0.000455 0.000930 0.999999 -1.109700 0.000000 0.000000 0.000000 1.000000
0.999516 -0.031096 0.000563 0.000000 0.031097 0.999516 -0.001108 9.694400 -0.000528 0.001125 0.999999 -1.109700 0.000000 0.000000 0.000000 1.000000
0.999503 -0.031474 0.001894 0.000000 0.031476 0.999504 -0.001375 9.694400 -0.001850 0.001434 0.999997 -1.109700 0.000000 0.000000 0.000000 1.000000
0.999497 -0.031530 0.003498 0.000000 0.031536 0.999501 -0.001800 9.694400 -0.003440 0.001909 0.999992 -1.109700 0.000000 0.000000 0.000000 1.000000
0.999498 -0.031261 0.005182 0.000000 0.031273 0.999508 -0.002230 9.694400 -0.005109 0.002391 0.999984 -1.109700 0.000000 0.000000 0.000000 1.000000
0.999502 -0.030809 0.006818 0.000000 0.030827 0.999522 -0.002496 9.694400 -0.006738 0.002705 0.999974 -1.109700 0.000000 0.000000 0.000000 1.000000
0.999507 -0.030254 0.008432 -0.000000 0.030277 0.999538 -0.002607 9.694400 -0.008349 0.002861 0.999961 -1.109700 0.000000 0.000000 0.000000 1.000000
0.999512 -0.029551 0.010086 0.000000 0.029580 0.999559 -0.002726 9.694400 -0.010001 0.003023 0.999945 -1.109700 0.000000 0.000000 0.000000 1.000000
0.999519 -0.028704 0.011766 0.000000 0.028741 0.999582 -0.002968 9.694400 -0.011676 0.003305 0.999926 -1.109700 0.000000 0.000000 0.000000 1.000000
0.999524 -0.027800 0.013346 -0.000000 0.027847 0.999607 -0.003308 9.694400 -0.013249 0.003678 0.999905 -1.109700 0.000000 0.000000 0.000000 1.000000
0.999531 -0.026931 0.014599 0.000000 0.026987 0.999629 -0.003652 9.694400 -0.014495 0.004044 0.999887 -1.109700 0.000000 0.000000 0.000000 1.000000
0.999538 -0.026239 0.015355 -0.000000 0.026302 0.999646 -0.003891 9.694400 -0.015248 0.004293 0.999875 -1.109700 0.000000 0.000000 0.000000 1.000000
0.999541 -0.025919 0.015708 0.000000 0.025983 0.999655 -0.003899 9.694400 -0.015602 0.004305 0.999869 -1.109700 0.000000 0.000000 0.000000 1.000000
0.999537 -0.025942 0.015918 -0.000000 0.026004 0.999655 -0.003706 9.694400 -0.015816 0.004118 0.999866 -1.109700 0.000000 0.000000 0.000000 1.000000
0.999531 -0.026017 0.016138 0.000000 0.026076 0.999654 -0.003435 9.694400 -0.016043 0.003854 0.999864 -1.109700 0.000000 0.000000 0.000000 1.000000
0.999531 -0.025905 0.016357 0.000000 0.025961 0.999658 -0.003202 9.694400 -0.016268 0.003625 0.999861 -1.109700 0.000000 0.000000 0.000000 1.000000
0.999537 -0.025573 0.016489 0.000000 0.025626 0.999667 -0.003027 9.694400 -0.016406 0.003448 0.999859 -1.109700 0.000000 0.000000 0.000000 1.000000
