<?xml version="1.0" encoding="utf-8"?>
<COLLADA xmlns="http://www.collada.org/2005/11/COLLADASchema" version="1.4.1">
  <asset><contributor><author>Mixamo</author><authoring_tool>COLLADA Mixamo exporter</authoring_tool><comments></comments></contributor><created>2020-05-19T15:56:04Z</created><modified>2020-05-19T15:56:04Z</modified><revision></revision><title></title><unit meter="0.010000"/><up_axis>Y_UP</up_axis></asset>
  <library_animations>
    <animation id="mixamorig_Hips-anim" name="mixamorig_Hips"><source id="mixamorig_Hips-Matrix-animation-input"><float_array id="mixamorig_Hips-Matrix-animation-input-array" count="189">

0.000000 0.033333 0.066667 0.100000 0.133333 0.166667 0.200000 0.233333 0.266667 0.300000 0.333333 0.366667 0.400000 0.433333 0.466667 0.500000
0.533333 0.566667 0.600000 0.633333 0.666667 0.700000 0.733333 0.766667 0.800000 0.833333 0.866667 0.900000 0.933333 0.966667 1.000000 1.033333
1.066667 1.100000 1.133333 1.166667 1.200000 1.233333 1.266667 1.300000 1.333333 1.366667 1.400000 1.433333 1.466667 1.500000 1.533333 1.566667
1.600000 1.633333 1.666667 1.700000 1.733333 1.766667 1.800000 1.833333 1.866667 1.900000 1.933333 1.966667 2.000000 2.033333 2.066667 2.100000
2.133333 2.166667 2.200000 2.233333 2.266667 2.300000 2.333333 2.366667 2.400000 2.433333 2.466667 2.500000 2.533333 2.566667 2.600000 2.633333
2.666667 2.700000 2.733333 2.766667 2.800000 2.833333 2.866667 2.900000 2.933333 2.966667 3.000000 3.033333 3.066667 3.100000 3.133333 3.166667
3.200000 3.233333 3.266667 3.300000 3.333333 3.366667 3.400000 3.433333 3.466667 3.500000 3.533333 3.566667 3.600000 3.633333 3.666667 3.700000
3.733333 3.766667 3.800000 3.833333 3.866667 3.900000 3.933333 3.966667 4.000000 4.033333 4.066667 4.100000 4.133333 4.166667 4.200000 4.233333
4.266667 4.300000 4.333333 4.366667 4.400000 4.433333 4.466667 4.500000 4.533333 4.566667 4.600000 4.633333 4.666667 4.700000 4.733333 4.766667
4.800000 4.833333 4.866667 4.900000 4.933333 4.966667 5.000000 5.033333 5.066667 5.100000 5.133333 5.166667 5.200000 5.233333 5.266667 5.300000
5.333333 5.366667 5.400000 5.433333 5.466667 5.500000 5.533333 5.566667 5.600000 5.633333 5.666667 5.700000 5.733333 5.766667 5.800000 5.833333
5.866667 5.900000 5.933333 5.966667 6.000000 6.033333 6.066667 6.100000 6.133333 6.166667 6.200000 6.233333 6.266667</float_array><technique_common><accessor source="#mixamorig_Hips-Matrix-animation-input-array" count="189"><param name="TIME" type="float"/></accessor></technique_common></source><source id="mixamorig_Hips-Matrix-animation-output-transform"><float_array id="mixamorig_Hips-Matrix-animation-output-transform-array" count="3024">

0.988464 -0.005254 -0.151367 0.023837 0.016185 0.997339 0.071078 101.442841 0.150591 -0.072708 0.985919 -0.609352 0.000000 0.000000 0.000000 1.000000
0.988461 -0.005448 -0.151378 0.018049 0.016378 0.997338 0.071051 101.427834 0.150588 -0.072710 0.985919 -0.642537 0.000000 0.000000 0.000000 1.000000
0.988464 -0.005617 -0.151349 0.013138 0.016533 0.997342 0.070964 101.417168 0.150548 -0.072648 0.985930 -0.671718 0.000000 0.000000 0.000000 1.000000
0.988469 -0.005733 -0.151314 0.007621 0.016620 0.997353 0.070785 101.410820 0.150508 -0.072483 0.985948 -0.696868 0.000000 0.000000 0.000000 1.000000
0.988476 -0.005848 -0.151266 0.002078 0.016699 0.997367 0.070568 101.408180 0.150455 -0.072281 0.985971 -0.719562 0.000000 0.000000 0.000000 1.000000
0.988486 -0.005987 -0.151196 -0.002740 0.016805 0.997379 0.070377 101.406693 0.150379 -0.072108 0.985995 -0.741268 0.000000 0.000000 0.000000 1.000000
0.988488 -0.006104 -0.151178 -0.007480 0.016902 0.997387 0.070242 101.401886 0.150354 -0.071988 0.986008 -0.762987 0.000000 0.000000 0.000000 1.000000
0.988467 -0.006197 -0.151309 -0.012579 0.016997 0.997389 0.070192 101.391296 0.150479 -0.071954 0.985991 -0.785493 0.000000 0.000000 0.000000 1.000000
0.988426 -0.006338 -0.151571 -0.016799 0.017172 0.997379 0.070281 101.377739 0.150728 -0.072070 0.985945 -0.808349 0.000000 0.000000 0.000000 1.000000
0.988380 -0.006563 -0.151863 -0.019121 0.017457 0.997358 0.070515 101.366394 0.150999 -0.072347 0.985883 -0.829912 0.000000 0.000000 0.000000 1.000000
0.988341 -0.006840 -0.152101 -0.021024 0.017786 0.997337 0.070722 101.357941 0.151212 -0.072603 0.985832 -0.850506 0.000000 0.000000 0.000000 1.000000
0.988330 -0.007171 -0.152158 -0.026073 0.018105 0.997341 0.070596 101.349030 0.151247 -0.072527 0.985832 -0.874715 0.000000 0.000000 0.000000 1.000000
0.988360 -0.007478 -0.151952 -0.038558 0.018329 0.997369 0.070140 101.339645 0.151028 -0.072109 0.985896 -0.905059 0.000000 0.000000 0.000000 1.000000
0.988396 -0.007613 -0.151705 -0.057374 0.018427 0.997376 0.070007 101.334740 0.150774 -0.071991 0.985943 -0.930144 0.000000 0.000000 0.000000 1.000000
0.988387 -0.007918 -0.151753 -0.070042 0.018826 0.997329 0.070576 101.335571 0.150789 -0.072613 0.985896 -0.936179 0.000000 0.000000 0.000000 1.000000
0.988396 -0.009404 -0.151610 -0.064659 0.020246 0.997332 0.070131 101.324562 0.150546 -0.072387 0.985949 -0.962544 0.000000 0.000000 0.000000 1.000000
0.988666 -0.012054 -0.149649 -0.060969 0.022049 0.997621 0.065314 101.259178 0.148506 -0.067873 0.986580 -1.135595 0.000000 0.000000 0.000000 1.000000
0.989278 -0.013134 -0.145454 -0.098381 0.021441 0.998218 0.055692 101.085823 0.144464 -0.058213 0.987796 -1.565822 0.000000 0.000000 0.000000 1.000000
0.989699 -0.009462 -0.142849 -0.152259 0.016244 0.998791 0.046387 100.754425 0.142237 -0.048230 0.988657 -2.181995 0.000000 0.000000 0.000000 1.000000
0.988923 -0.001844 -0.148416 -0.118795 0.008163 0.999085 0.041976 100.292450 0.148203 -0.042723 0.988034 -2.751362 0.000000 0.000000 0.000000 1.000000
0.986164 0.006709 -0.165637 0.065869 0.000083 0.999161 0.040964 99.794769 0.165772 -0.040411 0.985336 -3.102113 0.000000 0.000000 0.000000 1.000000
0.981608 0.014923 -0.190324 0.367213 -0.007357 0.999157 0.040397 99.308968 0.190767 -0.038254 0.980890 -3.246042 0.000000 0.000000 0.000000 1.000000
0.976910 0.022590 -0.212456 0.709185 -0.014219 0.999064 0.040848 98.876541 0.213179 -0.036884 0.976317 -3.304249 0.000000 0.000000 0.000000 1.000000
0.973979 0.028415 -0.224848 1.073597 -0.018910 0.998839 0.044315 98.587219 0.225846 -0.038910 0.973386 -3.329159 0.000000 0.000000 0.000000 1.000000
0.972911 0.032314 -0.228910 1.479910 -0.021413 0.998522 0.049947 98.444756 0.230186 -0.043692 0.972165 -3.287408 0.000000 0.000000 0.000000 1.000000
0.972439 0.035821 -0.230390 1.912369 -0.023714 0.998199 0.055110 98.433929 0.231949 -0.048128 0.971537 -3.155402 0.000000 0.000000 0.000000 1.000000
0.971787 0.040107 -0.232426 2.315549 -0.027021 0.997879 0.059215 98.565804 0.234308 -0.051264 0.970810 -2.967307 0.000000 0.000000 0.000000 1.000000
0.970987 0.044545 -0.234946 2.669665 -0.030517 0.997546 0.063013 98.827248 0.237177 -0.054015 0.969964 -2.758744 0.000000 0.000000 0.000000 1.000000
0.970159 0.047922 -0.237688 3.002611 -0.033022 0.997255 0.066279 99.159103 0.240212 -0.056452 0.969078 -2.539098 0.000000 0.000000 0.000000 1.000000
0.969247 0.050156 -0.240925 3.336431 -0.034562 0.997051 0.068522 99.499123 0.243652 -0.058088 0.968122 -2.311759 0.000000 0.000000 0.000000 1.000000
0.968305 0.052181 -0.244259 3.663127 -0.036031 0.996887 0.070128 99.812027 0.247158 -0.059104 0.967171 -2.084995 0.000000 0.000000 0.000000 1.000000
0.967580 0.054731 -0.246564 3.966206 -0.038064 0.996688 0.071869 100.090439 0.249681 -0.060153 0.966458 -1.867309 0.000000 0.000000 0.000000 1.000000
0.967284 0.057671 -0.247055 4.242099 -0.040466 0.996425 0.074163 100.342743 0.250449 -0.061739 0.966159 -1.666043 0.000000 0.000000 0.000000 1.000000
0.967385 0.060185 -0.246058 4.498158 -0.042450 0.996145 0.076764 100.568115 0.249729 -0.063815 0.966211 -1.489538 0.000000 0.000000 0.000000 1.000000
0.967616 0.061648 -0.244783 4.742267 -0.043478 0.995930 0.078955 100.759346 0.248654 -0.065756 0.966358 -1.346126 0.000000 0.000000 0.000000 1.000000
0.967811 0.062223 -0.243865 4.977004 -0.043802 0.995812 0.080251 100.890160 0.247837 -0.066986 0.966483 -1.242816 0.000000 0.000000 0.000000 1.000000
0.968300 0.062506 -0.241845 5.214016 -0.044091 0.995753 0.080824 100.938698 0.245870 -0.067598 0.966943 -1.187055 0.000000 0.000000 0.000000 1.000000
0.969681 0.062783 -0.236170 5.484317 -0.044747 0.995711 0.080973 100.914978 0.240240 -0.067950 0.968332 -1.192346 0.000000 0.000000 0.000000 1.000000
0.972023 0.062512 -0.226416 5.812308 -0.045400 0.995759 0.080017 100.848518 0.230458 -0.067499 0.970738 -1.281402 0.000000 0.000000 0.000000 1.000000
0.974701 0.060657 -0.215126 6.173338 -0.045078 0.996042 0.076605 100.738182 0.218921 -0.064970 0.973577 -1.478016 0.000000 0.000000 0.000000 1.000000
0.977342 0.056856 -0.203888 6.494167 -0.043124 0.996531 0.071175 100.542641 0.207227 -0.060769 0.976404 -1.788605 0.000000 0.000000 0.000000 1.000000
0.980371 0.051413 -0.190338 6.697194 -0.039378 0.997010 0.066483 100.233101 0.193187 -0.057683 0.979465 -2.187298 0.000000 0.000000 0.000000 1.000000
0.984331 0.044228 -0.170695 6.732329 -0.033682 0.997369 0.064188 99.848389 0.173085 -0.057433 0.983231 -2.618811 0.000000 0.000000 0.000000 1.000000
0.989010 0.035054 -0.143633 6.574995 -0.026202 0.997665 0.063068 99.467499 0.145509 -0.058611 0.987619 -3.029814 0.000000 0.000000 0.000000 1.000000
0.993535 0.024626 -0.110824 6.218187 -0.017897 0.997958 0.061315 99.143311 0.112107 -0.058935 0.991947 -3.405217 0.000000 0.000000 0.000000 1.000000
0.997022 0.014036 -0.075835 5.678453 -0.009622 0.998255 0.058254 98.888023 0.076520 -0.057351 0.995417 -3.770968 0.000000 0.000000 0.000000 1.000000
0.999033 0.003900 -0.043799 5.008376 -0.001524 0.998531 0.054157 98.684387 0.043946 -0.054038 0.997571 -4.168557 0.000000 0.000000 0.000000 1.000000
0.999793 -0.005327 -0.019653 4.285272 0.006300 0.998740 0.049789 98.517036 0.019363 -0.049902 0.998566 -4.610994 0.000000 0.000000 0.000000 1.000000
0.999910 -0.012621 -0.004615 3.571505 0.012819 0.998875 0.045665 98.381958 0.004033 -0.045720 0.998946 -5.051372 0.000000 0.000000 0.000000 1.000000
0.999838 -0.017472 0.004285 2.889132 0.017278 0.998975 0.041841 98.277489 -0.005012 -0.041760 0.999115 -5.417535 0.000000 0.000000 0.000000 1.000000
0.999727 -0.020795 0.010622 2.248311 0.020367 0.999035 0.038910 98.217560 -0.011421 -0.038683 0.999186 -5.671895 0.000000 0.000000 0.000000 1.000000
0.999590 -0.023854 0.015827 1.677841 0.023237 0.999005 0.038076 98.229446 -0.016720 -0.037693 0.999149 -5.811758 0.000000 0.000000 0.000000 1.000000
0.999442 -0.026906 0.019800 1.205750 0.026107 0.998876 0.039565 98.337372 -0.020843 -0.039026 0.999021 -5.840466 0.000000 0.000000 0.000000 1.000000
0.999315 -0.029354 0.022529 0.835452 0.028382 0.998702 0.042289 98.541756 -0.023742 -0.041620 0.998851 -5.762177 0.000000 0.000000 0.000000 1.000000
0.999230 -0.030850 0.024251 0.552505 0.029735 0.998540 0.045086 98.818901 -0.025607 -0.044330 0.998689 -5.591334 0.000000 0.000000 0.000000 1.000000
0.999188 -0.031595 0.025017 0.339227 0.030387 0.998419 0.047286 99.145729 -0.026471 -0.046487 0.998568 -5.350962 0.000000 0.000000 0.000000 1.000000
0.999179 -0.031799 0.025102 0.179322 0.030551 0.998348 0.048652 99.506073 -0.026608 -0.047845 0.998500 -5.065526 0.000000 0.000000 0.000000 1.000000
0.999185 -0.031450 0.025318 0.058866 0.030168 0.998318 0.049515 99.871277 -0.026833 -0.048711 0.998452 -4.761311 0.000000 0.000000 0.000000 1.000000
0.999200 -0.030445 0.025951 -0.032392 0.029107 0.998302 0.050460 100.197098 -0.027443 -0.049664 0.998389 -4.471030 0.000000 0.000000 0.000000 1.000000
0.999245 -0.028763 0.026104 -0.103063 0.027386 0.998290 0.051648 100.466743 -0.027545 -0.050894 0.998324 -4.224703 0.000000 0.000000 0.000000 1.000000
0.999339 -0.026540 0.024834 -0.154611 0.025202 0.998293 0.052690 100.684181 -0.026190 -0.052029 0.998302 -4.030004 0.000000 0.000000 0.000000 1.000000
0.999460 -0.024215 0.022224 -0.184898 0.023009 0.998329 0.053016 100.857475 -0.023471 -0.052476 0.998346 -3.875033 0.000000 0.000000 0.000000 1.000000
0.999566 -0.022440 0.019079 -0.197792 0.021412 0.998392 0.052494 100.983383 -0.020226 -0.052063 0.998439 -3.751131 0.000000 0.000000 0.000000 1.000000
0.999642 -0.021406 0.016022 -0.204368 0.020549 0.998441 0.051896 101.042984 -0.017108 -0.051548 0.998524 -3.667133 0.000000 0.000000 0.000000 1.000000
0.999703 -0.020484 0.013216 -0.214034 0.019764 0.998425 0.052506 101.012543 -0.014271 -0.052229 0.998533 -3.642800 0.000000 0.000000 0.000000 1.000000
0.999767 -0.018796 0.010616 -0.228907 0.018185 0.998320 0.055014 100.885742 -0.011632 -0.054809 0.998429 -3.691316 0.000000 0.000000 0.000000 1.000000
0.999848 -0.015427 0.008103 -0.248579 0.014925 0.998158 0.058803 100.689255 -0.008995 -0.058673 0.998237 -3.807110 0.000000 0.000000 0.000000 1.000000
0.999939 -0.009196 0.006062 -0.273701 0.008800 0.998007 0.062490 100.472229 -0.006625 -0.062432 0.998027 -3.963369 0.000000 0.000000 0.000000 1.000000
0.999982 0.000520 0.005945 -0.294902 -0.000906 0.997887 0.064973 100.279282 -0.005898 -0.064977 0.997869 -4.123091 0.000000 0.000000 0.000000 1.000000
0.999885 0.012551 0.008562 -0.283256 -0.013088 0.997742 0.065872 100.136169 -0.007716 -0.065976 0.997791 -4.265805 0.000000 0.000000 0.000000 1.000000
0.999630 0.024514 0.011791 -0.206238 -0.025236 0.997528 0.065575 100.036911 -0.010155 -0.065848 0.997778 -4.394260 0.000000 0.000000 0.000000 1.000000
0.999347 0.034160 0.011809 -0.053288 -0.034856 0.997281 0.064925 99.954384 -0.009559 -0.065294 0.997820 -4.514934 0.000000 0.000000 0.000000 1.000000
0.999160 0.040415 0.006808 0.158371 -0.040770 0.997081 0.064550 99.870682 -0.004180 -0.064773 0.997891 -4.625037 0.000000 0.000000 0.000000 1.000000
0.999042 0.043735 -0.001590 0.403205 -0.043541 0.996966 0.064514 99.786652 0.004407 -0.064383 0.997916 -4.719746 0.000000 0.000000 0.000000 1.000000
0.998912 0.045469 -0.010325 0.661538 -0.044713 0.996924 0.064372 99.708481 0.013220 -0.063841 0.997873 -4.798890 0.000000 0.000000 0.000000 1.000000
0.998747 0.047001 -0.017197 0.923185 -0.045818 0.996919 0.063669 99.636353 0.020137 -0.062801 0.997823 -4.861616 0.000000 0.000000 0.000000 1.000000
0.998558 0.049119 -0.021659 1.181369 -0.047683 0.996906 0.062482 99.568398 0.024661 -0.061359 0.997811 -4.904861 0.000000 0.000000 0.000000 1.000000
0.998356 0.051838 -0.024447 1.431299 -0.050261 0.996857 0.061245 99.505722 0.027545 -0.059916 0.997823 -4.929512 0.000000 0.000000 0.000000 1.000000
0.998137 0.054829 -0.026773 1.671874 -0.053138 0.996769 0.060241 99.447830 0.029989 -0.058706 0.997825 -4.938518 0.000000 0.000000 0.000000 1.000000
0.997888 0.057880 -0.029478 1.903653 -0.056051 0.996654 0.059493 99.391640 0.032823 -0.057716 0.997793 -4.931693 0.000000 0.000000 0.000000 1.000000
0.997604 0.060952 -0.032723 2.127291 -0.058951 0.996517 0.058985 99.338837 0.036204 -0.056914 0.997722 -4.909220 0.000000 0.000000 0.000000 1.000000
0.997286 0.064031 -0.036335 2.344386 -0.061828 0.996351 0.058838 99.294411 0.039970 -0.056432 0.997606 -4.874847 0.000000 0.000000 0.000000 1.000000
0.996939 0.067063 -0.040185 2.558510 -0.064625 0.996154 0.059164 99.256393 0.043998 -0.056386 0.997439 -4.834415 0.000000 0.000000 0.000000 1.000000
0.996567 0.070048 -0.044139 2.773039 -0.067356 0.995937 0.059767 99.222069 0.048146 -0.056589 0.997236 -4.791641 0.000000 0.000000 0.000000 1.000000
0.996176 0.072951 -0.048088 2.989020 -0.070006 0.995721 0.060317 99.198395 0.052283 -0.056720 0.997020 -4.746584 0.000000 0.000000 0.000000 1.000000
0.995788 0.075512 -0.052008 3.203655 -0.072325 0.995536 0.060647 99.198723 0.056355 -0.056630 0.996803 -4.697133 0.000000 0.000000 0.000000 1.000000
0.995441 0.077379 -0.055769 3.411737 -0.073982 0.995417 0.060598 99.232498 0.060203 -0.056196 0.996603 -4.640557 0.000000 0.000000 0.000000 1.000000
0.995166 0.078443 -0.059082 3.608314 -0.074902 0.995388 0.059939 99.300194 0.063512 -0.055224 0.996452 -4.572633 0.000000 0.000000 0.000000 1.000000
0.994970 0.078865 -0.061768 3.791050 -0.075260 0.995437 0.058668 99.394653 0.066113 -0.053724 0.996365 -4.488904 0.000000 0.000000 0.000000 1.000000
0.994820 0.078964 -0.064015 3.961314 -0.075338 0.995515 0.057217 99.504646 0.068246 -0.052098 0.996307 -4.388996 0.000000 0.000000 0.000000 1.000000
0.994659 0.079161 -0.066238 4.121138 -0.075495 0.995565 0.056141 99.617371 0.070388 -0.050840 0.996223 -4.277763 0.000000 0.000000 0.000000 1.000000
0.994450 0.079737 -0.068637 4.269366 -0.075990 0.995558 0.055578 99.722076 0.072764 -0.050053 0.996092 -4.163116 0.000000 0.000000 0.000000 1.000000
0.994208 0.080597 -0.071099 4.403203 -0.076752 0.995518 0.055249 99.814072 0.075234 -0.049472 0.995938 -4.051755 0.000000 0.000000 0.000000 1.000000
0.993967 0.081370 -0.073543 4.522558 -0.077433 0.995486 0.054886 99.893196 0.077677 -0.048860 0.995781 -3.945945 0.000000 0.000000 0.000000 1.000000
0.993745 0.081843 -0.075977 4.630528 -0.077823 0.995479 0.054447 99.959259 0.080090 -0.048193 0.995622 -3.846601 0.000000 0.000000 0.000000 1.000000
0.993534 0.082197 -0.078321 4.731126 -0.078096 0.995479 0.054062 100.011574 0.082411 -0.047596 0.995461 -3.755236 0.000000 0.000000 0.000000 1.000000
0.993326 0.082656 -0.080442 4.827911 -0.078471 0.995460 0.053862 100.047127 0.084529 -0.047190 0.995303 -3.672210 0.000000 0.000000 0.000000 1.000000
0.993130 0.083191 -0.082291 4.925894 -0.078927 0.995428 0.053788 100.067894 0.086389 -0.046924 0.995156 -3.597272 0.000000 0.000000 0.000000 1.000000
0.992948 0.083634 -0.084020 5.029696 -0.079305 0.995408 0.053612 100.081467 0.088118 -0.046570 0.995021 -3.530507 0.000000 0.000000 0.000000 1.000000
0.992760 0.083889 -0.085963 5.140659 -0.079508 0.995414 0.053193 100.093979 0.090031 -0.045973 0.994877 -3.469413 0.000000 0.000000 0.000000 1.000000
0.992548 0.083905 -0.088363 5.258012 -0.079461 0.995446 0.052665 100.105774 0.092380 -0.045251 0.994695 -3.409078 0.000000 0.000000 0.000000 1.000000
0.992321 0.083611 -0.091152 5.380383 -0.079083 0.995500 0.052205 100.117104 0.095107 -0.044596 0.994468 -3.347717 0.000000 0.000000 0.000000 1.000000
0.992091 0.083207 -0.093976 5.506176 -0.078593 0.995561 0.051783 100.132027 0.097867 -0.043988 0.994227 -3.288341 0.000000 0.000000 0.000000 1.000000
0.991853 0.083138 -0.096515 5.634613 -0.078468 0.995600 0.051214 100.153168 0.100348 -0.043223 0.994013 -3.233128 0.000000 0.000000 0.000000 1.000000
0.991590 0.083580 -0.098811 5.767867 -0.078902 0.995610 0.050343 100.181641 0.102585 -0.042123 0.993832 -3.181261 0.000000 0.000000 0.000000 1.000000
0.991290 0.084271 -0.101201 5.909639 -0.079621 0.995613 0.049146 100.218063 0.104899 -0.040660 0.993651 -3.131763 0.000000 0.000000 0.000000 1.000000
0.990960 0.085000 -0.103791 6.061070 -0.080391 0.995616 0.047816 100.263840 0.107400 -0.039040 0.993449 -3.080752 0.000000 0.000000 0.000000 1.000000
0.990627 0.085917 -0.106193 6.218865 -0.081344 0.995592 0.046677 100.314163 0.109736 -0.037601 0.993249 -3.024347 0.000000 0.000000 0.000000 1.000000
0.990308 0.087066 -0.108211 6.378454 -0.082532 0.995540 0.045708 100.358315 0.111708 -0.036334 0.993077 -2.967323 0.000000 0.000000 0.000000 1.000000
0.990011 0.087998 -0.110159 6.539790 -0.083528 0.995509 0.044562 100.386826 0.113586 -0.034915 0.992915 -2.920768 0.000000 0.000000 0.000000 1.000000
0.989753 0.088408 -0.112127 6.709776 -0.084021 0.995524 0.043278 100.401237 0.115451 -0.033413 0.992751 -2.884232 0.000000 0.000000 0.000000 1.000000
0.989547 0.088419 -0.113926 6.894832 -0.084100 0.995564 0.042186 100.411003 0.117151 -0.032164 0.992593 -2.846461 0.000000 0.000000 0.000000 1.000000
0.989368 0.088299 -0.115558 7.094647 -0.084029 0.995606 0.041325 100.423416 0.118699 -0.031175 0.992441 -2.800947 0.000000 0.000000 0.000000 1.000000
0.989172 0.088213 -0.117294 7.306138 -0.083996 0.995645 0.040437 100.441139 0.120351 -0.030147 0.992274 -2.751200 0.000000 0.000000 0.000000 1.000000
0.988928 0.088055 -0.119452 7.530199 -0.083903 0.995696 0.039361 100.464897 0.122404 -0.028903 0.992059 -2.702823 0.000000 0.000000 0.000000 1.000000
0.988631 0.087591 -0.122216 7.770682 -0.083502 0.995775 0.038192 100.494499 0.125045 -0.027552 0.991768 -2.656332 0.000000 0.000000 0.000000 1.000000
0.988286 0.086758 -0.125557 8.029624 -0.082717 0.995884 0.037055 100.529343 0.128255 -0.026235 0.991394 -2.608644 0.000000 0.000000 0.000000 1.000000
0.987883 0.085809 -0.129321 8.305994 -0.081822 0.996002 0.035850 100.569839 0.131881 -0.024834 0.990954 -2.558074 0.000000 0.000000 0.000000 1.000000
0.987391 0.085139 -0.133455 8.596706 -0.081238 0.996100 0.034412 100.617096 0.135865 -0.023136 0.990457 -2.505856 0.000000 0.000000 0.000000 1.000000
0.986820 0.084691 -0.137890 8.900898 -0.080904 0.996180 0.032847 100.670326 0.140145 -0.021258 0.989903 -2.453716 0.000000 0.000000 0.000000 1.000000
0.986276 0.083752 -0.142286 9.221792 -0.080058 0.996292 0.031502 100.727295 0.144397 -0.019679 0.989324 -2.401788 0.000000 0.000000 0.000000 1.000000
0.985886 0.081779 -0.146085 9.558424 -0.078130 0.996475 0.030551 100.784035 0.148069 -0.018706 0.988800 -2.349649 0.000000 0.000000 0.000000 1.000000
0.985653 0.079421 -0.148928 9.896128 -0.075807 0.996677 0.029800 100.837898 0.150800 -0.018082 0.988399 -2.296171 0.000000 0.000000 0.000000 1.000000
0.985476 0.077761 -0.150965 10.212248 -0.074212 0.996821 0.029008 100.884193 0.152741 -0.017383 0.988113 -2.240616 0.000000 0.000000 0.000000 1.000000
0.985312 0.076700 -0.152569 10.501803 -0.073244 0.996917 0.028154 100.928146 0.154258 -0.016565 0.987892 -2.183181 0.000000 0.000000 0.000000 1.000000
0.985178 0.075621 -0.153964 10.774920 -0.072259 0.997012 0.027323 100.981483 0.155570 -0.015792 0.987699 -2.127386 0.000000 0.000000 0.000000 1.000000
0.985071 0.074670 -0.155113 11.037834 -0.071396 0.997094 0.026583 101.050339 0.156647 -0.015111 0.987539 -2.077543 0.000000 0.000000 0.000000 1.000000
0.984963 0.074239 -0.156001 11.287081 -0.071046 0.997135 0.025952 101.129730 0.157480 -0.014479 0.987416 -2.033897 0.000000 0.000000 0.000000 1.000000
0.984822 0.074138 -0.156936 11.517464 -0.071009 0.997151 0.025455 101.210289 0.158376 -0.013924 0.987281 -1.992795 0.000000 0.000000 0.000000 1.000000
0.984617 0.073837 -0.158356 11.728060 -0.070737 0.997178 0.025130 101.287567 0.159765 -0.013542 0.987062 -1.951781 0.000000 0.000000 0.000000 1.000000
0.984335 0.073156 -0.160416 11.919594 -0.070029 0.997230 0.025068 101.358978 0.161805 -0.013441 0.986731 -1.911849 0.000000 0.000000 0.000000 1.000000
0.983985 0.072315 -0.162923 12.093293 -0.069081 0.997287 0.025432 101.420738 0.164320 -0.013770 0.986311 -1.875346 0.000000 0.000000 0.000000 1.000000
0.983572 0.071511 -0.165748 12.253326 -0.068088 0.997334 0.026250 101.473366 0.167183 -0.014534 0.985819 -1.844998 0.000000 0.000000 0.000000 1.000000
0.983048 0.070903 -0.169083 12.402575 -0.067252 0.997364 0.027231 101.521774 0.170568 -0.015398 0.985226 -1.825960 0.000000 0.000000 0.000000 1.000000
0.982364 0.070772 -0.173066 12.534927 -0.066921 0.997365 0.027996 101.567062 0.174592 -0.015921 0.984512 -1.827321 0.000000 0.000000 0.000000 1.000000
0.981555 0.071320 -0.177377 12.633805 -0.067333 0.997326 0.028406 101.597420 0.178928 -0.015939 0.983733 -1.854115 0.000000 0.000000 0.000000 1.000000
0.980750 0.072107 -0.181469 12.679004 -0.068067 0.997277 0.028398 101.593849 0.183022 -0.015499 0.982987 -1.896763 0.000000 0.000000 0.000000 1.000000
0.980116 0.072085 -0.184870 12.656828 -0.068083 0.997289 0.027911 101.552345 0.186381 -0.014769 0.982367 -1.936190 0.000000 0.000000 0.000000 1.000000
0.979794 0.070499 -0.187172 12.561731 -0.066555 0.997410 0.027279 101.488785 0.188611 -0.014271 0.981948 -1.960654 0.000000 0.000000 0.000000 1.000000
0.979820 0.067462 -0.188151 12.388158 -0.063445 0.997612 0.027299 101.419022 0.189544 -0.014810 0.981761 -1.969466 0.000000 0.000000 0.000000 1.000000
0.980123 0.063458 -0.187966 12.131728 -0.059125 0.997841 0.028578 101.356003 0.189374 -0.016896 0.981760 -1.962244 0.000000 0.000000 0.000000 1.000000
0.980618 0.058833 -0.186888 11.796587 -0.053990 0.998063 0.030905 101.321564 0.188344 -0.020216 0.981895 -1.933887 0.000000 0.000000 0.000000 1.000000
0.981257 0.053938 -0.185000 11.390637 -0.048587 0.998262 0.033339 101.333710 0.186476 -0.023725 0.982173 -1.880896 0.000000 0.000000 0.000000 1.000000
0.982002 0.049223 -0.182343 10.916680 -0.043578 0.998442 0.034842 101.389954 0.183774 -0.026268 0.982617 -1.807150 0.000000 0.000000 0.000000 1.000000
0.982849 0.044926 -0.178855 10.373288 -0.039287 0.998617 0.034951 101.477173 0.180178 -0.027325 0.983254 -1.720786 0.000000 0.000000 0.000000 1.000000
0.983913 0.040730 -0.173942 9.760937 -0.035345 0.998799 0.033944 101.583519 0.175116 -0.027250 0.984171 -1.630588 0.000000 0.000000 0.000000 1.000000
0.985345 0.036151 -0.166697 9.087389 -0.031163 0.998988 0.032442 101.692230 0.167701 -0.026772 0.985474 -1.545295 0.000000 0.000000 0.000000 1.000000
0.987104 0.031166 -0.157016 8.367296 -0.026610 0.999164 0.031038 101.781242 0.157852 -0.026459 0.987108 -1.472346 0.000000 0.000000 0.000000 1.000000
0.988915 0.026146 -0.146165 7.618814 -0.021942 0.999300 0.030302 101.840408 0.146855 -0.026759 0.988796 -1.414932 0.000000 0.000000 0.000000 1.000000
0.990487 0.021352 -0.135937 6.856848 -0.017346 0.999381 0.030592 101.883537 0.136506 -0.027943 0.990245 -1.369216 0.000000 0.000000 0.000000 1.000000
0.991701 0.016720 -0.127474 6.084285 -0.012798 0.999421 0.031525 101.934662 0.127927 -0.029632 0.991341 -1.327180 0.000000 0.000000 0.000000 1.000000
0.992592 0.012137 -0.120889 5.295235 -0.008296 0.999446 0.032227 102.003571 0.121213 -0.030985 0.992143 -1.283753 0.000000 0.000000 0.000000 1.000000
0.993235 0.007557 -0.115877 4.489360 -0.003854 0.999476 0.032153 102.087463 0.116059 -0.031489 0.992743 -1.238389 0.000000 0.000000 0.000000 1.000000
0.993662 0.002769 -0.112373 3.680674 0.000759 0.999508 0.031340 102.174019 0.112404 -0.031227 0.993172 -1.190809 0.000000 0.000000 0.000000 1.000000
0.993893 -0.002303 -0.110322 2.888522 0.005654 0.999532 0.030068 102.259155 0.110201 -0.030508 0.993441 -1.137874 0.000000 0.000000 0.000000 1.000000
0.994009 -0.007209 -0.109062 2.131626 0.010395 0.999535 0.028674 102.337601 0.108804 -0.029636 0.993621 -1.077957 0.000000 0.000000 0.000000 1.000000
0.994113 -0.011382 -0.107747 1.429622 0.014446 0.999512 0.027700 102.406357 0.107380 -0.029093 0.993792 -1.012358 0.000000 0.000000 0.000000 1.000000
0.994214 -0.014447 -0.106443 0.798688 0.017492 0.999462 0.027730 102.470810 0.105985 -0.029432 0.993932 -0.938078 0.000000 0.000000 0.000000 1.000000
0.994243 -0.016579 -0.105863 0.246109 0.019717 0.999394 0.028670 102.537575 0.105323 -0.030593 0.993967 -0.848430 0.000000 0.000000 0.000000 1.000000
0.994175 -0.018273 -0.106214 -0.224844 0.021550 0.999324 0.029784 102.605568 0.105598 -0.031900 0.993897 -0.741064 0.000000 0.000000 0.000000 1.000000
0.994061 -0.019687 -0.107024 -0.612289 0.023097 0.999261 0.030722 102.662567 0.106340 -0.033012 0.993782 -0.620870 0.000000 0.000000 0.000000 1.000000
0.993958 -0.020564 -0.107819 -0.915423 0.024128 0.999201 0.031862 102.699738 0.107078 -0.034271 0.993660 -0.494835 0.000000 0.000000 0.000000 1.000000
0.993874 -0.020770 -0.108551 -1.141386 0.024546 0.999135 0.033566 102.719025 0.107760 -0.036025 0.993524 -0.370822 0.000000 0.000000 0.000000 1.000000
0.993791 -0.020537 -0.109354 -1.302370 0.024570 0.999062 0.035670 102.725121 0.108519 -0.038135 0.993363 -0.257554 0.000000 0.000000 0.000000 1.000000
0.993709 -0.020176 -0.110157 -1.409503 0.024469 0.998987 0.037759 102.719337 0.109284 -0.040217 0.993197 -0.160106 0.000000 0.000000 0.000000 1.000000
0.993638 -0.019812 -0.110862 -1.473722 0.024338 0.998918 0.039618 102.706779 0.109957 -0.042064 0.993046 -0.076512 0.000000 0.000000 0.000000 1.000000
0.993552 -0.019363 -0.111708 -1.503238 0.024111 0.998855 0.041309 102.691170 0.110780 -0.043736 0.992882 -0.000450 0.000000 0.000000 0.000000 1.000000
0.993395 -0.018741 -0.113204 -1.503126 0.023740 0.998794 0.042971 102.670982 0.112262 -0.045375 0.992642 0.071603 0.000000 0.000000 0.000000 1.000000
0.993124 -0.017983 -0.115682 -1.477159 0.023287 0.998731 0.044663 102.643448 0.114732 -0.047049 0.992282 0.138180 0.000000 0.000000 0.000000 1.000000
0.992753 -0.017200 -0.118935 -1.429797 0.022856 0.998663 0.046362 102.610199 0.117978 -0.048744 0.991819 0.196614 0.000000 0.000000 0.000000 1.000000
0.992355 -0.016440 -0.122320 -1.365728 0.022471 0.998590 0.048084 102.574829 0.121357 -0.050465 0.991325 0.244680 0.000000 0.000000 0.000000 1.000000
0.992003 -0.015651 -0.125243 -1.288532 0.022065 0.998506 0.049989 102.535728 0.124274 -0.052353 0.990866 0.280701 0.000000 0.000000 0.000000 1.000000
0.991731 -0.014754 -0.127481 -1.199593 0.021571 0.998401 0.052256 102.488770 0.126506 -0.054573 0.990464 0.303993 0.000000 0.000000 0.000000 1.000000
0.991532 -0.013785 -0.129128 -1.099974 0.021020 0.998274 0.054842 102.434509 0.128149 -0.057092 0.990110 0.313801 0.000000 0.000000 0.000000 1.000000
0.991373 -0.012847 -0.130437 -0.991785 0.020496 0.998137 0.057466 102.374481 0.129456 -0.059644 0.989790 0.308397 0.000000 0.000000 0.000000 1.000000
0.991219 -0.011988 -0.131683 -0.878482 0.020017 0.998009 0.059817 102.308136 0.130704 -0.061927 0.989485 0.288318 0.000000 0.000000 0.000000 1.000000
0.991042 -0.011191 -0.133082 -0.763828 0.019561 0.997900 0.061749 102.239281 0.132111 -0.063799 0.989180 0.257699 0.000000 0.000000 0.000000 1.000000
0.990815 -0.010409 -0.134820 -0.651503 0.019105 0.997807 0.063369 102.177032 0.133865 -0.065363 0.988842 0.221138 0.000000 0.000000 0.000000 1.000000
0.990515 -0.009562 -0.137070 -0.545535 0.018621 0.997714 0.064958 102.126427 0.136135 -0.066894 0.988429 0.182021 0.000000 0.000000 0.000000 1.000000
0.990144 -0.008629 -0.139790 -0.450797 0.018104 0.997612 0.066653 102.082802 0.138881 -0.068527 0.987935 0.141665 0.000000 0.000000 0.000000 1.000000
0.989753 -0.007745 -0.142581 -0.371307 0.017640 0.997511 0.068271 102.038742 0.141698 -0.070087 0.987426 0.098027 0.000000 0.000000 0.000000 1.000000
0.989416 -0.007099 -0.144935 -0.307919 0.017341 0.997429 0.069528 101.991066 0.144069 -0.071305 0.986995 0.046392 0.000000 0.000000 0.000000 1.000000
0.989170 -0.006712 -0.146622 -0.257693 0.017190 0.997377 0.070316 101.938202 0.145765 -0.072075 0.986690 -0.017627 0.000000 0.000000 0.000000 1.000000
0.988999 -0.006367 -0.147786 -0.214505 0.016989 0.997352 0.070720 101.875801 0.146944 -0.072453 0.986488 -0.095601 0.000000 0.000000 0.000000 1.000000
0.988863 -0.005856 -0.148715 -0.172074 0.016573 0.997344 0.070927 101.799232 0.147904 -0.072602 0.986333 -0.186254 0.000000 0.000000 0.000000 1.000000
0.988734 -0.005257 -0.149593 -0.127410 0.016072 0.997334 0.071184 101.709160 0.148820 -0.072787 0.986182 -0.286530 0.000000 0.000000 0.000000 1.000000
0.988613 -0.004864 -0.150400 -0.080451 0.015790 0.997313 0.071532 101.613251 0.149648 -0.073092 0.986034 -0.392918 0.000000 0.000000 0.000000 1.000000
0.988523 -0.004880 -0.150995 -0.030635 0.015860 0.997307 0.071603 101.521553 0.150239 -0.073176 0.985938 -0.502136 0.000000 0.000000 0.000000 1.000000
0.988464 -0.005254 -0.151367 0.023837 0.016185 0.997339 0.071078 101.442841 0.150591 -0.072708 0.985919 -0.609352 0.000000 0.000000 0.000000 1.000000</float_array><technique_common><accessor source="#mixamorig_Hips-Matrix-animation-output-transform-array" count="189" stride="16"><param type="float4x4"/></accessor></technique_common></source><source id="mixamorig_Hips-Interpolations"><Name_array id="mixamorig_Hips-Interpolations-array" count="189">
 LINEAR LINEAR LINEAR LINEAR LINEAR LINEAR LINEAR LINEAR LINEAR LINEAR LINEAR
LINEAR LINEAR LINEAR LINEAR LINEAR LINEAR LINEAR LINEAR LINEAR LINEAR LINEAR LINEAR
LINEAR LINEAR LINEAR LINEAR LINEAR LINEAR LINEAR LINEAR LINEAR LINEAR LINEAR LINEAR
LINEAR LINEAR LINEAR LINEAR LINEAR LINEAR LINEAR LINEAR LINEAR LINEAR LINEAR LINEAR
LINEAR LINEAR LINEAR LINEAR LINEAR LINEAR LINEAR LINEAR LINEAR LINEAR LINEAR LINEAR
LINEAR LINEAR LINEAR LINEAR LINEAR LINEAR LINEAR LINEAR LINEAR LINEAR LINEAR LINEAR
LINEAR LINEAR LINEAR LINEAR LINEAR LINEAR LINEAR LINEAR LINEAR LINEAR LINEAR LINEAR
LINEAR LINEAR LINEAR LINEAR LINEAR LINEAR LINEAR LINEAR LINEAR LINEAR LINEAR LINEAR
LINEAR LINEAR LINEAR LINEAR LINEAR LINEAR LINEAR LINEAR LINEAR LINEAR LINEAR LINEAR
LINEAR LINEAR LINEAR LINEAR LINEAR LINEAR LINEAR LINEAR LINEAR LINEAR LINEAR LINEAR
LINEAR LINEAR LINEAR LINEAR LINEAR LINEAR LINEAR LINEAR LINEAR LINEAR LINEAR LINEAR
LINEAR LINEAR LINEAR LINEAR LINEAR LINEAR LINEAR LINEAR LINEAR LINEAR LINEAR LINEAR
LINEAR LINEAR LINEAR LINEAR LINEAR LINEAR LINEAR LINEAR LINEAR LINEAR LINEAR LINEAR
LINEAR LINEAR LINEAR LINEAR LINEAR LINEAR LINEAR LINEAR LINEAR LINEAR LINEAR LINEAR
LINEAR LINEAR LINEAR LINEAR LINEAR LINEAR LINEAR LINEAR LINEAR LINEAR LINEAR LINEAR
LINEAR LINEAR LINEAR LINEAR LINEAR LINEAR LINEAR LINEAR LINEAR LINEAR</Name_array><technique_common><accessor source="#mixamorig_Hips-Interpolations-array" count="189"><param type="name"/></accessor></technique_common></source><sampler id="mixamorig_Hips-Matrix-animation-transform"><input semantic="INPUT" source="#mixamorig_Hips-Matrix-animation-input"/><input semantic="OUTPUT" source="#mixamorig_Hips-Matrix-animation-output-transform"/><input semantic="INTERPOLATION" source="#mixamorig_Hips-Interpolations"/></sampler><channel source="#mixamorig_Hips-Matrix-animation-transform" target="mixamorig_Hips/matrix"/></animation>
    <animation id="mixamorig_Spine-anim" name="mixamorig_Spine"><source id="mixamorig_Spine-Matrix-animation-input"><float_array id="mixamorig_Spine-Matrix-animation-input-array" count="189">

0.000000 0.033333 0.066667 0.100000 0.133333 0.166667 0.200000 0.233333 0.266667 0.300000 0.333333 0.366667 0.400000 0.433333 0.466667 0.500000
0.533333 0.566667 0.600000 0.633333 0.666667 0.700000 0.733333 0.766667 0.800000 0.833333 0.866667 0.900000 0.933333 0.966667 1.000000 1.033333
1.066667 1.100000 1.133333 1.166667 1.200000 1.233333 1.266667 1.300000 1.333333 1.366667 1.400000 1.433333 1.466667 1.500000 1.533333 1.566667
1.600000 1.633333 1.666667 1.700000 1.733333 1.766667 1.800000 1.833333 1.866667 1.900000 1.933333 1.966667 2.000000 2.033333 2.066667 2.100000
2.133333 2.166667 2.200000 2.233333 2.266667 2.300000 2.333333 2.366667 2.400000 2.433333 2.466667 2.500000 2.533333 2.566667 2.600000 2.633333
2.666667 2.700000 2.733333 2.766667 2.800000 2.833333 2.866667 2.900000 2.933333 2.966667 3.000000 3.033333 3.066667 3.100000 3.133333 3.166667
3.200000 3.233333 3.266667 3.300000 3.333333 3.366667 3.400000 3.433333 3.466667 3.500000 3.533333 3.566667 3.600000 3.633333 3.666667 3.700000
3.733333 3.766667 3.800000 3.833333 3.866667 3.900000 3.933333 3.966667 4.000000 4.033333 4.066667 4.100000 4.133333 4.166667 4.200000 4.233333
4.266667 4.300000 4.333333 4.366667 4.400000 4.433333 4.466667 4.500000 4.533333 4.566667 4.600000 4.633333 4.666667 4.700000 4.733333 4.766667
4.800000 4.833333 4.866667 4.900000 4.933333 4.966667 5.000000 5.033333 5.066667 5.100000 5.133333 5.166667 5.200000 5.233333 5.266667 5.300000
5.333333 5.366667 5.400000 5.433333 5.466667 5.500000 5.533333 5.566667 5.600000 5.633333 5.666667 5.700000 5.733333 5.766667 5.800000 5.833333
5.866667 5.900000 5.933333 5.966667 6.000000 6.033333 6.066667 6.100000 6.133333 6.166667 6.200000 6.233333 6.266667</float_array><technique_common><accessor source="#mixamorig_Spine-Matrix-animation-input-array" count="189"><param name="TIME" type="float"/></accessor></technique_common></source><source id="mixamorig_Spine-Matrix-animation-output-transform"><float_array id="mixamorig_Spine-Matrix-animation-output-transform-array" count="3024">

0.999976 0.001533 0.006717 0.000000 -0.001562 0.999989 0.004440 10.997300 -0.006711 -0.004450 0.999968 -0.803100 0.000000 0.000000 0.000000 1.000000
0.999977 0.001547 0.006650 -0.000000 -0.001577 0.999989 0.004425 10.997300 -0.006643 -0.004436 0.999968 -0.803100 0.000000 0.000000 0.000000 1.000000
0.999977 0.001552 0.006570 0.000000 -0.001581 0.999989 0.004458 10.997300 -0.006563 -0.004469 0.999968 -0.803100 0.000000 0.000000 0.000000 1.000000
0.999978 0.001545 0.006491 0.000000 -0.001574 0.999988 0.004541 10.997300 -0.006484 -0.004551 0.999969 -0.803100 0.000000 0.000000 0.000000 1.000000
0.999978 0.001540 0.006410 0.000000 -0.001570 0.999988 0.004641 10.997300 -0.006403 -0.004651 0.999969 -0.803100 0.000000 0.000000 0.000000 1.000000
0.999979 0.001543 0.006323 0.000000 -0.001573 0.999988 0.004733 10.997300 -0.006315 -0.004743 0.999969 -0.803100 0.000000 0.000000 0.000000 1.000000
0.999979 0.001547 0.006249 0.000000 -0.001577 0.999987 0.004803 10.997300 -0.006242 -0.004813 0.999969 -0.803100 0.000000 0.000000 0.000000 1.000000
0.999980 0.001554 0.006208 0.000000 -0.001584 0.999987 0.004845 10.997300 -0.006201 -0.004855 0.999969 -0.803100 0.000000 0.000000 0.000000 1.000000
0.999980 0.001587 0.006172 -0.000000 -0.001617 0.999987 0.004850 10.997300 -0.006165 -0.004860 0.999969 -0.803100 0.000000 0.000000 0.000000 1.000000
0.999980 0.001640 0.006113 -0.000000 -0.001670 0.999987 0.004829 10.997300 -0.006105 -0.004839 0.999970 -0.803100 0.000000 0.000000 0.000000 1.000000
0.999980 0.001692 0.006064 -0.000000 -0.001721 0.999987 0.004824 10.997300 -0.006055 -0.004834 0.999970 -0.803100 0.000000 0.000000 0.000000 1.000000
0.999980 0.001750 0.006064 0.000000 -0.001780 0.999987 0.004866 10.997300 -0.006055 -0.004876 0.999970 -0.803100 0.000000 0.000000 0.000000 1.000000
0.999980 0.001839 0.006040 -0.000000 -0.001869 0.999986 0.004910 10.997300 -0.006031 -0.004921 0.999970 -0.803100 0.000000 0.000000 0.000000 1.000000
0.999981 0.001925 0.005863 0.000000 -0.001953 0.999986 0.004892 10.997300 -0.005853 -0.004903 0.999971 -0.803100 0.000000 0.000000 0.000000 1.000000
0.999982 0.001914 0.005695 -0.000000 -0.001942 0.999986 0.004916 10.997300 -0.005685 -0.004927 0.999972 -0.803100 0.000000 0.000000 0.000000 1.000000
0.999979 0.001847 0.006181 -0.000000 -0.001879 0.999985 0.005129 10.997300 -0.006171 -0.005141 0.999968 -0.803100 0.000000 0.000000 0.000000 1.000000
0.999968 0.002031 0.007686 0.000000 -0.002070 0.999985 0.005046 10.997300 -0.007676 -0.005062 0.999958 -0.803100 0.000000 0.000000 0.000000 1.000000
0.999954 0.002654 0.009242 0.000000 -0.002685 0.999991 0.003335 10.997300 -0.009233 -0.003360 0.999952 -0.803100 0.000000 0.000000 0.000000 1.000000
0.999951 0.003178 0.009371 0.000000 -0.003171 0.999995 -0.000781 10.997300 -0.009373 0.000751 0.999956 -0.803100 0.000000 0.000000 0.000000 1.000000
0.999960 0.003467 0.008202 0.000000 -0.003420 0.999977 -0.005817 10.997300 -0.008222 0.005788 0.999949 -0.803100 0.000000 0.000000 0.000000 1.000000
0.999965 0.004048 0.007335 -0.000000 -0.003981 0.999951 -0.009080 10.997300 -0.007372 0.009051 0.999932 -0.803100 0.000000 0.000000 0.000000 1.000000
0.999958 0.005106 0.007588 0.000000 -0.005032 0.999940 -0.009769 10.997300 -0.007638 0.009730 0.999923 -0.803100 0.000000 0.000000 0.000000 1.000000
0.999947 0.006363 0.008131 0.000000 -0.006285 0.999934 -0.009608 10.997300 -0.008192 0.009557 0.999921 -0.803100 0.000000 0.000000 0.000000 1.000000
0.999936 0.007848 0.008129 0.000000 -0.007765 0.999918 -0.010201 10.997300 -0.008208 0.010138 0.999915 -0.803100 0.000000 0.000000 0.000000 1.000000
0.999930 0.008942 0.007752 0.000000 -0.008856 0.999900 -0.011068 10.997300 -0.007850 0.010999 0.999909 -0.803100 0.000000 0.000000 0.000000 1.000000
0.999931 0.009091 0.007464 0.000000 -0.009008 0.999898 -0.011067 10.997300 -0.007563 0.010999 0.999911 -0.803100 0.000000 0.000000 0.000000 1.000000
0.999936 0.008573 0.007437 0.000000 -0.008496 0.999911 -0.010256 10.997300 -0.007524 0.010193 0.999920 -0.803100 0.000000 0.000000 0.000000 1.000000
0.999939 0.008007 0.007635 -0.000000 -0.007937 0.999926 -0.009257 10.997300 -0.007708 0.009196 0.999928 -0.803100 0.000000 0.000000 0.000000 1.000000
0.999938 0.007655 0.008042 0.000000 -0.007590 0.999938 -0.008150 10.997300 -0.008103 0.008088 0.999934 -0.803100 0.000000 0.000000 0.000000 1.000000
0.999935 0.007359 0.008673 0.000000 -0.007300 0.999950 -0.006776 10.997300 -0.008723 0.006713 0.999939 -0.803100 0.000000 0.000000 0.000000 1.000000
