<?xml version="1.0" encoding="utf-8"?>
<COLLADA xmlns="http://www.collada.org/2005/11/COLLADASchema" version="1.4.1">
  <asset><contributor><author>Mixamo</author><authoring_tool>COLLADA Mixamo exporter</authoring_tool><comments></comments></contributor><created>2020-02-25T10:22:54Z</created><modified>2020-02-25T10:22:54Z</modified><revision></revision><title></title><unit meter="0.010000"/><up_axis>Y_UP</up_axis></asset>
  <library_animations>
    <animation id="mixamorig7_Hips-anim" name="mixamorig7_Hips"><source id="mixamorig7_Hips-Matrix-animation-input"><float_array id="mixamorig7_Hips-Matrix-animation-input-array" count="269">

0.000000 0.033333 0.066667 0.100000 0.133333 0.166667 0.200000 0.233333 0.266667 0.300000 0.333333 0.366667 0.400000 0.433333 0.466667 0.500000
0.533333 0.566667 0.600000 0.633333 0.666667 0.700000 0.733333 0.766667 0.800000 0.833333 0.866667 0.900000 0.933333 0.966667 1.000000 1.033333
1.066667 1.100000 1.133333 1.166667 1.200000 1.233333 1.266667 1.300000 1.333333 1.366667 1.400000 1.433333 1.466667 1.500000 1.533333 1.566667
1.600000 1.633333 1.666667 1.700000 1.733333 1.766667 1.800000 1.833333 1.866667 1.900000 1.933333 1.966667 2.000000 2.033333 2.066667 2.100000
2.133333 2.166667 2.200000 2.233333 2.266667 2.300000 2.333333 2.366667 2.400000 2.433333 2.466667 2.500000 2.533333 2.566667 2.600000 2.633333
2.666667 2.700000 2.733333 2.766667 2.800000 2.833333 2.866667 2.900000 2.933333 2.966667 3.000000 3.033333 3.066667 3.100000 3.133333 3.166667
3.200000 3.233333 3.266667 3.300000 3.333333 3.366667 3.400000 3.433333 3.466667 3.500000 3.533333 3.566667 3.600000 3.633333 3.666667 3.700000
3.733333 3.766667 3.800000 3.833333 3.866667 3.900000 3.933333 3.966667 4.000000 4.033333 4.066667 4.100000 4.133333 4.166667 4.200000 4.233333
4.266667 4.300000 4.333333 4.366667 4.400000 4.433333 4.466667 4.500000 4.533333 4.566667 4.600000 4.633333 4.666667 4.700000 4.733333 4.766667
4.800000 4.833333 4.866667 4.900000 4.933333 4.966667 5.000000 5.033333 5.066667 5.100000 5.133333 5.166667 5.200000 5.233333 5.266667 5.300000
5.333333 5.366667 5.400000 5.433333 5.466667 5.500000 5.533333 5.566667 5.600000 5.633333 5.666667 5.700000 5.733333 5.766667 5.800000 5.833333
5.866667 5.900000 5.933333 5.966667 6.000000 6.033333 6.066667 6.100000 6.133333 6.166667 6.200000 6.233333 6.266667 6.300000 6.333333 6.366667
6.400000 6.433333 6.466667 6.500000 6.533333 6.566667 6.600000 6.633333 6.666667 6.700000 6.733333 6.766667 6.800000 6.833333 6.866667 6.900000
6.933333 6.966667 7.000000 7.033333 7.066667 7.100000 7.133333 7.166667 7.200000 7.233333 7.266667 7.300000 7.333333 7.366667 7.400000 7.433333
7.466667 7.500000 7.533333 7.566667 7.600000 7.633333 7.666667 7.700000 7.733333 7.766667 7.800000 7.833333 7.866667 7.900000 7.933333 7.966667
8.000000 8.033333 8.066667 8.100000 8.133333 8.166667 8.200000 8.233333 8.266667 8.300000 8.333333 8.366667 8.400000 8.433333 8.466667 8.500000
8.533333 8.566667 8.600000 8.633333 8.666667 8.700000 8.733333 8.766667 8.800000 8.833333 8.866667 8.900000 8.933333</float_array><technique_common><accessor source="#mixamorig7_Hips-Matrix-animation-input-array" count="269"><param name="TIME" type="float"/></accessor></technique_common></source><source id="mixamorig7_Hips-Matrix-animation-output-transform"><float_array id="mixamorig7_Hips-Matrix-animation-output-transform-array" count="4304">

0.999787 0.020335 -0.003438 -0.063135 -0.020231 0.999402 0.028027 98.290695 0.004006 -0.027952 0.999601 0.621766 0.000000 0.000000 0.000000 1.000000
0.999780 0.020706 -0.003479 -0.068198 -0.020602 0.999405 0.027663 98.290375 0.004050 -0.027585 0.999611 0.628341 0.000000 0.000000 0.000000 1.000000
0.999771 0.021087 -0.003611 -0.073129 -0.020981 0.999407 0.027309 98.290421 0.004185 -0.027227 0.999621 0.632839 0.000000 0.000000 0.000000 1.000000
0.999764 0.021366 -0.003865 -0.078298 -0.021254 0.999410 0.026966 98.290726 0.004439 -0.026877 0.999629 0.634299 0.000000 0.000000 0.000000 1.000000
0.999760 0.021514 -0.004129 -0.084095 -0.021397 0.999416 0.026639 98.290825 0.004700 -0.026544 0.999637 0.632607 0.000000 0.000000 0.000000 1.000000
0.999758 0.021578 -0.004227 -0.090678 -0.021459 0.999422 0.026363 98.290428 0.004793 -0.026266 0.999643 0.628446 0.000000 0.000000 0.000000 1.000000
0.999758 0.021602 -0.004042 -0.098033 -0.021489 0.999426 0.026184 98.289551 0.004605 -0.026091 0.999649 0.622815 0.000000 0.000000 0.000000 1.000000
0.999760 0.021601 -0.003582 -0.105941 -0.021500 0.999428 0.026114 98.288513 0.004144 -0.026030 0.999653 0.616469 0.000000 0.000000 0.000000 1.000000
0.999763 0.021578 -0.002973 -0.114036 -0.021493 0.999428 0.026121 98.287880 0.003535 -0.026051 0.999654 0.609475 0.000000 0.000000 0.000000 1.000000
0.999765 0.021541 -0.002433 -0.121452 -0.021470 0.999427 0.026151 98.287552 0.002995 -0.026093 0.999655 0.601391 0.000000 0.000000 0.000000 1.000000
0.999767 0.021486 -0.002191 -0.127039 -0.021421 0.999428 0.026179 98.287643 0.002752 -0.026126 0.999655 0.591875 0.000000 0.000000 0.000000 1.000000
0.999768 0.021397 -0.002356 -0.130011 -0.021328 0.999429 0.026224 98.287811 0.002916 -0.026168 0.999653 0.581229 0.000000 0.000000 0.000000 1.000000
0.999770 0.021287 -0.002773 -0.130755 -0.021207 0.999429 0.026319 98.287827 0.003332 -0.026254 0.999650 0.570586 0.000000 0.000000 0.000000 1.000000
0.999770 0.021243 -0.003001 -0.130742 -0.021157 0.999427 0.026434 98.287155 0.003560 -0.026365 0.999646 0.561662 0.000000 0.000000 0.000000 1.000000
0.999768 0.021379 -0.002593 -0.131681 -0.021303 0.999422 0.026488 98.285233 0.003158 -0.026427 0.999646 0.555898 0.000000 0.000000 0.000000 1.000000
0.999763 0.021729 -0.001500 -0.134527 -0.021681 0.999415 0.026454 98.281708 0.002074 -0.026415 0.999649 0.553559 0.000000 0.000000 0.000000 1.000000
0.999754 0.022179 -0.000163 -0.139093 -0.022167 0.999404 0.026460 98.277222 0.000750 -0.026450 0.999650 0.553040 0.000000 0.000000 0.000000 1.000000
0.999746 0.022518 0.000872 -0.144752 -0.022534 0.999389 0.026721 98.273224 -0.000270 -0.026734 0.999643 0.550102 0.000000 0.000000 0.000000 1.000000
0.999744 0.022578 0.001418 -0.151297 -0.022608 0.999371 0.027321 98.271194 -0.000800 -0.027346 0.999626 0.538193 0.000000 0.000000 0.000000 1.000000
0.999749 0.022353 0.001667 -0.159119 -0.022391 0.999355 0.028062 98.270866 -0.001038 -0.028093 0.999605 0.511223 0.000000 0.000000 0.000000 1.000000
0.999756 0.022019 0.001808 -0.168623 -0.022062 0.999349 0.028548 98.270187 -0.001178 -0.028581 0.999591 0.466856 0.000000 0.000000 0.000000 1.000000
0.999761 0.021770 0.001801 -0.179462 -0.021813 0.999357 0.028465 98.266823 -0.001181 -0.028498 0.999593 0.407090 0.000000 0.000000 0.000000 1.000000
0.999764 0.021657 0.001562 -0.190676 -0.021692 0.999378 0.027795 98.260590 -0.000959 -0.027823 0.999612 0.335217 0.000000 0.000000 0.000000 1.000000
0.999766 0.021616 0.001178 -0.201598 -0.021640 0.999408 0.026762 98.253014 -0.000599 -0.026781 0.999641 0.251941 0.000000 0.000000 0.000000 1.000000
0.999765 0.021643 0.000868 -0.212291 -0.021658 0.999436 0.025665 98.244324 -0.000312 -0.025678 0.999670 0.154476 0.000000 0.000000 0.000000 1.000000
0.999762 0.021812 0.000806 -0.222915 -0.021826 0.999454 0.024805 98.233864 -0.000265 -0.024817 0.999692 0.038166 0.000000 0.000000 0.000000 1.000000
0.999756 0.022047 0.000945 -0.233662 -0.022063 0.999459 0.024402 98.222237 -0.000406 -0.024417 0.999702 -0.103247 0.000000 0.000000 0.000000 1.000000
0.999757 0.022024 0.001043 -0.243750 -0.022043 0.999459 0.024414 98.211075 -0.000505 -0.024431 0.999701 -0.282587 0.000000 0.000000 0.000000 1.000000
0.999768 0.021499 0.001099 -0.251814 -0.021519 0.999470 0.024443 98.179947 -0.000573 -0.024461 0.999701 -0.526274 0.000000 0.000000 0.000000 1.000000
0.999786 0.020610 0.001692 -0.257982 -0.020644 0.999501 0.023891 98.118317 -0.001198 -0.023920 0.999713 -0.870904 0.000000 0.000000 0.000000 1.000000
0.999794 0.019949 0.003625 -0.267187 -0.020025 0.999551 0.022289 98.018044 -0.003179 -0.022357 0.999745 -1.344851 0.000000 0.000000 0.000000 1.000000
0.999767 0.020305 0.007375 -0.285502 -0.020445 0.999602 0.019449 97.862137 -0.006977 -0.019595 0.999784 -1.952378 0.000000 0.000000 0.000000 1.000000
0.999670 0.022194 0.012911 -0.313040 -0.022392 0.999630 0.015412 97.636658 -0.012564 -0.015696 0.999798 -2.676469 0.000000 0.000000 0.000000 1.000000
0.999478 0.025561 0.019775 -0.343391 -0.025768 0.999615 0.010293 97.331474 -0.019504 -0.010797 0.999751 -3.492769 0.000000 0.000000 0.000000 1.000000
0.999195 0.029756 0.026909 -0.367572 -0.029867 0.999547 0.003733 96.934517 -0.026785 -0.004534 0.999631 -4.379161 0.000000 0.000000 0.000000 1.000000
0.998908 0.033674 0.032386 -0.377441 -0.033520 0.999424 -0.005295 96.444954 -0.032545 0.004203 0.999461 -5.313648 0.000000 0.000000 0.000000 1.000000
0.998760 0.036215 0.034161 -0.366990 -0.035616 0.999204 -0.017980 95.879944 -0.034785 0.016741 0.999255 -6.267685 0.000000 0.000000 0.000000 1.000000
0.998800 0.037158 0.031891 -0.334423 -0.036034 0.998733 -0.035115 95.271767 -0.033156 0.033923 0.998874 -7.208519 0.000000 0.000000 0.000000 1.000000
0.998903 0.037596 0.027903 -0.283951 -0.035977 0.997758 -0.056427 94.655426 -0.029962 0.055361 0.998017 -8.110066 0.000000 0.000000 0.000000 1.000000
0.998906 0.039003 0.025795 -0.222321 -0.036821 0.996093 -0.080268 94.048851 -0.028825 0.079230 0.996440 -8.951275 0.000000 0.000000 0.000000 1.000000
0.998742 0.041720 0.027825 -0.155569 -0.038605 0.993788 -0.104379 93.433792 -0.032006 0.103173 0.994148 -9.697009 0.000000 0.000000 0.000000 1.000000
0.998436 0.044799 0.033443 -0.094063 -0.040207 0.991060 -0.127214 92.764091 -0.038843 0.125670 0.991311 -10.297535 0.000000 0.000000 0.000000 1.000000
0.998100 0.046934 0.039922 -0.054412 -0.040548 0.988160 -0.147974 92.010117 -0.046394 0.146074 0.988185 -10.720509 0.000000 0.000000 0.000000 1.000000
0.997887 0.047293 0.044555 -0.045988 -0.039315 0.985433 -0.165459 91.200920 -0.051731 0.163357 0.985210 -10.981761 0.000000 0.000000 0.000000 1.000000
0.997850 0.046163 0.046527 -0.059967 -0.037173 0.983267 -0.178338 90.412346 -0.053981 0.176225 0.982869 -11.138863 0.000000 0.000000 0.000000 1.000000
0.997885 0.044760 0.047134 -0.080320 -0.035204 0.981732 -0.186982 89.711464 -0.054643 0.184927 0.981232 -11.247288 0.000000 0.000000 0.000000 1.000000
0.997869 0.043788 0.048368 -0.100900 -0.033631 0.980465 -0.193797 89.128242 -0.055909 0.191757 0.979849 -11.324620 0.000000 0.000000 0.000000 1.000000
0.997808 0.042432 0.050783 -0.123720 -0.031399 0.979061 -0.201132 88.678596 -0.058254 0.199096 0.978247 -11.361799 0.000000 0.000000 0.000000 1.000000
0.997812 0.039387 0.053105 -0.146383 -0.027423 0.977388 -0.209666 88.383423 -0.060162 0.207751 0.976330 -11.356432 0.000000 0.000000 0.000000 1.000000
0.997916 0.034733 0.054383 -0.160872 -0.022004 0.975428 -0.219216 88.253387 -0.060661 0.217562 0.974160 -11.323429 0.000000 0.000000 0.000000 1.000000
0.998002 0.030247 0.055480 -0.163816 -0.016691 0.972997 -0.230213 88.265579 -0.060945 0.228827 0.971557 -11.282820 0.000000 0.000000 0.000000 1.000000
0.997950 0.027650 0.057724 -0.161706 -0.012781 0.969799 -0.243570 88.364983 -0.062716 0.242333 0.968164 -11.248809 0.000000 0.000000 0.000000 1.000000
0.997779 0.026899 0.060935 -0.163518 -0.010178 0.965654 -0.259631 88.483223 -0.065826 0.258434 0.963784 -11.228502 0.000000 0.000000 0.000000 1.000000
0.997620 0.026580 0.063615 -0.170490 -0.007861 0.960530 -0.278065 88.554420 -0.068495 0.276903 0.958453 -11.224927 0.000000 0.000000 0.000000 1.000000
0.997572 0.025643 0.064751 -0.175005 -0.005165 0.954426 -0.298403 88.524033 -0.069453 0.297344 0.952241 -11.239157 0.000000 0.000000 0.000000 1.000000
0.997607 0.024324 0.064724 -0.167201 -0.002331 0.947381 -0.320100 88.357773 -0.069105 0.319183 0.945170 -11.272259 0.000000 0.000000 0.000000 1.000000
0.997641 0.023436 0.064516 -0.140138 0.000064 0.939591 -0.342300 88.050369 -0.068641 0.341496 0.937373 -11.326784 0.000000 0.000000 0.000000 1.000000
0.997655 0.023279 0.064367 -0.092213 0.001748 0.931415 -0.363956 87.629745 -0.068425 0.363215 0.929190 -11.404137 0.000000 0.000000 0.000000 1.000000
0.997724 0.023166 0.063322 -0.027833 0.002952 0.923217 -0.384269 87.145233 -0.067362 0.383581 0.921047 -11.497469 0.000000 0.000000 0.000000 1.000000
0.997937 0.022066 0.060291 0.043305 0.004109 0.915204 -0.402970 86.639328 -0.064070 0.402387 0.913225 -11.591644 0.000000 0.000000 0.000000 1.000000
0.998255 0.020208 0.055490 0.105568 0.004996 0.907363 -0.420319 86.129150 -0.058843 0.419862 0.905678 -11.678991 0.000000 0.000000 0.000000 1.000000
0.998544 0.019497 0.050305 0.140242 0.004440 0.899556 -0.436783 85.615646 -0.053768 0.436370 0.898159 -11.770453 0.000000 0.000000 0.000000 1.000000
0.998733 0.021178 0.045645 0.142400 0.001768 0.891783 -0.452460 85.105652 -0.050288 0.451967 0.890616 -11.881828 0.000000 0.000000 0.000000 1.000000
0.998862 0.023816 0.041321 0.130128 -0.001776 0.884360 -0.466803 84.617447 -0.047660 0.466198 0.883396 -12.012020 0.000000 0.000000 0.000000 1.000000
0.998999 0.024790 0.037228 0.123930 -0.003936 0.877836 -0.478945 84.167114 -0.044553 0.478319 0.877055 -12.142399 0.000000 0.000000 0.000000 1.000000
0.999153 0.022979 0.034141 0.124186 -0.003387 0.872689 -0.488265 83.757889 -0.041014 0.487736 0.872027 -12.255457 0.000000 0.000000 0.000000 1.000000
0.999274 0.019310 0.032847 0.117397 -0.000533 0.869065 -0.494698 83.388222 -0.038099 0.494321 0.868444 -12.349697 0.000000 0.000000 0.000000 1.000000
0.999332 0.015368 0.033159 0.095486 0.003214 0.866822 -0.498607 83.065918 -0.036405 0.498380 0.866194 -12.434820 0.000000 0.000000 0.000000 1.000000
0.999343 0.012151 0.034137 0.062618 0.006571 0.865705 -0.500511 82.809761 -0.035634 0.500407 0.865057 -12.516525 0.000000 0.000000 0.000000 1.000000
0.999338 0.009935 0.034989 0.026885 0.008937 0.865411 -0.500984 82.641197 -0.035257 0.500965 0.864749 -12.589100 0.000000 0.000000 0.000000 1.000000
0.999330 0.008686 0.035564 -0.008094 0.010297 0.865530 -0.500752 82.574936 -0.035131 0.500783 0.864860 -12.640526 0.000000 0.000000 0.000000 1.000000
0.999312 0.008346 0.036135 -0.042677 0.010877 0.865529 -0.500740 82.614372 -0.035455 0.500789 0.864843 -12.660428 0.000000 0.000000 0.000000 1.000000
0.999278 0.008823 0.036965 -0.075137 0.010921 0.864986 -0.501677 82.748657 -0.036400 0.501719 0.864265 -12.645094 0.000000 0.000000 0.000000 1.000000
0.999225 0.009887 0.038101 -0.099916 0.010646 0.863984 -0.503407 82.953590 -0.037896 0.503422 0.863209 -12.599289 0.000000 0.000000 0.000000 1.000000
0.999158 0.011219 0.039475 -0.111788 0.010253 0.863156 -0.504834 83.199677 -0.039737 0.504813 0.862314 -12.533420 0.000000 0.000000 0.000000 1.000000
0.999077 0.012569 0.041071 -0.108548 0.009885 0.863272 -0.504642 83.461105 -0.041799 0.504583 0.862351 -12.456169 0.000000 0.000000 0.000000 1.000000
0.998988 0.013806 0.042795 -0.089297 0.009560 0.864732 -0.502143 83.721939 -0.043939 0.502044 0.863725 -12.369909 0.000000 0.000000 0.000000 1.000000
0.998913 0.014817 0.044204 -0.050775 0.009150 0.867404 -0.497521 83.978905 -0.045714 0.497385 0.866325 -12.273624 0.000000 0.000000 0.000000 1.000000
0.998883 0.015441 0.044648 0.012820 0.008503 0.870877 -0.491427 84.237473 -0.046471 0.491258 0.869773 -12.166915 0.000000 0.000000 0.000000 1.000000
0.998922 0.015556 0.043747 0.104936 0.007593 0.874791 -0.484442 84.504364 -0.045805 0.484251 0.873729 -12.049122 0.000000 0.000000 0.000000 1.000000
0.999020 0.015206 0.041567 0.222097 0.006464 0.878933 -0.476902 84.783638 -0.043786 0.476704 0.877973 -11.918220 0.000000 0.000000 0.000000 1.000000
0.999159 0.014621 0.038296 0.355447 0.005057 0.883133 -0.469096 85.077545 -0.040679 0.468895 0.882316 -11.774309 0.000000 0.000000 0.000000 1.000000
0.999320 0.014031 0.034099 0.496508 0.003289 0.887169 -0.461433 85.388748 -0.036726 0.461231 0.886519 -11.622339 0.000000 0.000000 0.000000 1.000000
0.999482 0.013492 0.029202 0.640484 0.001247 0.890856 -0.454285 85.716652 -0.032144 0.454086 0.890378 -11.469375 0.000000 0.000000 0.000000 1.000000
0.999635 0.012817 0.023773 0.785925 -0.000821 0.894231 -0.447605 86.053162 -0.026995 0.447422 0.893915 -11.319995 0.000000 0.000000 0.000000 1.000000
0.999774 0.011673 0.017788 0.932487 -0.002640 0.897659 -0.440683 86.390053 -0.021111 0.440536 0.897487 -11.175522 0.000000 0.000000 0.000000 1.000000
0.999889 0.009802 0.011256 1.079108 -0.003973 0.901701 -0.432341 86.726997 -0.014388 0.432249 0.901640 -11.035986 0.000000 0.000000 0.000000 1.000000
0.999964 0.007174 0.004622 1.220212 -0.004557 0.906765 -0.421612 87.065002 -0.007216 0.421575 0.906765 -10.901964 0.000000 0.000000 0.000000 1.000000
0.999991 0.003968 -0.001276 1.342948 -0.004143 0.912748 -0.408503 87.393883 -0.000456 0.408505 0.912756 -10.776169 0.000000 0.000000 0.000000 1.000000
0.999983 0.000517 -0.005740 1.431209 -0.002737 0.919042 -0.394149 87.699692 0.005071 0.394158 0.919029 -10.663992 0.000000 0.000000 0.000000 1.000000
0.999960 -0.002586 -0.008598 1.477068 -0.000876 0.924971 -0.380037 87.974205 0.008936 0.380030 0.924931 -10.568756 0.000000 0.000000 0.000000 1.000000
0.999938 -0.004460 -0.010220 1.490186 0.000400 0.930257 -0.366907 88.229309 0.011144 0.366880 0.930201 -10.486078 0.000000 0.000000 0.000000 1.000000
0.999924 -0.004408 -0.011556 1.488705 0.000037 0.935392 -0.353612 88.498199 0.012368 0.353584 0.935321 -10.400182 0.000000 0.000000 0.000000 1.000000
0.999897 -0.002783 -0.014055 1.481897 -0.002108 0.941700 -0.336448 88.823830 0.014172 0.336443 0.941597 -10.285657 0.000000 0.000000 0.000000 1.000000
0.999825 -0.001274 -0.018661 1.471171 -0.004598 0.950325 -0.311225 89.233887 0.018130 0.311257 0.950153 -10.118130 0.000000 0.000000 0.000000 1.000000
0.999696 -0.001622 -0.024607 1.460857 -0.005311 0.960261 -0.279055 89.696136 0.024082 0.279101 0.959960 -9.899329 0.000000 0.000000 0.000000 1.000000
0.999553 -0.003648 -0.029670 1.455733 -0.003849 0.968556 -0.248765 90.111588 0.029645 0.248769 0.968109 -9.676192 0.000000 0.000000 0.000000 1.000000
0.999481 -0.005419 -0.031763 1.454121 -0.002029 0.973214 -0.229891 90.390060 0.032158 0.229836 0.972698 -9.508101 0.000000 0.000000 0.000000 1.000000
0.999522 -0.005536 -0.030413 1.451979 -0.001426 0.974529 -0.224255 90.521866 0.030880 0.224191 0.974056 -9.405034 0.000000 0.000000 0.000000 1.000000
0.999628 -0.004262 -0.026934 1.448684 -0.001913 0.974312 -0.225196 90.569008 0.027202 0.225163 0.973941 -9.321868 0.000000 0.000000 0.000000 1.000000
0.999722 -0.002804 -0.023419 1.445012 -0.002510 0.974624 -0.223834 90.605423 0.023453 0.223831 0.974346 -9.208653 0.000000 0.000000 0.000000 1.000000
0.999764 -0.002310 -0.021616 1.441340 -0.002409 0.976441 -0.215769 90.667084 0.021606 0.215770 0.976205 -9.046186 0.000000 0.000000 0.000000 1.000000
0.999752 -0.003197 -0.022053 1.440766 -0.001329 0.979339 -0.202223 90.746758 0.022244 0.202202 0.979091 -8.841666 0.000000 0.000000 0.000000 1.000000
0.999709 -0.004788 -0.023646 1.450756 0.000299 0.982488 -0.186327 90.823471 0.024124 0.186265 0.982203 -8.606170 0.000000 0.000000 0.000000 1.000000
0.999683 -0.005764 -0.024508 1.477141 0.001514 0.985443 -0.170000 90.890396 0.025131 0.169909 0.985139 -8.343284 0.000000 0.000000 0.000000 1.000000
0.999711 -0.005513 -0.023413 1.517946 0.001837 0.988037 -0.154206 90.954826 0.023983 0.154118 0.987761 -8.058806 0.000000 0.000000 0.000000 1.000000
0.999777 -0.004750 -0.020558 1.566660 0.001820 0.990113 -0.140259 91.019608 0.021021 0.140190 0.989901 -7.768237 0.000000 0.000000 0.000000 1.000000
0.999842 -0.004201 -0.017264 1.615510 0.001929 0.991568 -0.129569 91.074867 0.017663 0.129516 0.991420 -7.487905 0.000000 0.000000 0.000000 1.000000
0.999881 -0.003347 -0.015032 1.654737 0.001481 0.992466 -0.122510 91.107994 0.015329 0.122473 0.992353 -7.225131 0.000000 0.000000 0.000000 1.000000
0.999894 -0.001301 -0.014486 1.679902 -0.000422 0.992980 -0.118285 91.115150 0.014538 0.118279 0.992874 -6.980563 0.000000 0.000000 0.000000 1.000000
0.999883 0.001800 -0.015194 1.699093 -0.003550 0.993246 -0.115976 91.097717 0.014883 0.116016 0.993136 -6.755147 0.000000 0.000000 0.000000 1.000000
0.999854 0.004944 -0.016364 1.726709 -0.006798 0.993315 -0.115234 91.050842 0.015685 0.115328 0.993204 -6.553683 0.000000 0.000000 0.000000 1.000000
0.999824 0.007213 -0.017312 1.772292 -0.009175 0.993202 -0.116040 90.963074 0.016358 0.116178 0.993094 -6.387521 0.000000 0.000000 0.000000 1.000000
0.999810 0.008368 -0.017633 1.833554 -0.010395 0.992939 -0.118171 90.825500 0.016519 0.118332 0.992837 -6.271359 0.000000 0.000000 0.000000 1.000000
0.999812 0.008560 -0.017417 1.897358 -0.010605 0.992609 -0.120888 90.635811 0.016253 0.121050 0.992513 -6.209238 0.000000 0.000000 0.000000 1.000000
0.999823 0.007367 -0.017288 1.947159 -0.009438 0.992370 -0.122937 90.399391 0.016251 0.123078 0.992264 -6.184515 0.000000 0.000000 0.000000 1.000000
0.999837 0.003703 -0.017651 1.970208 -0.005851 0.992358 -0.123250 90.127716 0.017060 0.123333 0.992219 -6.168237 0.000000 0.000000 0.000000 1.000000
0.999843 -0.002623 -0.017500 1.964355 0.000465 0.992511 -0.122153 89.825241 0.017689 0.122126 0.992357 -6.144670 0.000000 0.000000 0.000000 1.000000
0.999850 -0.009367 -0.014574 1.942525 0.007522 0.992516 -0.121883 89.470879 0.015607 0.121755 0.992437 -6.131307 0.000000 0.000000 0.000000 1.000000
0.999891 -0.012715 -0.007561 1.925447 0.011666 0.992029 -0.125468 89.018997 0.009096 0.125366 0.992069 -6.166000 0.000000 0.000000 0.000000 1.000000
0.999946 -0.010211 0.001846 1.926245 0.010367 0.990846 -0.134596 88.436340 -0.000455 0.134608 0.990899 -6.265745 0.000000 0.000000 0.000000 1.000000
0.999948 -0.003045 0.009705 1.941487 0.004448 0.988973 -0.148030 87.742317 -0.009147 0.148065 0.988935 -6.400467 0.000000 0.000000 0.000000 1.000000
0.999902 0.004737 0.013180 1.955909 -0.002538 0.986777 -0.162063 87.002716 -0.013773 0.162013 0.986692 -6.517414 0.000000 0.000000 0.000000 1.000000
0.999872 0.009773 0.012636 1.959990 -0.007437 0.984854 -0.173227 86.275497 -0.014137 0.173111 0.984801 -6.585291 0.000000 0.000000 0.000000 1.000000
0.999876 0.011902 0.010342 1.960538 -0.009839 0.983503 -0.180625 85.571907 -0.012321 0.180500 0.983498 -6.606987 0.000000 0.000000 0.000000 1.000000
0.999880 0.013065 0.008305 1.967382 -0.011299 0.982594 -0.185422 84.872604 -0.010583 0.185306 0.982624 -6.603860 0.000000 0.000000 0.000000 1.000000
0.999864 0.014637 0.007639 1.976405 -0.012931 0.981913 -0.188893 84.174294 -0.010265 0.188768 0.981968 -6.594739 0.000000 0.000000 0.000000 1.000000
0.999825 0.016409 0.009032 1.970760 -0.014377 0.981400 -0.191436 83.510162 -0.012006 0.191273 0.981464 -6.584678 0.000000 0.000000 0.000000 1.000000
0.999765 0.017540 0.012744 1.937270 -0.014754 0.981109 -0.192894 82.931541 -0.015887 0.192661 0.981137 -6.562309 0.000000 0.000000 0.000000 1.000000
0.999682 0.017671 0.017983 1.876310 -0.013869 0.981083 -0.193088 82.482376 -0.021055 0.192777 0.981017 -6.504148 0.000000 0.000000 0.000000 1.000000
0.999591 0.016962 0.023038 1.797542 -0.012229 0.981333 -0.191925 82.194130 -0.025863 0.191564 0.981139 -6.388576 0.000000 0.000000 0.000000 1.000000
0.999524 0.015650 0.026591 1.709177 -0.010335 0.981848 -0.189385 82.098633 -0.029073 0.189020 0.981543 -6.206992 0.000000 0.000000 0.000000 1.000000
0.999488 0.014028 0.028741 1.614461 -0.008448 0.982556 -0.185775 82.228638 -0.030846 0.185437 0.982172 -5.961376 0.000000 0.000000 0.000000 1.000000
0.999457 0.012631 0.030417 1.516325 -0.006888 0.983277 -0.181988 82.602722 -0.032207 0.181680 0.982830 -5.658284 0.000000 0.000000 0.000000 1.000000
0.999418 0.012017 0.031931 1.419135 -0.006107 0.983811 -0.179104 83.207428 -0.033566 0.178805 0.983312 -5.307035 0.000000 0.000000 0.000000 1.000000
0.999390 0.012305 0.032685 1.323112 -0.006308 0.984080 -0.177616 83.994461 -0.034350 0.177302 0.983557 -4.919943 0.000000 0.000000 0.000000 1.000000
0.999389 0.013151 0.032377 1.220940 -0.007203 0.984115 -0.177385 84.903030 -0.034196 0.177043 0.983609 -4.514729 0.000000 0.000000 0.000000 1.000000
0.999395 0.014140 0.031774 1.106379 -0.008253 0.983943 -0.178291 85.881920 -0.033785 0.177921 0.983465 -4.109776 0.000000 0.000000 0.000000 1.000000
0.999378 0.015048 0.031895 0.986748 -0.009050 0.983539 -0.180470 86.885941 -0.034086 0.180069 0.983063 -3.709666 0.000000 0.000000 0.000000 1.000000
0.999341 0.015944 0.032622 0.880739 -0.009675 0.982879 -0.183998 87.871368 -0.034997 0.183561 0.982385 -3.306085 0.000000 0.000000 0.000000 1.000000
0.999313 0.016964 0.032950 0.800745 -0.010458 0.982035 -0.188409 88.810966 -0.035554 0.187935 0.981538 -2.894307 0.000000 0.000000 0.000000 1.000000
0.999303 0.017819 0.032791 0.740370 -0.011170 0.981180 -0.192772 89.703026 -0.035609 0.192272 0.980695 -2.479664 0.000000 0.000000 0.000000 1.000000
0.999296 0.017949 0.032940 0.687897 -0.011133 0.980439 -0.196508 90.553253 -0.035823 0.196003 0.979949 -2.071210 0.000000 0.000000 0.000000 1.000000
0.999295 0.017210 0.033378 0.636444 -0.010194 0.979747 -0.199978 91.356430 -0.036144 0.199497 0.979232 -1.672619 0.000000 0.000000 0.000000 1.000000
0.999316 0.016076 0.033305 0.593132 -0.008947 0.978920 -0.204049 92.094627 -0.035883 0.203612 0.978394 -1.282984 0.000000 0.000000 0.000000 1.000000
0.999355 0.015141 0.032567 0.563640 -0.007999 0.977846 -0.209172 92.751396 -0.035013 0.208777 0.977336 -0.899643 0.000000 0.000000 0.000000 1.000000
0.999386 0.014730 0.031777 0.544083 -0.007556 0.976579 -0.215026 93.318787 -0.034200 0.214654 0.976091 -0.521359 0.000000 0.000000 0.000000 1.000000
0.999398 0.014886 0.031346 0.525689 -0.007596 0.975251 -0.220971 93.798706 -0.033859 0.220600 0.974777 -0.154145 0.000000 0.000000 0.000000 1.000000
0.999397 0.015447 0.031096 0.503401 -0.008003 0.973955 -0.226600 94.204247 -0.033786 0.226214 0.973491 0.186763 0.000000 0.000000 0.000000 1.000000
0.999398 0.016131 0.030708 0.480630 -0.008580 0.972740 -0.231739 94.556564 -0.033609 0.231336 0.972293 0.485045 0.000000 0.000000 0.000000 1.000000
0.999407 0.016796 0.030067 0.463777 -0.009221 0.971637 -0.236297 94.879379 -0.033183 0.235880 0.971216 0.729537 0.000000 0.000000 0.000000 1.000000
0.999421 0.017604 0.029100 0.460611 -0.010095 0.970603 -0.240475 95.196358 -0.032477 0.240042 0.970219 0.908554 0.000000 0.000000 0.000000 1.000000
0.999443 0.018727 0.027640 0.467643 -0.011387 0.969435 -0.245083 95.525070 -0.031385 0.244632 0.969108 1.008997 0.000000 0.000000 0.000000 1.000000
0.999473 0.019843 0.025674 0.477397 -0.012760 0.967833 -0.251271 95.870308 -0.029834 0.250811 0.967576 1.017490 0.000000 0.000000 0.000000 1.000000
0.999513 0.020502 0.023533 0.489478 -0.013688 0.965554 -0.259844 96.223595 -0.028049 0.259395 0.965364 0.932143 0.000000 0.000000 0.000000 1.000000
0.999548 0.020720 0.021771 0.509347 -0.014052 0.962506 -0.270895 96.569977 -0.026568 0.270466 0.962363 0.766794 0.000000 0.000000 0.000000 1.000000
0.999570 0.020858 0.020631 0.541635 -0.014150 0.958783 -0.283788 96.897926 -0.025700 0.283374 0.958665 0.548831 0.000000 0.000000 0.000000 1.000000
0.999583 0.021128 0.019682 0.592539 -0.014324 0.954666 -0.297335 97.195312 -0.025071 0.296929 0.954570 0.315260 0.000000 0.000000 0.000000 1.000000
0.999606 0.021233 0.018371 0.665318 -0.014486 0.950508 -0.310361 97.454056 -0.024052 0.309973 0.950441 0.096885 0.000000 0.000000 0.000000 1.000000
0.999643 0.020882 0.016661 0.754874 -0.014396 0.946471 -0.322468 97.676178 -0.022503 0.322113 0.946434 -0.098563 0.000000 0.000000 0.000000 1.000000
0.999681 0.020218 0.015134 0.847292 -0.014001 0.942420 -0.334138 97.863556 -0.021018 0.333820 0.942403 -0.280268 0.000000 0.000000 0.000000 1.000000
0.999698 0.019712 0.014688 0.923526 -0.013415 0.938152 -0.345963 98.009148 -0.020599 0.345662 0.938133 -0.450796 0.000000 0.000000 0.000000 1.000000
0.999678 0.019809 0.015848 0.970288 -0.012827 0.933674 -0.357895 98.108330 -0.021886 0.357576 0.933627 -0.593978 0.000000 0.000000 0.000000 1.000000
0.999626 0.020514 0.018081 0.991937 -0.012386 0.929178 -0.369426 98.168045 -0.024379 0.369064 0.929084 -0.683548 0.000000 0.000000 0.000000 1.000000
0.999574 0.021257 0.019976 1.008731 -0.012069 0.924829 -0.380193 98.208099 -0.026556 0.379790 0.924692 -0.699651 0.000000 0.000000 0.000000 1.000000
0.999564 0.021335 0.020387 1.041399 -0.011700 0.920771 -0.389927 98.244179 -0.027091 0.389519 0.920620 -0.639304 0.000000 0.000000 0.000000 1.000000
0.999603 0.020488 0.019327 1.095567 -0.011099 0.917208 -0.398253 98.281174 -0.025887 0.397881 0.917072 -0.517925 0.000000 0.000000 0.000000 1.000000
0.999659 0.019168 0.017717 1.159301 -0.010352 0.914246 -0.405028 98.310440 -0.023961 0.404706 0.914133 -0.362411 0.000000 0.000000 0.000000 1.000000
0.999698 0.018263 0.016442 1.214913 -0.009907 0.911835 -0.410437 98.317368 -0.022488 0.410150 0.911741 -0.202142 0.000000 0.000000 0.000000 1.000000
0.999705 0.018571 0.015624 1.251119 -0.010424 0.909930 -0.414632 98.289284 -0.021917 0.414347 0.909855 -0.063389 0.000000 0.000000 0.000000 1.000000
0.999683 0.020295 0.014904 1.264740 -0.012217 0.908514 -0.417677 98.222214 -0.022017 0.417362 0.908474 0.033733 0.000000 0.000000 0.000000 1.000000
0.999636 0.022908 0.014260 1.258159 -0.014809 0.907516 -0.419755 98.131157 -0.022557 0.419391 0.907525 0.080059 0.000000 0.000000 0.000000 1.000000
0.999576 0.025428 0.014158 1.240625 -0.017105 0.906854 -0.421097 98.046883 -0.023547 0.420676 0.906905 0.082060 0.000000 0.000000 0.000000 1.000000
0.999530 0.026800 0.014876 1.229709 -0.018030 0.906536 -0.421744 97.997185 -0.024788 0.421277 0.906593 0.056414 0.000000 0.000000 0.000000 1.000000
0.999526 0.026392 0.015864 1.243641 -0.017251 0.906666 -0.421496 97.988770 -0.025507 0.421023 0.906691 0.014832 0.000000 0.000000 0.000000 1.000000
0.999577 0.024422 0.015818 1.290227 -0.015522 0.907370 -0.420046 98.005516 -0.024611 0.419623 0.907365 -0.045204 0.000000 0.000000 0.000000 1.000000
0.999668 0.021827 0.013677 1.362113 -0.014135 0.908739 -0.417125 98.020195 -0.021533 0.416793 0.908746 -0.137439 0.000000 0.000000 0.000000 1.000000
0.999759 0.019665 0.009712 1.442235 -0.013905 0.910737 -0.412753 98.006134 -0.016962 0.412519 0.910791 -0.278067 0.000000 0.000000 0.000000 1.000000
0.999812 0.018609 0.005392 1.514522 -0.014797 0.913069 -0.407537 97.947830 -0.012507 0.407381 0.913173 -0.477155 0.000000 0.000000 0.000000 1.000000
0.999821 0.018820 0.002111 1.569882 -0.016381 0.915334 -0.402362 97.850128 -0.009504 0.402255 0.915478 -0.732873 0.000000 0.000000 0.000000 1.000000
0.999798 0.020079 0.000284 1.606922 -0.018312 0.917458 -0.397412 97.737724 -0.008240 0.397327 0.917640 -1.031126 0.000000 0.000000 0.000000 1.000000
0.999760 0.021924 -0.000516 1.632139 -0.020372 0.919787 -0.391889 97.640778 -0.008117 0.391806 0.920012 -1.352641 0.000000 0.000000 0.000000 1.000000
0.999716 0.023796 -0.000910 1.655853 -0.022311 0.922599 -0.385114 97.573776 -0.008325 0.385026 0.922868 -1.684231 0.000000 0.000000 0.000000 1.000000
0.999677 0.025366 -0.001239 1.682134 -0.023956 0.925663 -0.377589 97.529518 -0.008431 0.377497 0.925972 -2.025166 0.000000 0.000000 0.000000 1.000000
0.999637 0.026889 -0.001536 1.702124 -0.025546 0.928548 -0.370332 97.491379 -0.008532 0.370237 0.928898 -2.384249 0.000000 0.000000 0.000000 1.000000
0.999582 0.028873 -0.001616 1.702595 -0.027485 0.931171 -0.363545 97.444389 -0.008992 0.363438 0.931575 -2.768955 0.000000 0.000000 0.000000 1.000000
0.999510 0.031287 -0.001147 1.683338 -0.029639 0.933790 -0.356592 97.379768 -0.010086 0.356452 0.934259 -3.174231 0.000000 0.000000 0.000000 1.000000
0.999438 0.033533 -0.000029 1.662917 -0.031434 0.936576 -0.349052 97.297943 -0.011678 0.348856 0.937103 -3.578848 0.000000 0.000000 0.000000 1.000000
0.999383 0.035096 0.001320 1.663669 -0.032543 0.939507 -0.340981 97.211464 -0.013207 0.340727 0.940069 -3.954601 0.000000 0.000000 0.000000 1.000000
0.999356 0.035817 0.002326 1.693744 -0.033009 0.942596 -0.332299 97.139519 -0.014094 0.332008 0.943171 -4.282013 0.000000 0.000000 0.000000 1.000000
0.999358 0.035745 0.002559 1.745780 -0.033008 0.945941 -0.322654 97.093513 -0.013954 0.322362 0.946514 -4.558461 0.000000 0.000000 0.000000 1.000000
0.999381 0.035135 0.001622 1.807752 -0.032876 0.949520 -0.311979 97.069847 -0.012501 0.311733 0.950088 -4.793468 0.000000 0.000000 0.000000 1.000000
0.999408 0.034396 -0.000571 1.869366 -0.032976 0.953155 -0.300680 97.057922 -0.009798 0.300521 0.953725 -4.999139 0.000000 0.000000 0.000000 1.000000
0.999424 0.033777 -0.003211 1.920362 -0.033263 0.956730 -0.289069 97.052139 -0.006692 0.289009 0.957303 -5.180644 0.000000 0.000000 0.000000 1.000000
0.999437 0.033194 -0.004900 1.956723 -0.033253 0.960334 -0.276861 97.051239 -0.004485 0.276868 0.960897 -5.328812 0.000000 0.000000 0.000000 1.000000
0.999469 0.032244 -0.004789 1.978446 -0.032366 0.964136 -0.263427 97.058548 -0.003877 0.263442 0.964667 -5.428878 0.000000 0.000000 0.000000 1.000000
0.999522 0.030718 -0.003359 1.990906 -0.030589 0.968143 -0.248522 97.072021 -0.004382 0.248506 0.968620 -5.474176 0.000000 0.000000 0.000000 1.000000
0.999583 0.028819 -0.001829 1.998458 -0.028454 0.972148 -0.232635 97.085800 -0.004926 0.232590 0.972562 -5.475967 0.000000 0.000000 0.000000 1.000000
0.999636 0.026965 -0.001032 2.003245 -0.026548 0.975911 -0.216548 97.096306 -0.004832 0.216496 0.976272 -5.457030 0.000000 0.000000 0.000000 1.000000
0.999676 0.025441 -0.001102 2.009568 -0.025144 0.979332 -0.200690 97.111115 -0.004026 0.200652 0.979654 -5.432772 0.000000 0.000000 0.000000 1.000000
0.999698 0.024504 -0.001996 2.012057 -0.024450 0.982424 -0.185054 97.145515 -0.002574 0.185047 0.982726 -5.398481 0.000000 0.000000 0.000000 1.000000
0.999697 0.024325 -0.003733 2.004265 -0.024606 0.985203 -0.169614 97.202484 -0.000448 0.169655 0.985503 -5.340714 0.000000 0.000000 0.000000 1.000000
0.999669 0.024953 -0.006185 1.976663 -0.025609 0.987657 -0.154527 97.269455 0.002253 0.154634 0.987969 -5.253885 0.000000 0.000000 0.000000 1.000000
0.999621 0.026038 -0.008904 1.927755 -0.027028 0.989794 -0.139920 97.333771 0.005170 0.140108 0.990123 -5.146382 0.000000 0.000000 0.000000 1.000000
0.999576 0.026839 -0.011255 1.864241 -0.028042 0.991662 -0.125774 97.401260 0.007786 0.126036 0.991995 -5.028904 0.000000 0.000000 0.000000 1.000000
0.999560 0.026818 -0.012680 1.791844 -0.028072 0.993296 -0.112136 97.480301 0.009588 0.112443 0.993612 -4.904130 0.000000 0.000000 0.000000 1.000000
0.999580 0.025990 -0.012857 1.710210 -0.027139 0.994703 -0.099143 97.571648 0.010212 0.099450 0.994990 -4.769551 0.000000 0.000000 0.000000 1.000000
0.999620 0.024891 -0.011865 1.619783 -0.025827 0.995901 -0.086689 97.663055 0.009658 0.086962 0.996165 -4.627998 0.000000 0.000000 0.000000 1.000000
0.999660 0.023995 -0.010222 1.528213 -0.024691 0.996915 -0.074501 97.740303 0.008403 0.074728 0.997169 -4.488328 0.000000 0.000000 0.000000 1.000000
0.999689 0.023397 -0.008686 1.445440 -0.023896 0.997746 -0.062706 97.798767 0.007199 0.062894 0.997994 -4.359159 0.000000 0.000000 0.000000 1.000000
0.999704 0.023032 -0.007782 1.375701 -0.023406 0.998380 -0.051857 97.844719 0.006575 0.052024 0.998624 -4.244723 0.000000 0.000000 0.000000 1.000000
0.999711 0.022817 -0.007558 1.317731 -0.023117 0.998835 -0.042357 97.888206 0.006583 0.042519 0.999074 -4.142388 0.000000 0.000000 0.000000 1.000000
0.999716 0.022542 -0.007711 1.267569 -0.022792 0.999160 -0.034063 97.932648 0.006937 0.034230 0.999390 -4.043032 0.000000 0.000000 0.000000 1.000000
0.999725 0.022071 -0.007864 1.222147 -0.022272 0.999402 -0.026457 97.975677 0.007276 0.026625 0.999619 -3.935708 0.000000 0.000000 0.000000 1.000000
0.999733 0.021700 -0.007999 1.180912 -0.021848 0.999580 -0.019026 98.011940 0.007582 0.019195 0.999787 -3.815118 0.000000 0.000000 0.000000 1.000000
0.999721 0.022009 -0.008616 1.144233 -0.022108 0.999689 -0.011501 98.035698 0.008361 0.011688 0.999897 -3.682195 0.000000 0.000000 0.000000 1.000000
0.999678 0.023216 -0.010197 1.110865 -0.023258 0.999722 -0.003949 98.046356 0.010103 0.004185 0.999940 -3.537205 0.000000 0.000000 0.000000 1.000000
0.999617 0.024726 -0.012463 1.077350 -0.024688 0.999690 0.003203 98.050842 0.012539 -0.002895 0.999917 -3.376567 0.000000 0.000000 0.000000 1.000000
0.999569 0.025573 -0.014386 1.040635 -0.025440 0.999632 0.009367 98.057816 0.014621 -0.008997 0.999853 -3.199664 0.000000 0.000000 0.000000 1.000000
0.999560 0.025503 -0.015121 1.002087 -0.025288 0.999579 0.014254 98.070229 0.015478 -0.013865 0.999784 -3.014390 0.000000 0.000000 0.000000 1.000000
0.999573 0.025235 -0.014732 0.966255 -0.024964 0.999521 0.018283 98.084305 0.015187 -0.017907 0.999724 -2.830397 0.000000 0.000000 0.000000 1.000000
0.999588 0.025181 -0.013787 0.934300 -0.024867 0.999437 0.022517 98.096458 0.014347 -0.022165 0.999651 -2.648398 0.000000 0.000000 0.000000 1.000000
0.999620 0.024642 -0.012358 0.901117 -0.024290 0.999316 0.027878 98.108383 0.013036 -0.027567 0.999535 -2.459449 0.000000 0.000000 0.000000 1.000000
0.999684 0.023044 -0.010082 0.863012 -0.022689 0.999162 0.034080 98.123093 0.010859 -0.033840 0.999368 -2.254713 0.000000 0.000000 0.000000 1.000000
0.999751 0.021068 -0.007292 0.826050 -0.020763 0.998997 0.039673 98.138428 0.008121 -0.039511 0.999186 -2.034120 0.000000 0.000000 0.000000 1.000000
0.999790 0.019808 -0.005208 0.799384 -0.019564 0.998868 0.043352 98.149788 0.006061 -0.043241 0.999046 -1.806368 0.000000 0.000000 0.000000 1.000000
0.999799 0.019474 -0.004835 0.783951 -0.019237 0.998806 0.044916 98.157364 0.005704 -0.044813 0.998979 -1.581497 0.000000 0.000000 0.000000 1.000000
0.999794 0.019380 -0.006054 0.773310 -0.019087 0.998801 0.045086 98.167160 0.006920 -0.044961 0.998965 -1.363769 0.000000 0.000000 0.000000 1.000000
0.999790 0.018921 -0.007913 0.763069 -0.018548 0.998822 0.044847 98.184135 0.008753 -0.044691 0.998963 -1.151135 0.000000 0.000000 0.000000 1.000000
0.999787 0.018281 -0.009629 0.753401 -0.017832 0.998837 0.044802 98.206673 0.010437 -0.044621 0.998949 -0.939798 0.000000 0.000000 0.000000 1.000000
0.999773 0.018172 -0.011161 0.742723 -0.017654 0.998837 0.044867 98.228302 0.011963 -0.044660 0.998931 -0.729129 0.000000 0.000000 0.000000 1.000000
0.999739 0.018929 -0.012814 0.726689 -0.018340 0.998835 0.044631 98.243713 0.013644 -0.044385 0.998921 -0.523666 0.000000 0.000000 0.000000 1.000000
0.999693 0.020064 -0.014503 0.705974 -0.019410 0.998846 0.043934 98.252281 0.015368 -0.043639 0.998929 -0.331065 0.000000 0.000000 0.000000 1.000000
0.999657 0.020935 -0.015708 0.687746 -0.020244 0.998874 0.042907 98.256149 0.016589 -0.042574 0.998956 -0.157715 0.000000 0.000000 0.000000 1.000000
0.999640 0.021459 -0.016094 0.674107 -0.020773 0.998918 0.041618 98.258179 0.016970 -0.041269 0.999004 -0.004322 0.000000 0.000000 0.000000 1.000000
0.999635 0.021825 -0.015941 0.656100 -0.021172 0.998973 0.040051 98.262047 0.016799 -0.039699 0.999070 0.135919 0.000000 0.000000 0.000000 1.000000
0.999632 0.022006 -0.015871 0.626284 -0.021382 0.999031 0.038480 98.271378 0.016703 -0.038127 0.999133 0.273409 0.000000 0.000000 0.000000 1.000000
0.999626 0.021990 -0.016252 0.589040 -0.021370 0.999072 0.037390 98.285919 0.017059 -0.037029 0.999169 0.413599 0.000000 0.000000 0.000000 1.000000
0.999612 0.022008 -0.017060 0.552519 -0.021368 0.999094 0.036803 98.301651 0.017855 -0.036424 0.999177 0.550822 0.000000 0.000000 0.000000 1.000000
0.999588 0.022196 -0.018180 0.517752 -0.021528 0.999114 0.036150 98.312958 0.018967 -0.035744 0.999181 0.672592 0.000000 0.000000 0.000000 1.000000
0.999559 0.022439 -0.019462 0.482501 -0.021747 0.999149 0.035056 98.318848 0.020232 -0.034617 0.999196 0.771643 0.000000 0.000000 0.000000 1.000000
0.999532 0.022643 -0.020589 0.447491 -0.021939 0.999187 0.033824 98.321434 0.021338 -0.033357 0.999216 0.852737 0.000000 0.000000 0.000000 1.000000
0.999513 0.022860 -0.021258 0.413527 -0.022154 0.999214 0.032864 98.323463 0.021993 -0.032377 0.999234 0.925952 0.000000 0.000000 0.000000 1.000000
0.999504 0.023008 -0.021525 0.378307 -0.022311 0.999236 0.032092 98.326683 0.022246 -0.031596 0.999253 0.994197 0.000000 0.000000 0.000000 1.000000
0.999505 0.022784 -0.021684 0.339919 -0.022102 0.999269 0.031190 98.331177 0.022379 -0.030695 0.999278 1.049809 0.000000 0.000000 0.000000 1.000000
