<?xml version="1.0" encoding="utf-8"?>
<COLLADA xmlns="http://www.collada.org/2005/11/COLLADASchema" version="1.4.1">
  <asset><contributor><author>Mixamo</author><authoring_tool>COLLADA Mixamo exporter</authoring_tool><comments></comments></contributor><created>2020-02-25T10:27:03Z</created><modified>2020-02-25T10:27:03Z</modified><revision></revision><title></title><unit meter="0.010000"/><up_axis>Y_UP</up_axis></asset>
  <library_animations>
    <animation id="mixamorig7_Hips-anim" name="mixamorig7_Hips"><source id="mixamorig7_Hips-Matrix-animation-input"><float_array id="mixamorig7_Hips-Matrix-animation-input-array" count="79">

0.000000 0.033333 0.066667 0.100000 0.133333 0.166667 0.200000 0.233333 0.266667 0.300000 0.333333 0.366667 0.400000 0.433333 0.466667 0.500000
0.533333 0.566667 0.600000 0.633333 0.666667 0.700000 0.733333 0.766667 0.800000 0.833333 0.866667 0.900000 0.933333 0.966667 1.000000 1.033333
1.066667 1.100000 1.133333 1.166667 1.200000 1.233333 1.266667 1.300000 1.333333 1.366667 1.400000 1.433333 1.466667 1.500000 1.533333 1.566667
1.600000 1.633333 1.666667 1.700000 1.733333 1.766667 1.800000 1.833333 1.866667 1.900000 1.933333 1.966667 2.000000 2.033333 2.066667 2.100000
2.133333 2.166667 2.200000 2.233333 2.266667 2.300000 2.333333 2.366667 2.400000 2.433333 2.466667 2.500000 2.533333 2.566667 2.600000</float_array><technique_common><accessor source="#mixamorig7_Hips-Matrix-animation-input-array" count="79"><param name="TIME" type="float"/></accessor></technique_common></source><source id="mixamorig7_Hips-Matrix-animation-output-transform"><float_array id="mixamorig7_Hips-Matrix-animation-output-transform-array" count="1264">

0.989443 0.066472 0.128776 -0.405524 0.049001 0.682811 -0.728950 73.699471 -0.136385 0.727565 0.672346 3.512634 0.000000 0.000000 0.000000 1.000000
0.990429 0.070282 0.118789 -0.397363 0.040013 0.677481 -0.734451 74.479630 -0.132096 0.732175 0.668184 5.041602 0.000000 0.000000 0.000000 1.000000
0.991271 0.071490 0.110776 -0.310975 0.034438 0.670651 -0.740973 75.135292 -0.127264 0.738320 0.662335 6.391930 0.000000 0.000000 0.000000 1.000000
0.992159 0.069728 0.103720 -0.159045 0.031589 0.663045 -0.747913 75.606941 -0.120922 0.745325 0.655644 7.587978 0.000000 0.000000 0.000000 1.000000
0.993144 0.066005 0.096476 0.029208 0.029723 0.655610 -0.754514 75.883522 -0.113052 0.752209 0.649154 8.712177 0.000000 0.000000 0.000000 1.000000
0.994131 0.061783 0.088806 0.230962 0.027518 0.649470 -0.759889 75.985947 -0.104625 0.757873 0.643958 9.857065 0.000000 0.000000 0.000000 1.000000
0.995006 0.058113 0.081154 0.435212 0.024580 0.645349 -0.763492 75.945602 -0.096742 0.761674 0.640698 11.078682 0.000000 0.000000 0.000000 1.000000
0.995745 0.055483 0.073582 0.634856 0.020719 0.643232 -0.765391 75.781555 -0.089796 0.763659 0.639345 12.379128 0.000000 0.000000 0.000000 1.000000
0.996376 0.054125 0.065619 0.820334 0.015533 0.642689 -0.765970 75.499870 -0.083631 0.764213 0.639519 13.724775 0.000000 0.000000 0.000000 1.000000
0.996887 0.054151 0.057305 0.987394 0.009047 0.643462 -0.765424 75.102386 -0.078322 0.763560 0.640970 15.079323 0.000000 0.000000 0.000000 1.000000
0.997232 0.055312 0.049692 1.148098 0.002257 0.645478 -0.763776 74.587006 -0.074321 0.761774 0.643566 16.430859 0.000000 0.000000 0.000000 1.000000
0.997412 0.056897 0.043962 1.325382 -0.003420 0.648266 -0.761407 73.945679 -0.071821 0.759286 0.646782 17.795982 0.000000 0.000000 0.000000 1.000000
0.997477 0.058152 0.040708 1.533836 -0.006937 0.650587 -0.759400 73.177322 -0.070644 0.757202 0.649349 19.198690 0.000000 0.000000 0.000000 1.000000
0.997455 0.058516 0.040732 1.775308 -0.007189 0.650933 -0.759101 72.311806 -0.070933 0.756877 0.649697 20.646055 0.000000 0.000000 0.000000 1.000000
0.997303 0.057316 0.045833 2.055701 -0.002308 0.648718 -0.761026 71.417351 -0.073352 0.758868 0.647101 22.131683 0.000000 0.000000 0.000000 1.000000
0.996906 0.053861 0.057242 2.395606 0.009023 0.645045 -0.764091 70.575180 -0.078079 0.762244 0.642564 23.661331 0.000000 0.000000 0.000000 1.000000
0.996160 0.048481 0.072908 2.806590 0.024847 0.641941 -0.766351 69.833336 -0.083956 0.765220 0.638271 25.266212 0.000000 0.000000 0.000000 1.000000
0.995221 0.043052 0.087642 3.264916 0.039825 0.640551 -0.766882 69.181137 -0.089155 0.766708 0.635775 26.972942 0.000000 0.000000 0.000000 1.000000
0.994492 0.039672 0.097010 3.735049 0.049249 0.640160 -0.766661 68.592178 -0.092517 0.767217 0.634680 28.769613 0.000000 0.000000 0.000000 1.000000
0.994163 0.038915 0.100625 4.205907 0.052669 0.638929 -0.767461 68.082062 -0.094158 0.768281 0.633150 30.611866 0.000000 0.000000 0.000000 1.000000
0.994072 0.039797 0.101177 4.691401 0.052973 0.635380 -0.770381 67.702339 -0.094945 0.771174 0.629505 32.442028 0.000000 0.000000 0.000000 1.000000
0.994038 0.041452 0.100847 5.197614 0.052433 0.629219 -0.775458 67.500053 -0.095599 0.776122 0.623294 34.229534 0.000000 0.000000 0.000000 1.000000
0.994040 0.043920 0.099778 5.706624 0.051042 0.621235 -0.781960 67.484100 -0.096329 0.782393 0.615291 35.966686 0.000000 0.000000 0.000000 1.000000
0.994140 0.047094 0.097307 6.196249 0.048170 0.612844 -0.788734 67.634750 -0.096778 0.788799 0.606984 37.644253 0.000000 0.000000 0.000000 1.000000
0.994381 0.049885 0.093374 6.661671 0.044232 0.605560 -0.794569 67.941078 -0.096181 0.794234 0.599951 39.253178 0.000000 0.000000 0.000000 1.000000
0.994743 0.051174 0.088696 7.110385 0.040330 0.600369 -0.798705 68.420639 -0.094124 0.798084 0.595149 40.815685 0.000000 0.000000 0.000000 1.000000
0.995115 0.051166 0.084434 7.545505 0.037259 0.597354 -0.801112 69.103348 -0.091427 0.800344 0.592529 42.393574 0.000000 0.000000 0.000000 1.000000
0.995340 0.051135 0.081758 7.954185 0.035287 0.595888 -0.802292 70.009750 -0.089744 0.801438 0.591307 44.052288 0.000000 0.000000 0.000000 1.000000
0.995327 0.052107 0.081291 8.293897 0.034425 0.595071 -0.802936 71.135117 -0.090213 0.801982 0.590497 45.817108 0.000000 0.000000 0.000000 1.000000
0.995071 0.054145 0.083075 8.549180 0.034791 0.593889 -0.803794 72.440002 -0.092859 0.802723 0.589079 47.630066 0.000000 0.000000 0.000000 1.000000
0.994588 0.056554 0.087155 8.716356 0.036975 0.591281 -0.805617 73.814285 -0.097094 0.804480 0.585990 49.341156 0.000000 0.000000 0.000000 1.000000
0.993930 0.058060 0.093441 8.778672 0.041792 0.586432 -0.808920 75.082413 -0.101762 0.807915 0.580446 50.789082 0.000000 0.000000 0.000000 1.000000
0.993149 0.060396 0.100034 8.746355 0.046760 0.579134 -0.813890 76.140213 -0.107088 0.812992 0.572343 51.941677 0.000000 0.000000 0.000000 1.000000
0.992549 0.062884 0.104360 8.642229 0.050196 0.569413 -0.820518 77.012390 -0.111022 0.819643 0.562014 52.907761 0.000000 0.000000 0.000000 1.000000
0.992381 0.065914 0.104097 8.508209 0.049847 0.557861 -0.828436 77.792717 -0.112677 0.827313 0.550325 53.839603 0.000000 0.000000 0.000000 1.000000
0.992585 0.069814 0.099509 8.376275 0.045423 0.546294 -0.836361 78.543533 -0.112751 0.834679 0.539072 54.840282 0.000000 0.000000 0.000000 1.000000
0.992822 0.074483 0.093575 8.243096 0.039057 0.537591 -0.842301 79.235100 -0.113042 0.839910 0.530823 55.944824 0.000000 0.000000 0.000000 1.000000
0.992820 0.079418 0.089446 8.069695 0.033353 0.534322 -0.844623 79.797668 -0.114871 0.841542 0.527837 57.152435 0.000000 0.000000 0.000000 1.000000
0.992541 0.083652 0.088678 7.820042 0.029980 0.537585 -0.842677 80.216606 -0.118164 0.839050 0.531067 58.523251 0.000000 0.000000 0.000000 1.000000
0.992133 0.085983 0.090988 7.499678 0.029311 0.547058 -0.836581 80.467590 -0.121707 0.832667 0.540234 60.116924 0.000000 0.000000 0.000000 1.000000
0.991653 0.085590 0.096429 7.181233 0.031978 0.561261 -0.827021 80.517311 -0.124906 0.823201 0.553839 61.936726 0.000000 0.000000 0.000000 1.000000
0.990964 0.082528 0.105732 6.926483 0.038987 0.577026 -0.815795 80.365959 -0.128336 0.812546 0.568594 63.878769 0.000000 0.000000 0.000000 1.000000
0.990053 0.077621 0.117346 6.728089 0.049272 0.589942 -0.805941 80.140541 -0.131785 0.803706 0.580250 65.733627 0.000000 0.000000 0.000000 1.000000
0.989436 0.072178 0.125722 6.587920 0.058009 0.597654 -0.799653 80.159851 -0.132856 0.798499 0.587153 67.273781 0.000000 0.000000 0.000000 1.000000
0.989992 0.065924 0.124782 6.446489 0.060065 0.603279 -0.795265 80.634827 -0.127705 0.794801 0.593282 68.546631 0.000000 0.000000 0.000000 1.000000
0.992224 0.057145 0.110572 6.257658 0.052342 0.614428 -0.787235 81.765236 -0.112925 0.786901 0.606659 69.953690 0.000000 0.000000 0.000000 1.000000
0.994836 0.047403 0.089748 6.181531 0.039985 0.629687 -0.775819 83.272255 -0.093289 0.775401 0.624540 71.474625 0.000000 0.000000 0.000000 1.000000
0.996989 0.038856 0.067101 6.341624 0.026509 0.642427 -0.765888 85.022659 -0.072867 0.765361 0.639463 72.989090 0.000000 0.000000 0.000000 1.000000
0.998593 0.026972 0.045650 6.822179 0.016975 0.653016 -0.757154 86.892563 -0.050232 0.756864 0.651639 74.356155 0.000000 0.000000 0.000000 1.000000
0.999598 0.009445 0.026725 7.630487 0.013607 0.667216 -0.744740 88.587112 -0.024866 0.744805 0.666819 75.600418 0.000000 0.000000 0.000000 1.000000
0.999859 -0.012713 0.010945 8.712899 0.016686 0.686543 -0.726898 89.802338 0.001726 0.726978 0.686659 76.792686 0.000000 0.000000 0.000000 1.000000
0.999317 -0.036885 -0.002153 9.973537 0.024682 0.709769 -0.704002 90.534294 0.027495 0.703469 0.710194 77.967873 0.000000 0.000000 0.000000 1.000000
0.997949 -0.062081 -0.015641 11.291747 0.035419 0.738886 -0.672899 90.924812 0.053331 0.670964 0.739569 79.195465 0.000000 0.000000 0.000000 1.000000
0.995404 -0.086431 -0.041233 12.637436 0.041143 0.774796 -0.630871 90.786499 0.086474 0.626276 0.774791 80.595512 0.000000 0.000000 0.000000 1.000000
0.990097 -0.108936 -0.088553 14.061242 0.036601 0.809263 -0.586306 90.166313 0.135533 0.577258 0.805235 82.108536 0.000000 0.000000 0.000000 1.000000
0.979347 -0.128804 -0.155851 15.550858 0.022227 0.834736 -0.550202 89.480469 0.200962 0.535374 0.820359 83.335442 0.000000 0.000000 0.000000 1.000000
0.961859 -0.144134 -0.232494 16.923525 0.003283 0.855944 -0.517058 88.978821 0.273528 0.496573 0.823771 84.183121 0.000000 0.000000 0.000000 1.000000
0.938412 -0.147708 -0.312353 17.803673 -0.019383 0.880087 -0.474416 88.750954 0.344973 0.451252 0.823022 84.753654 0.000000 0.000000 0.000000 1.000000
0.911004 -0.135818 -0.389390 18.066790 -0.046232 0.904625 -0.423694 88.742645 0.409797 0.403989 0.817838 85.102417 0.000000 0.000000 0.000000 1.000000
0.882921 -0.118905 -0.454216 17.883663 -0.069514 0.923636 -0.376913 88.820892 0.464347 0.364359 0.807233 85.198250 0.000000 0.000000 0.000000 1.000000
0.856232 -0.110583 -0.504617 17.410654 -0.077946 0.937981 -0.337810 88.925392 0.510677 0.328577 0.794510 84.978279 0.000000 0.000000 0.000000 1.000000
0.832559 -0.109435 -0.543020 16.702848 -0.069223 0.952053 -0.298000 89.112450 0.549595 0.285692 0.785064 84.431831 0.000000 0.000000 0.000000 1.000000
0.816646 -0.102696 -0.567928 15.831802 -0.053322 0.966407 -0.251425 89.431305 0.574670 0.235608 0.783737 83.677681 0.000000 0.000000 0.000000 1.000000
0.809428 -0.086525 -0.580809 14.859533 -0.040952 0.978359 -0.202821 89.908997 0.585789 0.187955 0.788368 82.920219 0.000000 0.000000 0.000000 1.000000
0.802739 -0.069407 -0.592278 13.755465 -0.033370 0.986419 -0.160822 90.518234 0.595396 0.148862 0.789521 82.298004 0.000000 0.000000 0.000000 1.000000
0.790322 -0.057511 -0.609986 12.474681 -0.025837 0.991571 -0.126964 91.151047 0.612146 0.116103 0.782175 81.806091 0.000000 0.000000 0.000000 1.000000
0.775090 -0.048270 -0.630004 11.114797 -0.016168 0.995236 -0.096145 91.704453 0.631644 0.084707 0.770617 81.378090 0.000000 0.000000 0.000000 1.000000
0.761453 -0.038664 -0.647066 9.879005 -0.005703 0.997781 -0.066331 92.139641 0.648195 0.054198 0.759543 80.958572 0.000000 0.000000 0.000000 1.000000
0.749513 -0.028467 -0.661377 8.864036 0.002296 0.999181 -0.040404 92.439499 0.661986 0.028765 0.748964 80.508461 0.000000 0.000000 0.000000 1.000000
0.739560 -0.016888 -0.672879 8.031768 0.005261 0.999800 -0.019311 92.592705 0.673070 0.010742 0.739501 80.020622 0.000000 0.000000 0.000000 1.000000
0.733784 -0.003661 -0.679373 7.330964 0.004491 0.999990 -0.000538 92.650497 0.679368 -0.002656 0.733793 79.555672 0.000000 0.000000 0.000000 1.000000
0.732076 0.009502 -0.681156 6.739517 0.003289 0.999842 0.017482 92.702835 0.681215 -0.015038 0.731929 79.185493 0.000000 0.000000 0.000000 1.000000
0.731986 0.020658 -0.681006 6.230620 0.003209 0.999425 0.033766 92.790207 0.681312 -0.026902 0.731499 78.938301 0.000000 0.000000 0.000000 1.000000
0.732191 0.028981 -0.680483 5.787830 0.003874 0.998901 0.046711 92.893112 0.681089 -0.036838 0.731274 78.805260 0.000000 0.000000 0.000000 1.000000
0.732828 0.035023 -0.679512 5.417501 0.004326 0.998414 0.056126 92.984268 0.680400 -0.044070 0.731514 78.767776 0.000000 0.000000 0.000000 1.000000
0.733708 0.039974 -0.678289 5.119010 0.004146 0.997986 0.063300 93.051552 0.679453 -0.049256 0.732064 78.807854 0.000000 0.000000 0.000000 1.000000
0.733831 0.044407 -0.677879 4.867435 0.003604 0.997593 0.069252 93.094833 0.679322 -0.053262 0.731905 78.900604 0.000000 0.000000 0.000000 1.000000
0.732473 0.048411 -0.679072 4.654092 0.002672 0.997256 0.073977 93.112335 0.680790 -0.056000 0.730334 79.015877 0.000000 0.000000 0.000000 1.000000
0.730069 0.052154 -0.681380 4.482103 0.001120 0.996991 0.077512 93.101067 0.683372 -0.057352 0.727814 79.130241 0.000000 0.000000 0.000000 1.000000</float_array><technique_common><accessor source="#mixamorig7_Hips-Matrix-animation-output-transform-array" count="79" stride="16"><param type="float4x4"/></accessor></technique_common></source><source id="mixamorig7_Hips-Interpolations"><Name_array id="mixamorig7_Hips-Interpolations-array" count="79">
 LINEAR LINEAR LINEAR LINEAR LINEAR LINEAR LINEAR LINEAR LINEAR LINEAR LINEAR
LINEAR LINEAR LINEAR LINEAR LINEAR LINEAR LINEAR LINEAR LINEAR LINEAR LINEAR LINEAR
LINEAR LINEAR LINEAR LINEAR LINEAR LINEAR LINEAR LINEAR LINEAR LINEAR LINEAR LINEAR
LINEAR LINEAR LINEAR LINEAR LINEAR LINEAR LINEAR LINEAR LINEAR LINEAR LINEAR LINEAR
LINEAR LINEAR LINEAR LINEAR LINEAR LINEAR LINEAR LINEAR LINEAR LINEAR LINEAR LINEAR
LINEAR LINEAR LINEAR LINEAR LINEAR LINEAR LINEAR LINEAR LINEAR LINEAR LINEAR LINEAR
LINEAR LINEAR LINEAR LINEAR LINEAR LINEAR LINEAR LINEAR</Name_array><technique_common><accessor source="#mixamorig7_Hips-Interpolations-array" count="79"><param type="name"/></accessor></technique_common></source><sampler id="mixamorig7_Hips-Matrix-animation-transform"><input semantic="INPUT" source="#mixamorig7_Hips-Matrix-animation-input"/><input semantic="OUTPUT" source="#mixamorig7_Hips-Matrix-animation-output-transform"/><input semantic="INTERPOLATION" source="#mixamorig7_Hips-Interpolations"/></sampler><channel source="#mixamorig7_Hips-Matrix-animation-transform" target="mixamorig7_Hips/matrix"/></animation>
    <animation id="mixamorig7_Spine-anim" name="mixamorig7_Spine"><source id="mixamorig7_Spine-Matrix-animation-input"><float_array id="mixamorig7_Spine-Matrix-animation-input-array" count="79">

0.000000 0.033333 0.066667 0.100000 0.133333 0.166667 0.200000 0.233333 0.266667 0.300000 0.333333 0.366667 0.400000 0.433333 0.466667 0.500000
0.533333 0.566667 0.600000 0.633333 0.666667 0.700000 0.733333 0.766667 0.800000 0.833333 0.866667 0.900000 0.933333 0.966667 1.000000 1.033333
1.066667 1.100000 1.133333 1.166667 1.200000 1.233333 1.266667 1.300000 1.333333 1.366667 1.400000 1.433333 1.466667 1.500000 1.533333 1.566667
1.600000 1.633333 1.666667 1.700000 1.733333 1.766667 1.800000 1.833333 1.866667 1.900000 1.933333 1.966667 2.000000 2.033333 2.066667 2.100000
2.133333 2.166667 2.200000 2.233333 2.266667 2.300000 2.333333 2.366667 2.400000 2.433333 2.466667 2.500000 2.533333 2.566667 2.600000</float_array><technique_common><accessor source="#mixamorig7_Spine-Matrix-animation-input-array" count="79"><param name="TIME" type="float"/></accessor></technique_common></source><source id="mixamorig7_Spine-Matrix-animation-output-transform"><float_array id="mixamorig7_Spine-Matrix-animation-output-transform-array" count="1264">

0.999922 -0.012087 -0.003213 0.000000 0.012446 0.986966 0.160448 9.694400 0.001232 -0.160476 0.987039 -1.109700 0.000000 0.000000 0.000000 1.000000
0.999876 -0.015617 -0.001914 -0.000000 0.015722 0.986959 0.160203 9.694400 -0.000613 -0.160213 0.987082 -1.109700 0.000000 0.000000 0.000000 1.000000
0.999839 -0.017943 -0.000320 0.000000 0.017763 0.986910 0.160291 9.694400 -0.002560 -0.160271 0.987070 -1.109700 0.000000 0.000000 0.000000 1.000000
0.999821 -0.018858 0.001200 0.000000 0.018420 0.986845 0.160615 9.694400 -0.004213 -0.160564 0.987016 -1.109700 0.000000 0.000000 0.000000 1.000000
0.999822 -0.018723 0.002347 0.000000 0.018101 0.986788 0.161005 9.694400 -0.005330 -0.160934 0.986951 -1.109700 0.000000 0.000000 0.000000 1.000000
0.999830 -0.018160 0.003126 0.000000 0.017418 0.986764 0.161227 9.694400 -0.006012 -0.161146 0.986912 -1.109700 0.000000 0.000000 0.000000 1.000000
0.999838 -0.017630 0.003726 0.000000 0.016799 0.986787 0.161152 9.694400 -0.006518 -0.161063 0.986923 -1.109700 0.000000 0.000000 0.000000 1.000000
0.999841 -0.017312 0.004279 -0.000000 0.016399 0.986843 0.160847 9.694400 -0.007008 -0.160751 0.986970 -1.109700 0.000000 0.000000 0.000000 1.000000
0.999841 -0.017201 0.004764 0.000000 0.016214 0.986910 0.160455 9.694400 -0.007462 -0.160353 0.987032 -1.109700 0.000000 0.000000 0.000000 1.000000
0.999837 -0.017291 0.005121 -0.000000 0.016249 0.986976 0.160044 9.694400 -0.007821 -0.159935 0.987097 -1.109700 0.000000 0.000000 0.000000 1.000000
0.999830 -0.017622 0.005376 0.000000 0.016538 0.987040 0.159622 9.694400 -0.008120 -0.159506 0.987164 -1.109700 0.000000 0.000000 0.000000 1.000000
0.999819 -0.018172 0.005609 0.000000 0.017046 0.987073 0.159363 9.694400 -0.008432 -0.159239 0.987204 -1.109700 0.000000 0.000000 0.000000 1.000000
0.999806 -0.018833 0.005817 -0.000000 0.017663 0.987017 0.159642 9.694400 -0.008748 -0.159508 0.987158 -1.109700 0.000000 0.000000 0.000000 1.000000
0.999793 -0.019465 0.005867 -0.000000 0.018269 0.986827 0.160743 9.694400 -0.008919 -0.160603 0.986979 -1.109700 0.000000 0.000000 0.000000 1.000000
0.999786 -0.019920 0.005590 -0.000000 0.018748 0.986530 0.162505 9.694400 -0.008752 -0.162365 0.986692 -1.109700 0.000000 0.000000 0.000000 1.000000
0.999786 -0.020091 0.004992 0.000000 0.018998 0.986221 0.164340 9.694400 -0.008225 -0.164210 0.986391 -1.109700 0.000000 0.000000 0.000000 1.000000
0.999788 -0.020122 0.004353 -0.000000 0.019122 0.985986 0.165727 9.694400 -0.007627 -0.165609 0.986162 -1.109700 0.000000 0.000000 0.000000 1.000000
0.999783 -0.020463 0.003970 -0.000000 0.019516 0.985817 0.166684 9.694400 -0.007324 -0.166570 0.986002 -1.109700 0.000000 0.000000 0.000000 1.000000
0.999763 -0.021409 0.003863 0.000000 0.020459 0.985624 0.167712 9.694400 -0.007398 -0.167593 0.985828 -1.109700 0.000000 0.000000 0.000000 1.000000
0.999734 -0.022752 0.003822 -0.000000 0.021777 0.985330 0.169266 9.694400 -0.007618 -0.169138 0.985563 -1.109700 0.000000 0.000000 0.000000 1.000000
0.999706 -0.023970 0.003616 0.000000 0.022996 0.984948 0.171314 9.694400 -0.007668 -0.171180 0.985210 -1.109700 0.000000 0.000000 0.000000 1.000000
0.999686 -0.024826 0.003276 -0.000000 0.023881 0.984556 0.173435 9.694400 -0.007531 -0.173302 0.984840 -1.109700 0.000000 0.000000 0.000000 1.000000
0.999670 -0.025510 0.002977 0.000000 0.024594 0.984227 0.175195 9.694400 -0.007399 -0.175064 0.984529 -1.109700 0.000000 0.000000 0.000000 1.000000
0.999652 -0.026213 0.002821 0.000000 0.025305 0.984005 0.176337 9.694400 -0.007398 -0.176204 0.984326 -1.109700 0.000000 0.000000 0.000000 1.000000
0.999637 -0.026782 0.002767 0.000000 0.025871 0.983922 0.176714 9.694400 -0.007455 -0.176578 0.984258 -1.109700 0.000000 0.000000 0.000000 1.000000
0.999635 -0.026879 0.002702 0.000000 0.025982 0.983993 0.176303 9.694400 -0.007398 -0.176168 0.984332 -1.109700 0.000000 0.000000 0.000000 1.000000
0.999652 -0.026251 0.002540 -0.000000 0.025400 0.984185 0.175315 9.694400 -0.007102 -0.175190 0.984509 -1.109700 0.000000 0.000000 0.000000 1.000000
0.999691 -0.024757 0.002264 0.000000 0.023984 0.984427 0.174150 9.694400 -0.006540 -0.174041 0.984717 -1.109700 0.000000 0.000000 0.000000 1.000000
0.999747 -0.022438 0.001853 0.000000 0.021778 0.984664 0.173098 9.694400 -0.005709 -0.173014 0.984903 -1.109700 0.000000 0.000000 0.000000 1.000000
0.999808 -0.019570 0.001249 0.000000 0.019063 0.984878 0.172197 9.694400 -0.004600 -0.172140 0.985062 -1.109700 0.000000 0.000000 0.000000 1.000000
0.999867 -0.016277 0.000357 0.000000 0.015975 0.985075 0.171381 9.694400 -0.003141 -0.171352 0.985205 -1.109700 0.000000 0.000000 0.000000 1.000000
0.999930 -0.011803 -0.000862 -0.000000 0.011777 0.985251 0.170707 9.694400 -0.001166 -0.170705 0.985322 -1.109700 0.000000 0.000000 0.000000 1.000000
0.999965 -0.008058 -0.002337 -0.000000 0.008338 0.985343 0.170379 9.694400 0.000930 -0.170393 0.985376 -1.109700 0.000000 0.000000 0.000000 1.000000
0.999981 -0.004541 -0.004113 0.000000 0.005176 0.985327 0.170598 9.694400 0.003278 -0.170616 0.985332 -1.109700 0.000000 0.000000 0.000000 1.000000
0.999980 -0.002128 -0.005984 0.000000 0.003121 0.985204 0.171358 9.694400 0.005530 -0.171374 0.985191 -1.109700 0.000000 0.000000 0.000000 1.000000
0.999970 -0.001482 -0.007597 0.000000 0.002769 0.985037 0.172321 9.694400 0.007228 -0.172337 0.985012 -1.109700 0.000000 0.000000 0.000000 1.000000
0.999960 -0.002252 -0.008694 0.000000 0.003721 0.984932 0.172904 9.694400 0.008173 -0.172929 0.984900 -1.109700 0.000000 0.000000 0.000000 1.000000
0.999953 -0.003450 -0.009038 -0.000000 0.004958 0.984979 0.172604 9.694400 0.008307 -0.172641 0.984950 -1.109700 0.000000 0.000000 0.000000 1.000000
0.999951 -0.004144 -0.008964 -0.000000 0.005619 0.985205 0.171288 9.694400 0.008121 -0.171330 0.985180 -1.109700 0.000000 0.000000 0.000000 1.000000
0.999953 -0.004082 -0.008790 0.000000 0.005511 0.985561 0.169230 9.694400 0.007973 -0.169271 0.985537 -1.109700 0.000000 0.000000 0.000000 1.000000
0.999956 -0.003550 -0.008708 0.000000 0.004955 0.985950 0.166970 9.694400 0.007992 -0.167006 0.985924 -1.109700 0.000000 0.000000 0.000000 1.000000
0.999958 -0.002933 -0.008723 0.000000 0.004334 0.986262 0.165134 9.694400 0.008119 -0.165165 0.986233 -1.109700 0.000000 0.000000 0.000000 1.000000
0.999960 -0.002401 -0.008627 -0.000000 0.003784 0.986436 0.164100 9.694400 0.008116 -0.164126 0.986406 -1.109700 0.000000 0.000000 0.000000 1.000000
0.999964 -0.002259 -0.008135 0.000000 0.003559 0.986537 0.163500 9.694400 0.007656 -0.163523 0.986510 -1.109700 0.000000 0.000000 0.000000 1.000000
0.999972 -0.002240 -0.007203 0.000000 0.003378 0.986765 0.162121 9.694400 0.006744 -0.162140 0.986745 -1.109700 0.000000 0.000000 0.000000 1.000000
0.999980 -0.002242 -0.005835 -0.000000 0.003139 0.987338 0.158601 9.694400 0.005406 -0.158617 0.987325 -1.109700 0.000000 0.000000 0.000000 1.000000
0.999988 -0.002659 -0.004160 0.000000 0.003270 0.987972 0.154600 9.694400 0.003699 -0.154612 0.987968 -1.109700 0.000000 0.000000 0.000000 1.000000
0.999983 -0.005684 -0.001298 -0.000000 0.005815 0.988442 0.151489 9.694400 0.000422 -0.151494 0.988458 -1.109700 0.000000 0.000000 0.000000 1.000000
0.999968 -0.007794 0.001613 0.000000 0.007470 0.988952 0.148046 9.694400 -0.002749 -0.148029 0.988979 -1.109700 0.000000 0.000000 0.000000 1.000000
0.999962 -0.007709 0.004041 -0.000000 0.007051 0.989682 0.143109 9.694400 -0.005103 -0.143075 0.989699 -1.109700 0.000000 0.000000 0.000000 1.000000
0.999971 -0.005657 0.005163 0.000000 0.004894 0.990509 0.137364 9.694400 -0.005892 -0.137334 0.990507 -1.109700 0.000000 0.000000 0.000000 1.000000
0.999986 -0.002456 0.004644 0.000000 0.001825 0.991343 0.131286 9.694400 -0.004926 -0.131276 0.991334 -1.109700 0.000000 0.000000 0.000000 1.000000
0.999994 0.001970 0.002768 0.000000 -0.002297 0.992316 0.123708 9.694400 -0.002503 -0.123714 0.992315 -1.109700 0.000000 0.000000 0.000000 1.000000
0.999981 0.005823 0.002094 0.000000 -0.006024 0.993445 0.114154 9.694400 -0.001415 -0.114164 0.993461 -1.109700 0.000000 0.000000 0.000000 1.000000
0.999955 0.008943 0.003241 0.000000 -0.009235 0.994383 0.105435 9.694400 -0.002280 -0.105460 0.994421 -1.109700 0.000000 0.000000 0.000000 1.000000
0.999919 0.010678 0.006911 0.000000 -0.011316 0.994916 0.100075 9.694400 -0.005807 -0.100145 0.994956 -1.109700 0.000000 0.000000 0.000000 1.000000
0.999867 0.011334 0.011714 0.000000 -0.012405 0.995321 0.095824 9.694400 -0.010573 -0.095957 0.995329 -1.109700 0.000000 0.000000 0.000000 1.000000
0.999807 0.011659 0.015834 -0.000000 -0.013032 0.995894 0.089585 9.694400 -0.014724 -0.089774 0.995853 -1.109700 0.000000 0.000000 0.000000 1.000000
0.999755 0.011285 0.019051 0.000000 -0.012821 0.996506 0.082534 9.694400 -0.018053 -0.082758 0.996406 -1.109700 0.000000 0.000000 0.000000 1.000000
0.999703 0.010045 0.022197 0.000000 -0.011741 0.996909 0.077686 9.694400 -0.021348 -0.077924 0.996731 -1.109700 0.000000 0.000000 0.000000 1.000000
0.999626 0.009802 0.025523 0.000000 -0.011691 0.997118 0.074954 9.694400 -0.024715 -0.075224 0.996860 -1.109700 0.000000 0.000000 0.000000 1.000000
0.999516 0.011997 0.028686 0.000000 -0.014018 0.997354 0.071333 9.694400 -0.027754 -0.071701 0.997040 -1.109700 0.000000 0.000000 0.000000 1.000000
0.999399 0.013440 0.031968 0.000000 -0.015516 0.997726 0.065596 9.694400 -0.031014 -0.066053 0.997334 -1.109700 0.000000 0.000000 0.000000 1.000000
0.999306 0.011107 0.035547 0.000000 -0.013234 0.998100 0.060170 9.694400 -0.034811 -0.060599 0.997555 -1.109700 0.000000 0.000000 0.000000 1.000000
0.999213 0.007741 0.038907 0.000000 -0.009982 0.998282 0.057742 9.694400 -0.038393 -0.058085 0.997573 -1.109700 0.000000 0.000000 0.000000 1.000000
0.999100 0.007856 0.041687 0.000000 -0.010263 0.998272 0.057859 9.694400 -0.041160 -0.058235 0.997454 -1.109700 0.000000 0.000000 0.000000 1.000000
0.998943 0.011413 0.044533 0.000000 -0.013975 0.998239 0.057650 9.694400 -0.043797 -0.058211 0.997343 -1.109700 0.000000 0.000000 0.000000 1.000000
0.998721 0.015467 0.048140 -0.000000 -0.018126 0.998306 0.055288 9.694400 -0.047203 -0.056090 0.997309 -1.109700 0.000000 0.000000 0.000000 1.000000
0.998476 0.017924 0.052204 0.000000 -0.020613 0.998463 0.051438 9.694400 -0.051201 -0.052436 0.997311 -1.109700 0.000000 0.000000 0.000000 1.000000
0.998256 0.018316 0.056113 -0.000000 -0.020975 0.998667 0.047162 9.694400 -0.055174 -0.048257 0.997310 -1.109700 0.000000 0.000000 0.000000 1.000000
0.998063 0.017272 0.059759 -0.000000 -0.019827 0.998903 0.042426 9.694400 -0.058961 -0.043529 0.997311 -1.109700 0.000000 0.000000 0.000000 1.000000
0.997868 0.015935 0.063292 0.000000 -0.018305 0.999146 0.037045 9.694400 -0.062648 -0.038124 0.997307 -1.109700 0.000000 0.000000 0.000000 1.000000
0.997659 0.014992 0.066719 0.000000 -0.017132 0.999353 0.031624 9.694400 -0.066202 -0.032693 0.997271 -1.109700 0.000000 0.000000 0.000000 1.000000
0.997447 0.014336 0.069956 0.000000 -0.016254 0.999506 0.026917 9.694400 -0.069535 -0.027985 0.997187 -1.109700 0.000000 0.000000 0.000000 1.000000
0.997245 0.013526 0.072931 0.000000 -0.015242 0.999619 0.023015 9.694400 -0.072592 -0.024063 0.997071 -1.109700 0.000000 0.000000 0.000000 1.000000
0.997059 0.012551 0.075608 0.000000 -0.014069 0.999709 0.019578 9.694400 -0.075340 -0.020584 0.996945 -1.109700 0.000000 0.000000 0.000000 1.000000
0.996888 0.011828 0.077945 0.000000 -0.013156 0.999777 0.016546 9.694400 -0.077732 -0.017520 0.996820 -1.109700 0.000000 0.000000 0.000000 1.000000
0.996738 0.011418 0.079890 0.000000 -0.012591 0.999820 0.014198 9.694400 -0.079713 -0.015158 0.996703 -1.109700 0.000000 0.000000 0.000000 1.000000
0.996617 0.011004 0.081451 0.000000 -0.012069 0.999848 0.012588 9.694400 -0.081300 -0.013528 0.996598 -1.109700 0.000000 0.000000 0.000000 1.000000</float_array><technique_common><accessor source="#mixamorig7_Spine-Matrix-animation-output-transform-array" count="79" stride="16"><param type="float4x4"/></accessor></technique_common></source><source id="mixamorig7_Spine-Interpolations"><Name_array id="mixamorig7_Spine-Interpolations-array" count="79">
 LINEAR LINEAR LINEAR LINEAR LINEAR LINEAR LINEAR LINEAR LINEAR LINEAR LINEAR
LINEAR LINEAR LINEAR LINEAR LINEAR LINEAR LINEAR LINEAR LINEAR LINEAR LINEAR LINEAR
LINEAR LINEAR LINEAR LINEAR LINEAR LINEAR LINEAR LINEAR LINEAR LINEAR LINEAR LINEAR
LINEAR LINEAR LINEAR LINEAR LINEAR LINEAR LINEAR LINEAR LINEAR LINEAR LINEAR LINEAR
LINEAR LINEAR LINEAR LINEAR LINEAR LINEAR LINEAR LINEAR LINEAR LINEAR LINEAR LINEAR
LINEAR LINEAR LINEAR LINEAR LINEAR LINEAR LINEAR LINEAR LINEAR LINEAR LINEAR LINEAR
LINEAR LINEAR LINEAR LINEAR LINEAR LINEAR LINEAR LINEAR</Name_array><technique_common><accessor source="#mixamorig7_Spine-Interpolations-array" count="79"><param type="name"/></accessor></technique_common></source><sampler id="mixamorig7_Spine-Matrix-animation-transform"><input semantic="INPUT" source="#mixamorig7_Spine-Matrix-animation-input"/><input semantic="OUTPUT" source="#mixamorig7_Spine-Matrix-animation-output-transform"/><input semantic="INTERPOLATION" source="#mixamorig7_Spine-Interpolations"/></sampler><channel source="#mixamorig7_Spine-Matrix-animation-transform" target="mixamorig7_Spine/matrix"/></animation>
    <animation id="mixamorig7_Spine1-anim" name="mixamorig7_Spine1"><source id="mixamorig7_Spine1-Matrix-animation-input"><float_array id="mixamorig7_Spine1-Matrix-animation-input-array" count="79">

0.000000 0.033333 0.066667 0.100000 0.133333 0.166667 0.200000 0.233333 0.266667 0.300000 0.333333 0.366667 0.400000 0.433333 0.466667 0.500000
0.533333 0.566667 0.600000 0.633333 0.666667 0.700000 0.733333 0.766667 0.800000 0.833333 0.866667 0.900000 0.933333 0.966667 1.000000 1.033333
1.066667 1.100000 1.133333 1.166667 1.200000 1.233333 1.266667 1.300000 1.333333 1.366667 1.400000 1.433333 1.466667 1.500000 1.533333 1.566667
1.600000 1.633333 1.666667 1.700000 1.733333 1.766667 1.800000 1.833333 1.866667 1.900000 1.933333 1.966667 2.000000 2.033333 2.066667 2.100000
2.133333 2.166667 2.200000 2.233333 2.266667 2.300000 2.333333 2.366667 2.400000 2.433333 2.466667 2.500000 2.533333 2.566667 2.600000</float_array><technique_common><accessor source="#mixamorig7_Spine1-Matrix-animation-input-array" count="79"><param name="TIME" type="float"/></accessor></technique_common></source><source id="mixamorig7_Spine1-Matrix-animation-output-transform"><float_array id="mixamorig7_Spine1-Matrix-animation-output-transform-array" count="1264">

0.999943 -0.008094 -0.006949 -0.000000 0.008713 0.995513 0.094226 11.384000 0.006156 -0.094281 0.995527 0.000000 0.000000 0.000000 0.000000 1.000000
0.999953 -0.007931 -0.005652 -0.000000 0.008426 0.995562 0.093728 11.384000 0.004883 -0.093771 0.995582 -0.000000 0.000000 0.000000 0.000000 1.000000
0.999963 -0.007414 -0.004372 0.000000 0.007791 0.995553 0.093885 11.384000 0.003657 -0.093916 0.995573 -0.000000 0.000000 0.000000 0.000000 1.000000
0.999974 -0.006496 -0.003216 0.000000 0.006771 0.995501 0.094510 11.384000 0.002588 -0.094529 0.995519 0.000000 0.000000 0.000000 0.000000 1.000000
0.999982 -0.005527 -0.002287 -0.000000 0.005720 0.995435 0.095273 11.384000 0.001750 -0.095285 0.995449 0.000000 0.000000 0.000000 0.000000 1.000000
0.999987 -0.004934 -0.001532 -0.000000 0.005058 0.995397 0.095708 11.384000 0.001053 -0.095714 0.995408 0.000000 0.000000 0.000000 0.000000 1.000000
0.999988 -0.004797 -0.000771 -0.000000 0.004849 0.995413 0.095545 11.384000 0.000309 -0.095548 0.995425 0.000000 0.000000 0.000000 0.000000 1.000000
0.999988 -0.004859 0.000103 -0.000000 0.004827 0.995474 0.094916 11.384000 -0.000564 -0.094914 0.995485 0.000000 0.000000 0.000000 0.000000 1.000000
0.999987 -0.004933 0.000982 -0.000000 0.004818 0.995549 0.094117 11.384000 -0.001442 -0.094111 0.995561 0.000000 0.000000 0.000000 0.000000 1.000000
0.999985 -0.005152 0.001697 0.000000 0.004972 0.995628 0.093278 11.384000 -0.002171 -0.093268 0.995639 -0.000000 0.000000 0.000000 0.000000 1.000000
0.999981 -0.005757 0.002267 -0.000000 0.005523 0.995705 0.092419 11.384000 -0.002790 -0.092405 0.995718 -0.000000 0.000000 0.000000 0.000000 1.000000
0.999973 -0.006778 0.002885 0.000000 0.006484 0.995748 0.091891 11.384000 -0.003496 -0.091870 0.995765 0.000000 0.000000 0.000000 0.000000 1.000000
0.999961 -0.008015 0.003620 0.000000 0.007646 0.995688 0.092446 11.384000 -0.004345 -0.092414 0.995711 0.000000 0.000000 0.000000 0.000000 1.000000
0.999949 -0.009185 0.004199 0.000000 0.008746 0.995471 0.094664 11.384000 -0.005050 -0.094622 0.995500 -0.000000 0.000000 0.000000 0.000000 1.000000
0.999941 -0.010017 0.004223 0.000000 0.009554 0.995119 0.098220 11.384000 -0.005186 -0.098174 0.995156 0.000000 0.000000 0.000000 0.000000 1.000000
0.999939 -0.010427 0.003673 0.000000 0.009998 0.994741 0.101934 11.384000 -0.004717 -0.101891 0.994784 0.000000 0.000000 0.000000 0.000000 1.000000
0.999937 -0.010754 0.003113 0.000000 0.010369 0.994445 0.104746 11.384000 -0.004222 -0.104707 0.994494 -0.000000 0.000000 0.000000 0.000000 1.000000
0.999927 -0.011614 0.003187 -0.000000 0.011208 0.994230 0.106680 11.384000 -0.004407 -0.106636 0.994288 0.000000 0.000000 0.000000 0.000000 1.000000
0.999904 -0.013274 0.003918 -0.000000 0.012769 0.993987 0.108753 11.384000 -0.005338 -0.108692 0.994061 0.000000 0.000000 0.000000 0.000000 1.000000
0.999872 -0.015306 0.004705 0.000000 0.014683 0.993613 0.111882 11.384000 -0.006388 -0.111798 0.993710 0.000000 0.000000 0.000000 0.000000 1.000000
0.999842 -0.017033 0.005008 0.000000 0.016337 0.993113 0.116012 11.384000 -0.006950 -0.115912 0.993235 0.000000 0.000000 0.000000 0.000000 1.000000
0.999823 -0.018191 0.004853 -0.000000 0.017476 0.992585 0.120293 11.384000 -0.007005 -0.120187 0.992727 0.000000 0.000000 0.000000 0.000000 1.000000
0.999808 -0.019022 0.004614 -0.000000 0.018305 0.992133 0.123845 11.384000 -0.006934 -0.123737 0.992291 -0.000000 0.000000 0.000000 0.000000 1.000000
0.999793 -0.019808 0.004548 0.000000 0.019076 0.991828 0.126148 11.384000 -0.007010 -0.126035 0.992001 0.000000 0.000000 0.000000 0.000000 1.000000
0.999779 -0.020528 0.004624 0.000000 0.019776 0.991717 0.126910 11.384000 -0.007191 -0.126790 0.991904 0.000000 0.000000 0.000000 0.000000 1.000000
0.999768 -0.021039 0.004650 0.000000 0.020285 0.991812 0.126082 11.384000 -0.007265 -0.125958 0.992009 0.000000 0.000000 0.000000 0.000000 1.000000
0.999760 -0.021443 0.004415 0.000000 0.020730 0.992053 0.124101 11.384000 -0.007041 -0.123980 0.992260 -0.000000 0.000000 0.000000 0.000000 1.000000
0.999749 -0.022103 0.003756 -0.000000 0.021481 0.992326 0.121768 11.384000 -0.006418 -0.121657 0.992551 0.000000 0.000000 0.000000 0.000000 1.000000
0.999725 -0.023298 0.002625 0.000000 0.022817 0.992551 0.119671 11.384000 -0.005393 -0.119578 0.992810 0.000000 0.000000 0.000000 0.000000 1.000000
0.999687 -0.024980 0.001134 0.000000 0.024672 0.992722 0.117876 11.384000 -0.004070 -0.117811 0.993028 -0.000000 0.000000 0.000000 0.000000 1.000000
0.999641 -0.026779 -0.000498 0.000000 0.026656 0.992863 0.116240 11.384000 -0.002618 -0.116211 0.993221 0.000000 0.000000 0.000000 0.000000 1.000000
0.999602 -0.028149 -0.002082 -0.000000 0.028202 0.992980 0.114875 11.384000 -0.001167 -0.114888 0.993378 -0.000000 0.000000 0.000000 0.000000 1.000000
0.999584 -0.028618 -0.003507 0.000000 0.028831 0.993040 0.114190 11.384000 0.000215 -0.114244 0.993453 0.000000 0.000000 0.000000 0.000000 1.000000
0.999593 -0.028137 -0.004666 -0.000000 0.028486 0.993004 0.114594 11.384000 0.001409 -0.114681 0.993401 0.000000 0.000000 0.000000 0.000000 1.000000
0.999614 -0.027225 -0.005444 -0.000000 0.027673 0.992853 0.116091 11.384000 0.002244 -0.116197 0.993224 0.000000 0.000000 0.000000 0.000000 1.000000
0.999631 -0.026529 -0.005871 0.000000 0.027037 0.992644 0.118009 11.384000 0.002698 -0.118124 0.992995 0.000000 0.000000 0.000000 0.000000 1.000000
0.999638 -0.026175 -0.006177 -0.000000 0.026725 0.992513 0.119180 11.384000 0.003011 -0.119302 0.992853 0.000000 0.000000 0.000000 0.000000 1.000000
0.999647 -0.025740 -0.006599 0.000000 0.026341 0.992595 0.118583 11.384000 0.003498 -0.118715 0.992922 -0.000000 0.000000 0.000000 0.000000 1.000000
0.999666 -0.024826 -0.007221 0.000000 0.025496 0.992929 0.115936 11.384000 0.004292 -0.116082 0.993230 0.000000 0.000000 0.000000 0.000000 1.000000
0.999692 -0.023455 -0.008066 0.000000 0.024211 0.993437 0.111788 11.384000 0.005391 -0.111949 0.993699 -0.000000 0.000000 0.000000 0.000000 1.000000
0.999715 -0.022021 -0.009175 -0.000000 0.022878 0.993972 0.107225 11.384000 0.006759 -0.107404 0.994192 -0.000000 0.000000 0.000000 0.000000 1.000000
0.999723 -0.021152 -0.010349 0.000000 0.022111 0.994383 0.103510 11.384000 0.008101 -0.103710 0.994575 0.000000 0.000000 0.000000 0.000000 1.000000
0.999711 -0.021425 -0.010937 0.000000 0.022424 0.994592 0.101410 11.384000 0.008705 -0.101626 0.994785 0.000000 0.000000 0.000000 0.000000 1.000000
0.999691 -0.022631 -0.010330 0.000000 0.023553 0.994689 0.100198 11.384000 0.008008 -0.100410 0.994914 0.000000 0.000000 0.000000 0.000000 1.000000
0.999695 -0.023172 -0.008587 0.000000 0.023900 0.994955 0.097437 11.384000 0.006286 -0.097612 0.995205 0.000000 0.000000 0.000000 0.000000 1.000000
0.999781 -0.019904 -0.006421 0.000000 0.020404 0.995698 0.090387 11.384000 0.004595 -0.090498 0.995886 0.000000 0.000000 0.000000 0.000000 1.000000
0.999906 -0.012769 -0.004985 0.000000 0.013136 0.996515 0.082368 11.384000 0.003916 -0.082425 0.996590 -0.000000 0.000000 0.000000 0.000000 1.000000
0.999975 -0.006099 -0.003483 -0.000000 0.006346 0.997078 0.076123 11.384000 0.003009 -0.076144 0.997092 0.000000 0.000000 0.000000 0.000000 1.000000
0.999997 -0.001913 -0.001509 0.000000 0.002013 0.997603 0.069162 11.384000 0.001373 -0.069165 0.997604 -0.000000 0.000000 0.000000 0.000000 1.000000
0.999999 0.001149 0.000286 0.000000 -0.001164 0.998247 0.059175 11.384000 -0.000217 -0.059176 0.998248 0.000000 0.000000 0.000000 0.000000 1.000000
0.999993 0.003476 0.001620 0.000000 -0.003549 0.998861 0.047576 11.384000 -0.001453 -0.047581 0.998866 0.000000 0.000000 0.000000 0.000000 1.000000
0.999985 0.004492 0.003018 0.000000 -0.004595 0.999365 0.035338 11.384000 -0.002858 -0.035351 0.999371 0.000000 0.000000 0.000000 0.000000 1.000000
0.999973 0.005186 0.005272 -0.000000 -0.005291 0.999784 0.020091 11.384000 -0.005166 -0.020118 0.999784 0.000000 0.000000 0.000000 0.000000 1.000000
0.999933 0.007193 0.009079 0.000000 -0.007201 0.999974 0.000859 11.384000 -0.009073 -0.000924 0.999958 0.000000 0.000000 0.000000 0.000000 1.000000
0.999833 0.010859 0.014703 0.000000 -0.010614 0.999805 -0.016682 11.384000 -0.014881 0.016523 0.999753 0.000000 0.000000 0.000000 0.000000 1.000000
0.999646 0.015504 0.021612 0.000000 -0.014908 0.999511 -0.027479 11.384000 -0.022027 0.027147 0.999389 0.000000 0.000000 0.000000 0.000000 1.000000
0.999389 0.020343 0.028406 0.000000 -0.019313 0.999162 -0.036085 11.384000 -0.029117 0.035515 0.998945 0.000000 0.000000 0.000000 0.000000 1.000000
0.999129 0.024523 0.033772 0.000000 -0.022863 0.998552 -0.048698 11.384000 -0.034918 0.047884 0.998242 -0.000000 0.000000 0.000000 0.000000 1.000000
0.998916 0.026865 0.038015 -0.000000 -0.024438 0.997719 -0.062918 11.384000 -0.039619 0.061921 0.997294 -0.000000 0.000000 0.000000 0.000000 1.000000
0.998711 0.027475 0.042686 -0.000000 -0.024322 0.997056 -0.072712 11.384000 -0.044558 0.071580 0.996439 -0.000000 0.000000 0.000000 0.000000 1.000000
0.998391 0.029582 0.048370 -0.000000 -0.025735 0.996598 -0.078296 11.384000 -0.050522 0.076925 0.995756 -0.000000 0.000000 0.000000 0.000000 1.000000
0.997898 0.034828 0.054652 0.000000 -0.030066 0.995871 -0.085660 11.384000 -0.057410 0.083837 0.994824 0.000000 0.000000 0.000000 0.000000 1.000000
0.997394 0.037336 0.061743 0.000000 -0.031223 0.994778 -0.097172 11.384000 -0.065048 0.094991 0.993351 0.000000 0.000000 0.000000 0.000000 1.000000
