<?xml version="1.0" encoding="utf-8"?>
<COLLADA xmlns="http://www.collada.org/2005/11/COLLADASchema" version="1.4.1">
  <asset><contributor><author>Mixamo</author><authoring_tool>COLLADA Mixamo exporter</authoring_tool><comments></comments></contributor><created>2020-02-25T10:29:45Z</created><modified>2020-02-25T10:29:45Z</modified><revision></revision><title></title><unit meter="0.010000"/><up_axis>Y_UP</up_axis></asset>
  <library_animations>
    <animation id="mixamorig7_Hips-anim" name="mixamorig7_Hips"><source id="mixamorig7_Hips-Matrix-animation-input"><float_array id="mixamorig7_Hips-Matrix-animation-input-array" count="52">

0.000000 0.033333 0.066667 0.100000 0.133333 0.166667 0.200000 0.233333 0.266667 0.300000 0.333333 0.366667 0.400000 0.433333 0.466667 0.500000
0.533333 0.566667 0.600000 0.633333 0.666667 0.700000 0.733333 0.766667 0.800000 0.833333 0.866667 0.900000 0.933333 0.966667 1.000000 1.033333
1.066667 1.100000 1.133333 1.166667 1.200000 1.233333 1.266667 1.300000 1.333333 1.366667 1.400000 1.433333 1.466667 1.500000 1.533333 1.566667
1.600000 1.633333 1.666667 1.700000</float_array><technique_common><accessor source="#mixamorig7_Hips-Matrix-animation-input-array" count="52"><param name="TIME" type="float"/></accessor></technique_common></source><source id="mixamorig7_Hips-Matrix-animation-output-transform"><float_array id="mixamorig7_Hips-Matrix-animation-output-transform-array" count="832">

0.981965 -0.038509 -0.185100 -0.213358 -0.031460 0.932106 -0.360817 99.823822 0.186427 0.360133 0.914084 1.127882 0.000000 0.000000 0.000000 1.000000
0.989909 -0.042818 -0.135078 -0.510800 -0.009391 0.931334 -0.364045 100.634926 0.141391 0.361640 0.921534 2.394798 0.000000 0.000000 0.000000 1.000000
0.995946 -0.047104 -0.076629 -0.981063 0.015187 0.927747 -0.372900 101.493568 0.088657 0.370225 0.924702 3.835081 0.000000 0.000000 0.000000 1.000000
0.999043 -0.043727 -0.001396 -1.651605 0.039794 0.921519 -0.386290 102.309479 0.018178 0.385864 0.922377 5.454096 0.000000 0.000000 0.000000 1.000000
0.994980 -0.034092 0.094093 -2.546026 0.069320 0.912898 -0.402259 102.858009 -0.072183 0.406762 0.910678 7.232502 0.000000 0.000000 0.000000 1.000000
0.978712 -0.026543 0.203517 -3.577374 0.110891 0.902796 -0.415527 102.802071 -0.172705 0.429250 0.886520 9.147400 0.000000 0.000000 0.000000 1.000000
0.950834 -0.020621 0.309014 -4.565460 0.156374 0.893218 -0.421555 102.174103 -0.267324 0.449150 0.852527 11.274479 0.000000 0.000000 0.000000 1.000000
0.920135 -0.014162 0.391345 -5.442281 0.192516 0.886604 -0.420560 101.308258 -0.341012 0.462312 0.818522 13.639297 0.000000 0.000000 0.000000 1.000000
0.896074 -0.010509 0.443780 -6.269106 0.214571 0.885424 -0.412291 100.366890 -0.388601 0.464666 0.795660 16.127859 0.000000 0.000000 0.000000 1.000000
0.881779 -0.012176 0.471505 -7.008358 0.227046 0.887181 -0.401697 99.449638 -0.413419 0.461261 0.785062 18.707630 0.000000 0.000000 0.000000 1.000000
0.876663 -0.015750 0.480847 -7.537588 0.233964 0.887277 -0.397492 98.745659 -0.420384 0.460967 0.781529 21.287992 0.000000 0.000000 0.000000 1.000000
0.878988 -0.016023 0.476575 -7.823568 0.232720 0.886742 -0.399412 98.207367 -0.416199 0.461987 0.783164 23.900776 0.000000 0.000000 0.000000 1.000000
0.886453 -0.014426 0.462594 -7.986786 0.224975 0.886912 -0.403452 97.615074 -0.404460 0.461713 0.789451 26.613819 0.000000 0.000000 0.000000 1.000000
0.897373 -0.013798 0.441056 -8.165067 0.214513 0.887103 -0.408697 96.999733 -0.385623 0.461366 0.799022 29.278698 0.000000 0.000000 0.000000 1.000000
0.908033 -0.013046 0.418696 -8.360561 0.203682 0.887157 -0.414084 96.439026 -0.366047 0.461282 0.808225 31.863142 0.000000 0.000000 0.000000 1.000000
0.918115 -0.010352 0.396179 -8.561963 0.190848 0.887664 -0.419082 95.902031 -0.347336 0.460376 0.816953 34.471977 0.000000 0.000000 0.000000 1.000000
0.930120 -0.006384 0.367199 -8.796644 0.173280 0.889187 -0.423462 95.386597 -0.323805 0.457499 0.828157 37.115723 0.000000 0.000000 0.000000 1.000000
0.942971 -0.001420 0.332871 -9.032661 0.152082 0.891359 -0.427024 94.943283 -0.296101 0.453295 0.840742 39.764965 0.000000 0.000000 0.000000 1.000000
0.954623 0.006397 0.297750 -9.256722 0.128854 0.892478 -0.432296 94.639969 -0.268500 0.451046 0.851155 42.433979 0.000000 0.000000 0.000000 1.000000
0.965189 0.014628 0.261146 -9.489132 0.105497 0.891842 -0.439873 94.538841 -0.239335 0.452110 0.859252 45.159054 0.000000 0.000000 0.000000 1.000000
0.975784 0.023017 0.217523 -9.689221 0.078530 0.891288 -0.446586 94.551880 -0.204155 0.452854 0.867896 47.807674 0.000000 0.000000 0.000000 1.000000
0.985418 0.032225 0.167074 -9.823404 0.047091 0.891901 -0.449773 94.559174 -0.163507 0.451082 0.877377 50.230938 0.000000 0.000000 0.000000 1.000000
0.992455 0.040650 0.115671 -9.875175 0.015672 0.893640 -0.448510 94.567223 -0.121600 0.446939 0.886261 52.407169 0.000000 0.000000 0.000000 1.000000
0.996702 0.047804 0.065567 -9.834476 -0.013716 0.895663 -0.444523 94.658058 -0.079976 0.442158 0.893365 54.401875 0.000000 0.000000 0.000000 1.000000
0.998483 0.052315 0.017142 -9.747475 -0.039427 0.896860 -0.440554 94.881088 -0.038422 0.439210 0.897562 56.319069 0.000000 0.000000 0.000000 1.000000
0.998291 0.053368 -0.023805 -9.685412 -0.058400 0.896634 -0.438904 95.225304 -0.002079 0.439544 0.898219 58.260166 0.000000 0.000000 0.000000 1.000000
0.997377 0.052822 -0.049482 -9.672212 -0.069246 0.895351 -0.439944 95.691795 0.021065 0.442217 0.896661 60.307159 0.000000 0.000000 0.000000 1.000000
0.996987 0.051101 -0.058362 -9.700663 -0.071714 0.893985 -0.442322 96.337082 0.029572 0.445174 0.894955 62.452194 0.000000 0.000000 0.000000 1.000000
0.997225 0.046471 -0.058170 -9.728176 -0.067585 0.892777 -0.445399 97.144012 0.031234 0.448095 0.893440 64.658188 0.000000 0.000000 0.000000 1.000000
0.997284 0.040535 -0.061499 -9.689901 -0.063932 0.891004 -0.449472 97.977798 0.036577 0.452183 0.891175 66.903610 0.000000 0.000000 0.000000 1.000000
0.996376 0.037615 -0.076289 -9.557061 -0.068341 0.888004 -0.454729 98.780449 0.050640 0.458295 0.887356 69.141434 0.000000 0.000000 0.000000 1.000000
0.993898 0.037414 -0.103768 -9.313364 -0.081270 0.884444 -0.459515 99.470200 0.074585 0.465144 0.882088 71.327614 0.000000 0.000000 0.000000 1.000000
0.989644 0.037067 -0.138672 -8.967424 -0.097692 0.881744 -0.461501 99.804527 0.105167 0.470269 0.876235 73.422508 0.000000 0.000000 0.000000 1.000000
0.984288 0.034372 -0.173190 -8.545475 -0.111194 0.882601 -0.456783 99.721283 0.137157 0.468864 0.872556 75.418625 0.000000 0.000000 0.000000 1.000000
0.978106 0.029699 -0.205978 -8.056836 -0.120194 0.888612 -0.442630 99.361397 0.169889 0.457696 0.872727 77.403526 0.000000 0.000000 0.000000 1.000000
0.969958 0.026735 -0.241800 -7.483767 -0.130130 0.896809 -0.422847 98.784470 0.205544 0.441609 0.873346 79.510002 0.000000 0.000000 0.000000 1.000000
0.958987 0.026938 -0.282165 -6.801312 -0.144735 0.902451 -0.405750 98.139725 0.243710 0.429949 0.869339 81.821030 0.000000 0.000000 0.000000 1.000000
0.946645 0.027538 -0.321100 -6.044403 -0.161588 0.902612 -0.398975 97.546860 0.278842 0.429574 0.858903 84.397415 0.000000 0.000000 0.000000 1.000000
0.937296 0.026982 -0.347489 -5.319426 -0.174384 0.899539 -0.400523 97.044807 0.301774 0.436005 0.847840 87.146500 0.000000 0.000000 0.000000 1.000000
0.933906 0.024669 -0.356667 -4.700676 -0.176393 0.899534 -0.399656 96.664062 0.310975 0.436155 0.844431 89.864487 0.000000 0.000000 0.000000 1.000000
0.935369 0.019643 -0.353129 -4.177270 -0.167942 0.903377 -0.394596 96.342392 0.311257 0.428398 0.848289 92.541901 0.000000 0.000000 0.000000 1.000000
0.939553 0.013593 -0.342133 -3.667714 -0.155431 0.907260 -0.390794 96.115463 0.305091 0.420350 0.854532 95.242325 0.000000 0.000000 0.000000 1.000000
0.945609 0.006974 -0.325230 -3.150259 -0.140774 0.910081 -0.389788 96.076233 0.293268 0.414371 0.861563 97.969513 0.000000 0.000000 0.000000 1.000000
0.952965 -0.001532 -0.303076 -2.690241 -0.122531 0.912674 -0.389887 96.316406 0.277207 0.408685 0.869559 100.715240 0.000000 0.000000 0.000000 1.000000
0.959957 -0.011169 -0.279923 -2.301414 -0.102581 0.915795 -0.388326 96.623672 0.260689 0.401492 0.877978 103.218956 0.000000 0.000000 0.000000 1.000000
0.965102 -0.020672 -0.261057 -1.944422 -0.084077 0.919644 -0.383648 96.835884 0.248010 0.392208 0.885813 105.342575 0.000000 0.000000 0.000000 1.000000
0.968739 -0.029113 -0.246369 -1.595961 -0.067964 0.923953 -0.376421 97.019348 0.238592 0.381397 0.893090 107.246628 0.000000 0.000000 0.000000 1.000000
0.971748 -0.036525 -0.233178 -1.267501 -0.053631 0.927937 -0.368858 97.167908 0.229847 0.370942 0.899762 109.007339 0.000000 0.000000 0.000000 1.000000
0.974408 -0.041773 -0.220870 -0.957230 -0.042731 0.930243 -0.364448 97.481606 0.220687 0.364559 0.904651 110.788292 0.000000 0.000000 0.000000 1.000000
0.976727 -0.042676 -0.210197 -0.646166 -0.037664 0.930651 -0.363965 98.087112 0.211153 0.363411 0.907384 112.701538 0.000000 0.000000 0.000000 1.000000
0.978898 -0.040736 -0.200247 -0.368794 -0.035648 0.930863 -0.363626 98.914062 0.201215 0.363091 0.909768 114.689713 0.000000 0.000000 0.000000 1.000000
0.981965 -0.038509 -0.185100 -0.213360 -0.031460 0.932106 -0.360817 99.823792 0.186427 0.360132 0.914084 116.664612 0.000000 0.000000 0.000000 1.000000</float_array><technique_common><accessor source="#mixamorig7_Hips-Matrix-animation-output-transform-array" count="52" stride="16"><param type="float4x4"/></accessor></technique_common></source><source id="mixamorig7_Hips-Interpolations"><Name_array id="mixamorig7_Hips-Interpolations-array" count="52">
 LINEAR LINEAR LINEAR LINEAR LINEAR LINEAR LINEAR LINEAR LINEAR LINEAR LINEAR
LINEAR LINEAR LINEAR LINEAR LINEAR LINEAR LINEAR LINEAR LINEAR LINEAR LINEAR LINEAR
LINEAR LINEAR LINEAR LINEAR LINEAR LINEAR LINEAR LINEAR LINEAR LINEAR LINEAR LINEAR
LINEAR LINEAR LINEAR LINEAR LINEAR LINEAR LINEAR LINEAR LINEAR LINEAR LINEAR LINEAR
LINEAR LINEAR LINEAR LINEAR LINEAR</Name_array><technique_common><accessor source="#mixamorig7_Hips-Interpolations-array" count="52"><param type="name"/></accessor></technique_common></source><sampler id="mixamorig7_Hips-Matrix-animation-transform"><input semantic="INPUT" source="#mixamorig7_Hips-Matrix-animation-input"/><input semantic="OUTPUT" source="#mixamorig7_Hips-Matrix-animation-output-transform"/><input semantic="INTERPOLATION" source="#mixamorig7_Hips-Interpolations"/></sampler><channel source="#mixamorig7_Hips-Matrix-animation-transform" target="mixamorig7_Hips/matrix"/></animation>
    <animation id="mixamorig7_Spine-anim" name="mixamorig7_Spine"><source id="mixamorig7_Spine-Matrix-animation-input"><float_array id="mixamorig7_Spine-Matrix-animation-input-array" count="52">

0.000000 0.033333 0.066667 0.100000 0.133333 0.166667 0.200000 0.233333 0.266667 0.300000 0.333333 0.366667 0.400000 0.433333 0.466667 0.500000
0.533333 0.566667 0.600000 0.633333 0.666667 0.700000 0.733333 0.766667 0.800000 0.833333 0.866667 0.900000 0.933333 0.966667 1.000000 1.033333
1.066667 1.100000 1.133333 1.166667 1.200000 1.233333 1.266667 1.300000 1.333333 1.366667 1.400000 1.433333 1.466667 1.500000 1.533333 1.566667
1.600000 1.633333 1.666667 1.700000</float_array><technique_common><accessor source="#mixamorig7_Spine-Matrix-animation-input-array" count="52"><param name="TIME" type="float"/></accessor></technique_common></source><source id="mixamorig7_Spine-Matrix-animation-output-transform"><float_array id="mixamorig7_Spine-Matrix-animation-output-transform-array" count="832">

0.998727 0.043632 0.025309 -0.000000 -0.038422 0.983148 -0.178729 9.694400 -0.032681 0.177529 0.983573 -1.109700 0.000000 0.000000 0.000000 1.000000
0.998461 0.039149 0.039286 0.000000 -0.031047 0.981487 -0.188994 9.694400 -0.045957 0.187483 0.981192 -1.109700 0.000000 0.000000 0.000000 1.000000
0.997789 0.035533 0.056158 -0.000000 -0.023813 0.980107 -0.197036 9.694400 -0.062042 0.195263 0.978787 -1.109700 0.000000 0.000000 0.000000 1.000000
0.997029 0.029650 0.071088 0.000000 -0.014776 0.979423 -0.201275 9.694400 -0.075593 0.199627 0.976952 -1.109700 0.000000 0.000000 0.000000 1.000000
0.996925 0.019905 0.075797 -0.000000 -0.004371 0.979822 -0.199822 9.694400 -0.078245 0.198876 0.976896 -1.109700 0.000000 0.000000 0.000000 1.000000
0.997833 0.007560 0.065357 0.000000 0.005100 0.981500 -0.191395 9.694400 -0.065595 0.191314 0.979335 -1.109700 0.000000 0.000000 0.000000 1.000000
0.998993 -0.003419 0.044741 0.000000 0.011321 0.984044 -0.177566 9.694400 -0.043420 0.177894 0.983091 -1.109700 0.000000 0.000000 0.000000 1.000000
0.999641 -0.009690 0.024980 0.000000 0.013667 0.986316 -0.164299 9.694400 -0.023046 0.164581 0.986094 -1.109700 0.000000 0.000000 0.000000 1.000000
0.999853 -0.011294 0.012908 -0.000000 0.013190 0.987396 -0.157716 9.694400 -0.010964 0.157863 0.987400 -1.109700 0.000000 0.000000 0.000000 1.000000
0.999911 -0.011353 0.007051 0.000000 0.012322 0.987461 -0.157381 9.694400 -0.005175 0.157454 0.987513 -1.109700 0.000000 0.000000 0.000000 1.000000
0.999895 -0.014064 0.003586 0.000000 0.014453 0.987459 -0.157211 9.694400 -0.001330 0.157246 0.987559 -1.109700 0.000000 0.000000 0.000000 1.000000
0.999807 -0.019559 0.001559 0.000000 0.019568 0.988083 -0.152671 9.694400 0.001446 0.152672 0.988276 -1.109700 0.000000 0.000000 0.000000 1.000000
0.999701 -0.024381 0.002112 0.000000 0.024430 0.989197 -0.144540 9.694400 0.001435 0.144548 0.989497 -1.109700 0.000000 0.000000 0.000000 1.000000
0.999637 -0.026491 0.004837 0.000000 0.026903 0.990304 -0.136287 9.694400 -0.001180 0.136367 0.990658 -1.109700 0.000000 0.000000 0.000000 1.000000
0.999600 -0.027219 0.007665 0.000000 0.027984 0.991149 -0.129771 9.694400 -0.004065 0.129933 0.991514 -1.109700 0.000000 0.000000 0.000000 1.000000
0.999541 -0.028464 0.010387 -0.000000 0.029539 0.991731 -0.124891 9.694400 -0.006747 0.125141 0.992116 -1.109700 0.000000 0.000000 0.000000 1.000000
0.999420 -0.030651 0.014852 -0.000000 0.032232 0.992053 -0.121620 9.694400 -0.011006 0.122028 0.992466 -1.109700 0.000000 0.000000 0.000000 1.000000
0.999214 -0.033535 0.021116 -0.000000 0.035826 0.992177 -0.119584 9.694400 -0.016941 0.120247 0.992599 -1.109700 0.000000 0.000000 0.000000 1.000000
0.998969 -0.036597 0.026881 -0.000000 0.039508 0.992319 -0.117223 9.694400 -0.022385 0.118164 0.992742 -1.109700 0.000000 0.000000 0.000000 1.000000
0.998787 -0.038875 0.030232 0.000000 0.042079 0.992614 -0.113780 9.694400 -0.025585 0.114914 0.993046 -1.109700 0.000000 0.000000 0.000000 1.000000
0.998687 -0.040802 0.030976 -0.000000 0.044008 0.992840 -0.111046 9.694400 -0.026223 0.112263 0.993332 -1.109700 0.000000 0.000000 0.000000 1.000000
0.998635 -0.042651 0.030139 0.000000 0.045766 0.992694 -0.111641 9.694400 -0.025157 0.112868 0.993291 -1.109700 0.000000 0.000000 0.000000 1.000000
0.998522 -0.044668 0.030945 -0.000000 0.047975 0.992093 -0.115970 9.694400 -0.025520 0.117284 0.992771 -1.109700 0.000000 0.000000 0.000000 1.000000
0.998206 -0.046510 0.037714 0.000000 0.050785 0.991266 -0.121705 9.694400 -0.031724 0.123402 0.991850 -1.109700 0.000000 0.000000 0.000000 1.000000
0.997600 -0.047205 0.050657 0.000000 0.053263 0.990624 -0.125803 9.694400 -0.044244 0.128199 0.990761 -1.109700 0.000000 0.000000 0.000000 1.000000
0.996824 -0.046503 0.064652 0.000000 0.054440 0.990409 -0.126989 9.694400 -0.058127 0.130105 0.989795 -1.109700 0.000000 0.000000 0.000000 1.000000
0.996204 -0.045465 0.074231 0.000000 0.054673 0.990378 -0.127134 9.694400 -0.067737 0.130710 0.989104 -1.109700 0.000000 0.000000 0.000000 1.000000
0.995967 -0.044457 0.077937 0.000000 0.054342 0.990065 -0.129685 9.694400 -0.071398 0.133397 0.988488 -1.109700 0.000000 0.000000 0.000000 1.000000
0.995984 -0.042907 0.078584 0.000000 0.053323 0.989321 -0.135652 9.694400 -0.071925 0.139298 0.987635 -1.109700 0.000000 0.000000 0.000000 1.000000
0.995934 -0.040660 0.080390 0.000000 0.051855 0.988438 -0.142484 9.694400 -0.073667 0.146073 0.986527 -1.109700 0.000000 0.000000 0.000000 1.000000
0.995609 -0.038368 0.085391 -0.000000 0.050697 0.987799 -0.147254 9.694400 -0.078699 0.150937 0.985406 -1.109700 0.000000 0.000000 0.000000 1.000000
0.995198 -0.035666 0.091155 -0.000000 0.049076 0.987560 -0.149387 9.694400 -0.084693 0.153144 0.984568 -1.109700 0.000000 0.000000 0.000000 1.000000
0.995189 -0.031323 0.092828 -0.000000 0.045169 0.987495 -0.151041 9.694400 -0.086936 0.154507 0.984159 -1.109700 0.000000 0.000000 0.000000 1.000000
0.995768 -0.024575 0.088551 -0.000000 0.038235 0.987011 -0.156034 9.694400 -0.083566 0.158760 0.983774 -1.109700 0.000000 0.000000 0.000000 1.000000
0.996410 -0.016387 0.083053 0.000000 0.030041 0.985680 -0.165927 9.694400 -0.079144 0.167826 0.982634 -1.109700 0.000000 0.000000 0.000000 1.000000
0.996514 -0.009333 0.082898 -0.000000 0.023847 0.984126 -0.175864 9.694400 -0.079941 0.177228 0.980918 -1.109700 0.000000 0.000000 0.000000 1.000000
0.996137 -0.005194 0.087656 0.000000 0.020711 0.983983 -0.177052 9.694400 -0.085332 0.178184 0.980290 -1.109700 0.000000 0.000000 0.000000 1.000000
0.995851 -0.003742 0.090923 0.000000 0.018837 0.985989 -0.165744 9.694400 -0.089029 0.166769 0.981968 -1.109700 0.000000 0.000000 0.000000 1.000000
0.996056 -0.003016 0.088673 0.000000 0.016224 0.988762 -0.148614 9.694400 -0.087228 0.149467 0.984912 -1.109700 0.000000 0.000000 0.000000 1.000000
0.996559 -0.000451 0.082880 -0.000000 0.011764 0.990630 -0.136063 9.694400 -0.082043 0.136569 0.987227 -1.109700 0.000000 0.000000 0.000000 1.000000
0.996999 0.003866 0.077313 0.000000 0.006327 0.991340 -0.131165 9.694400 -0.077151 0.131260 0.988341 -1.109700 0.000000 0.000000 0.000000 1.000000
0.997366 0.008184 0.072064 0.000000 0.001221 0.991579 -0.129495 9.694400 -0.072517 0.129242 0.988958 -1.109700 0.000000 0.000000 0.000000 1.000000
0.997803 0.012809 0.065006 0.000000 -0.004417 0.991810 -0.127643 9.694400 -0.066109 0.127075 0.989688 -1.109700 0.000000 0.000000 0.000000 1.000000
0.998208 0.019193 0.056678 0.000000 -0.011854 0.991822 -0.127080 9.694400 -0.058653 0.126180 0.990272 -1.109700 0.000000 0.000000 0.000000 1.000000
0.998382 0.027675 0.049684 -0.000000 -0.020976 0.991212 -0.130606 9.694400 -0.052862 0.129352 0.990189 -1.109700 0.000000 0.000000 0.000000 1.000000
0.998343 0.036802 0.044231 0.000000 -0.030370 0.989941 -0.138184 9.694400 -0.048872 0.136612 0.989418 -1.109700 0.000000 0.000000 0.000000 1.000000
0.998289 0.044793 0.037593 0.000000 -0.038818 0.988394 -0.146866 9.694400 -0.043735 0.145155 0.988442 -1.109700 0.000000 0.000000 0.000000 1.000000
0.998283 0.051248 0.028355 0.000000 -0.046316 0.987077 -0.153410 9.694400 -0.035850 0.151833 0.987756 -1.109700 0.000000 0.000000 0.000000 1.000000
0.998304 0.054816 0.019590 0.000000 -0.051077 0.986294 -0.156895 9.694400 -0.027922 0.155629 0.987421 -1.109700 0.000000 0.000000 0.000000 1.000000
0.998393 0.054330 0.016141 0.000000 -0.051060 0.985812 -0.159897 9.694400 -0.024599 0.158816 0.987002 -1.109700 0.000000 0.000000 0.000000 1.000000
0.998552 0.050292 0.019084 0.000000 -0.046428 0.984967 -0.166384 9.694400 -0.027164 0.165257 0.985876 -1.109700 0.000000 0.000000 0.000000 1.000000
0.998727 0.043632 0.025309 0.000000 -0.038422 0.983148 -0.178729 9.694400 -0.032681 0.177529 0.983573 -1.109700 0.000000 0.000000 0.000000 1.000000</float_array><technique_common><accessor source="#mixamorig7_Spine-Matrix-animation-output-transform-array" count="52" stride="16"><param type="float4x4"/></accessor></technique_common></source><source id="mixamorig7_Spine-Interpolations"><Name_array id="mixamorig7_Spine-Interpolations-array" count="52">
 LINEAR LINEAR LINEAR LINEAR LINEAR LINEAR LINEAR LINEAR LINEAR LINEAR LINEAR
LINEAR LINEAR LINEAR LINEAR LINEAR LINEAR LINEAR LINEAR LINEAR LINEAR LINEAR LINEAR
LINEAR LINEAR LINEAR LINEAR LINEAR LINEAR LINEAR LINEAR LINEAR LINEAR LINEAR LINEAR
LINEAR LINEAR LINEAR LINEAR LINEAR LINEAR LINEAR LINEAR LINEAR LINEAR LINEAR LINEAR
LINEAR LINEAR LINEAR LINEAR LINEAR</Name_array><technique_common><accessor source="#mixamorig7_Spine-Interpolations-array" count="52"><param type="name"/></accessor></technique_common></source><sampler id="mixamorig7_Spine-Matrix-animation-transform"><input semantic="INPUT" source="#mixamorig7_Spine-Matrix-animation-input"/><input semantic="OUTPUT" source="#mixamorig7_Spine-Matrix-animation-output-transform"/><input semantic="INTERPOLATION" source="#mixamorig7_Spine-Interpolations"/></sampler><channel source="#mixamorig7_Spine-Matrix-animation-transform" target="mixamorig7_Spine/matrix"/></animation>
    <animation id="mixamorig7_Spine1-anim" name="mixamorig7_Spine1"><source id="mixamorig7_Spine1-Matrix-animation-input"><float_array id="mixamorig7_Spine1-Matrix-animation-input-array" count="52">

0.000000 0.033333 0.066667 0.100000 0.133333 0.166667 0.200000 0.233333 0.266667 0.300000 0.333333 0.366667 0.400000 0.433333 0.466667 0.500000
0.533333 0.566667 0.600000 0.633333 0.666667 0.700000 0.733333 0.766667 0.800000 0.833333 0.866667 0.900000 0.933333 0.966667 1.000000 1.033333
1.066667 1.100000 1.133333 1.166667 1.200000 1.233333 1.266667 1.300000 1.333333 1.366667 1.400000 1.433333 1.466667 1.500000 1.533333 1.566667
1.600000 1.633333 1.666667 1.700000</float_array><technique_common><accessor source="#mixamorig7_Spine1-Matrix-animation-input-array" count="52"><param name="TIME" type="float"/></accessor></technique_common></source><source id="mixamorig7_Spine1-Matrix-animation-output-transform"><float_array id="mixamorig7_Spine1-Matrix-animation-output-transform-array" count="832">

0.999970 0.004683 0.006244 0.000000 -0.004502 0.999576 -0.028766 11.384000 -0.006376 0.028737 0.999567 0.000000 0.000000 0.000000 0.000000 1.000000
0.999911 0.008663 0.010187 0.000000 -0.008369 0.999557 -0.028570 11.384000 -0.010430 0.028482 0.999540 0.000000 0.000000 0.000000 0.000000 1.000000
0.999815 0.012427 0.014678 -0.000000 -0.012014 0.999538 -0.027909 11.384000 -0.015018 0.027728 0.999503 -0.000000 0.000000 0.000000 0.000000 1.000000
0.999712 0.015236 0.018552 0.000000 -0.014734 0.999530 -0.026894 11.384000 -0.018953 0.026613 0.999466 0.000000 0.000000 0.000000 0.000000 1.000000
0.999674 0.016032 0.019870 0.000000 -0.015512 0.999541 -0.026024 11.384000 -0.020278 0.025708 0.999464 0.000000 0.000000 0.000000 0.000000 1.000000
0.999742 0.014473 0.017518 -0.000000 -0.014024 0.999577 -0.025494 11.384000 -0.017880 0.025242 0.999521 0.000000 0.000000 0.000000 0.000000 1.000000
0.999854 0.011430 0.012740 0.000000 -0.011111 0.999630 -0.024832 11.384000 -0.013019 0.024687 0.999610 -0.000000 0.000000 0.000000 0.000000 1.000000
0.999933 0.008228 0.008122 -0.000000 -0.008034 0.999688 -0.023665 11.384000 -0.008315 0.023598 0.999687 0.000000 0.000000 0.000000 0.000000 1.000000
0.999969 0.005924 0.005261 0.000000 -0.005806 0.999733 -0.022348 11.384000 -0.005392 0.022316 0.999736 0.000000 0.000000 0.000000 0.000000 1.000000
0.999979 0.005142 0.003984 0.000000 -0.005056 0.999758 -0.021401 11.384000 -0.004093 0.021381 0.999763 -0.000000 0.000000 0.000000 0.000000 1.000000
0.999978 0.005727 0.003447 0.000000 -0.005654 0.999766 -0.020886 11.384000 -0.003566 0.020866 0.999776 0.000000 0.000000 0.000000 0.000000 1.000000
0.999972 0.006706 0.003246 0.000000 -0.006638 0.999767 -0.020557 11.384000 -0.003383 0.020534 0.999783 -0.000000 0.000000 0.000000 0.000000 1.000000
0.999968 0.007230 0.003435 -0.000000 -0.007160 0.999773 -0.020072 11.384000 -0.003580 0.020047 0.999793 0.000000 0.000000 0.000000 0.000000 1.000000
0.999966 0.007285 0.003937 -0.000000 -0.007207 0.999788 -0.019263 11.384000 -0.004076 0.019234 0.999807 0.000000 0.000000 0.000000 0.000000 1.000000
0.999963 0.007304 0.004435 0.000000 -0.007221 0.999804 -0.018433 11.384000 -0.004568 0.018400 0.999820 0.000000 0.000000 0.000000 0.000000 1.000000
0.999959 0.007582 0.004951 0.000000 -0.007492 0.999811 -0.017965 11.384000 -0.005087 0.017928 0.999826 0.000000 0.000000 0.000000 0.000000 1.000000
0.999949 0.008173 0.005860 0.000000 -0.008068 0.999809 -0.017774 11.384000 -0.006004 0.017726 0.999825 -0.000000 0.000000 0.000000 0.000000 1.000000
0.999934 0.009001 0.007157 0.000000 -0.008875 0.999808 -0.017480 11.384000 -0.007313 0.017416 0.999822 0.000000 0.000000 0.000000 0.000000 1.000000
0.999916 0.009938 0.008362 0.000000 -0.009795 0.999808 -0.016995 11.384000 -0.008529 0.016912 0.999821 0.000000 0.000000 0.000000 0.000000 1.000000
0.999899 0.010899 0.009087 0.000000 -0.010746 0.999802 -0.016726 11.384000 -0.009268 0.016626 0.999819 0.000000 0.000000 0.000000 0.000000 1.000000
0.999887 0.011837 0.009257 0.000000 -0.011677 0.999784 -0.017168 11.384000 -0.009458 0.017058 0.999810 -0.000000 0.000000 0.000000 0.000000 1.000000
0.999879 0.012664 0.009085 0.000000 -0.012495 0.999752 -0.018419 11.384000 -0.009316 0.018303 0.999789 0.000000 0.000000 0.000000 0.000000 1.000000
0.999870 0.013244 0.009229 -0.000000 -0.013057 0.999714 -0.020049 11.384000 -0.009492 0.019926 0.999756 -0.000000 0.000000 0.000000 0.000000 1.000000
0.999855 0.013405 0.010485 0.000000 -0.013179 0.999685 -0.021352 11.384000 -0.010768 0.021211 0.999717 0.000000 0.000000 0.000000 0.000000 1.000000
0.999831 0.013151 0.012882 -0.000000 -0.012867 0.999677 -0.021925 11.384000 -0.013166 0.021756 0.999677 -0.000000 0.000000 0.000000 0.000000 1.000000
0.999800 0.012753 0.015436 -0.000000 -0.012410 0.999679 -0.022076 11.384000 -0.015713 0.021880 0.999637 -0.000000 0.000000 0.000000 0.000000 1.000000
0.999779 0.012324 0.017050 0.000000 -0.011940 0.999677 -0.022431 11.384000 -0.017321 0.022223 0.999603 0.000000 0.000000 0.000000 0.000000 1.000000
0.999782 0.011571 0.017385 0.000000 -0.011167 0.999670 -0.023134 11.384000 -0.017647 0.022935 0.999581 0.000000 0.000000 0.000000 0.000000 1.000000
0.999804 0.010188 0.016960 0.000000 -0.009784 0.999670 -0.023739 11.384000 -0.017196 0.023569 0.999574 0.000000 0.000000 0.000000 0.000000 1.000000
0.999826 0.008310 0.016673 -0.000000 -0.007909 0.999681 -0.023990 11.384000 -0.016867 0.023854 0.999573 0.000000 0.000000 0.000000 0.000000 1.000000
0.999834 0.006431 0.017061 0.000000 -0.006019 0.999691 -0.024129 11.384000 -0.017211 0.024022 0.999563 0.000000 0.000000 0.000000 0.000000 1.000000
0.999830 0.004952 0.017758 0.000000 -0.004517 0.999691 -0.024439 11.384000 -0.017874 0.024354 0.999544 0.000000 0.000000 0.000000 0.000000 1.000000
0.999834 0.003837 0.017812 0.000000 -0.003392 0.999684 -0.024912 11.384000 -0.017902 0.024848 0.999531 0.000000 0.000000 0.000000 0.000000 1.000000
0.999855 0.002758 0.016797 0.000000 -0.002329 0.999672 -0.025486 11.384000 -0.016862 0.025443 0.999534 0.000000 0.000000 0.000000 0.000000 1.000000
0.999877 0.001705 0.015568 0.000000 -0.001296 0.999654 -0.026271 11.384000 -0.015607 0.026247 0.999534 0.000000 0.000000 0.000000 0.000000 1.000000
0.999881 0.001164 0.015404 0.000000 -0.000747 0.999634 -0.027047 11.384000 -0.015430 0.027032 0.999515 0.000000 0.000000 0.000000 0.000000 1.000000
0.999865 0.001427 0.016345 0.000000 -0.000985 0.999635 -0.027004 11.384000 -0.016378 0.026984 0.999502 0.000000 0.000000 0.000000 0.000000 1.000000
0.999852 0.002065 0.017089 0.000000 -0.001624 0.999666 -0.025803 11.384000 -0.017137 0.025772 0.999521 0.000000 0.000000 0.000000 0.000000 1.000000
0.999859 0.002249 0.016647 0.000000 -0.001843 0.999702 -0.024346 11.384000 -0.016697 0.024312 0.999565 -0.000000 0.000000 0.000000 0.000000 1.000000
0.999881 0.001477 0.015357 0.000000 -0.001112 0.999717 -0.023744 11.384000 -0.015388 0.023724 0.999600 -0.000000 0.000000 0.000000 0.000000 1.000000
0.999902 0.000031 0.014025 0.000000 0.000306 0.999712 -0.024005 11.384000 -0.014022 0.024007 0.999613 0.000000 0.000000 0.000000 0.000000 1.000000
0.999917 -0.001372 0.012778 -0.000000 0.001683 0.999702 -0.024350 11.384000 -0.012741 0.024370 0.999622 -0.000000 0.000000 0.000000 0.000000 1.000000
0.999934 -0.002356 0.011264 0.000000 0.002631 0.999697 -0.024466 11.384000 -0.011203 0.024494 0.999637 0.000000 0.000000 0.000000 0.000000 1.000000
0.999950 -0.003113 0.009549 -0.000000 0.003349 0.999685 -0.024881 11.384000 -0.009469 0.024912 0.999645 -0.000000 0.000000 0.000000 0.000000 1.000000
0.999960 -0.003892 0.008113 0.000000 0.004103 0.999648 -0.026200 11.384000 -0.008008 0.026232 0.999624 -0.000000 0.000000 0.000000 0.000000 1.000000
0.999965 -0.004575 0.007023 -0.000000 0.004772 0.999590 -0.028228 11.384000 -0.006891 0.028260 0.999577 -0.000000 0.000000 0.000000 0.000000 1.000000
0.999972 -0.004836 0.005781 0.000000 0.005007 0.999538 -0.029970 11.384000 -0.005633 0.029998 0.999534 -0.000000 0.000000 0.000000 0.000000 1.000000
0.999982 -0.004378 0.004170 0.000000 0.004503 0.999522 -0.030592 11.384000 -0.004034 0.030610 0.999523 0.000000 0.000000 0.000000 0.000000 1.000000
0.999992 -0.002966 0.002864 0.000000 0.003051 0.999540 -0.030167 11.384000 -0.002773 0.030175 0.999541 0.000000 0.000000 0.000000 0.000000 1.000000
0.999996 -0.000627 0.002819 -0.000000 0.000710 0.999567 -0.029409 11.384000 -0.002800 0.029411 0.999563 0.000000 0.000000 0.000000 0.000000 1.000000
0.999989 0.002160 0.004196 -0.000000 -0.002038 0.999580 -0.028900 11.384000 -0.004257 0.028891 0.999573 -0.000000 0.000000 0.000000 0.000000 1.000000
0.999970 0.004683 0.006244 0.000000 -0.004502 0.999576 -0.028766 11.384000 -0.006376 0.028737 0.999567 0.000000 0.000000 0.000000 0.000000 1.000000</float_array><technique_common><accessor source="#mixamorig7_Spine1-Matrix-animation-output-transform-array" count="52" stride="16"><param type="float4x4"/></accessor></technique_common></source><source id="mixamorig7_Spine1-Interpolations"><Name_array id="mixamorig7_Spine1-Interpolations-array" count="52">
 LINEAR LINEAR LINEAR LINEAR LINEAR LINEAR LINEAR LINEAR LINEAR LINEAR LINEAR
LINEAR LINEAR LINEAR LINEAR LINEAR LINEAR LINEAR LINEAR LINEAR LINEAR LINEAR LINEAR
LINEAR LINEAR LINEAR LINEAR LINEAR LINEAR LINEAR LINEAR LINEAR LINEAR LINEAR LINEAR
LINEAR LINEAR LINEAR LINEAR LINEAR LINEAR LINEAR LINEAR LINEAR LINEAR LINEAR LINEAR
LINEAR LINEAR LINEAR LINEAR LINEAR</Name_array><technique_common><accessor source="#mixamorig7_Spine1-Interpolations-array" count="52"><param type="name"/></accessor></technique_common></source><sampler id="mixamorig7_Spine1-Matrix-animation-transform"><input semantic="INPUT" source="#mixamorig7_Spine1-Matrix-animation-input"/><input semantic="OUTPUT" source="#mixamorig7_Spine1-Matrix-animation-output-transform"/><input semantic="INTERPOLATION" source="#mixamorig7_Spine1-Interpolations"/></sampler><channel source="#mixamorig7_Spine1-Matrix-animation-transform" target="mixamorig7_Spine1/matrix"/></animation>
    <animation id="mixamorig7_Spine2-anim" name="mixamorig7_Spine2"><source id="mixamorig7_Spine2-Matrix-animation-input"><float_array id="mixamorig7_Spine2-Matrix-animation-input-array" count="52">

0.000000 0.033333 0.066667 0.100000 0.133333 0.166667 0.200000 0.233333 0.266667 0.300000 0.333333 0.366667 0.400000 0.433333 0.466667 0.500000
0.533333 0.566667 0.600000 0.633333 0.666667 0.700000 0.733333 0.766667 0.800000 0.833333 0.866667 0.900000 0.933333 0.966667 1.000000 1.033333
1.066667 1.100000 1.133333 1.166667 1.200000 1.233333 1.266667 1.300000 1.333333 1.366667 1.400000 1.433333 1.466667 1.500000 1.533333 1.566667
1.600000 1.633333 1.666667 1.700000</float_array><technique_common><accessor source="#mixamorig7_Spine2-Matrix-animation-input-array" count="52"><param name="TIME" type="float"/></accessor></technique_common></source><source id="mixamorig7_Spine2-Matrix-animation-output-transform"><float_array id="mixamorig7_Spine2-Matrix-animation-output-transform-array" count="832">

0.999969 0.004801 0.006193 0.000000 -0.004621 0.999576 -0.028761 13.010300 -0.006328 0.028731 0.999567 -0.000000 0.000000 0.000000 0.000000 1.000000
0.999911 0.008878 0.009984 0.000000 -0.008590 0.999554 -0.028591 13.010300 -0.010233 0.028503 0.999541 -0.000000 0.000000 0.000000 0.000000 1.000000
0.999816 0.012761 0.014328 -0.000000 -0.012356 0.999532 -0.027981 13.010300 -0.014678 0.027799 0.999506 0.000000 0.000000 0.000000 0.000000 1.000000
0.999714 0.015676 0.018084 0.000000 -0.015184 0.999519 -0.027028 13.010300 -0.018499 0.026745 0.999471 0.000000 0.000000 0.000000 0.000000 1.000000
0.999676 0.016509 0.019352 -0.000000 -0.016000 0.999529 -0.026195 13.010300 -0.019775 0.025877 0.999470 0.000000 0.000000 0.000000 0.000000 1.000000
0.999744 0.014888 0.017036 0.000000 -0.014449 0.999567 -0.025650 13.010300 -0.017410 0.025398 0.999526 0.000000 0.000000 0.000000 0.000000 1.000000
0.999855 0.011721 0.012350 0.000000 -0.011410 0.999624 -0.024936 13.010300 -0.012637 0.024791 0.999613 -0.000000 0.000000 0.000000 0.000000 1.000000
0.999934 0.008407 0.007835 -0.000000 -0.008219 0.999685 -0.023718 13.010300 -0.008032 0.023652 0.999688 0.000000 0.000000 0.000000 0.000000 1.000000
0.999969 0.006040 0.005046 0.000000 -0.005925 0.999732 -0.022374 13.010300 -0.005180 0.022343 0.999737 0.000000 0.000000 0.000000 0.000000 1.000000
0.999979 0.005234 0.003791 0.000000 -0.005152 0.999757 -0.021419 13.010300 -0.003903 0.021399 0.999763 -0.000000 0.000000 0.000000 0.000000 1.000000
0.999978 0.005810 0.003233 0.000000 -0.005741 0.999765 -0.020903 13.010300 -0.003354 0.020884 0.999776 0.000000 0.000000 0.000000 0.000000 1.000000
0.999972 0.006785 0.002997 -0.000000 -0.006722 0.999766 -0.020575 13.010300 -0.003136 0.020554 0.999784 0.000000 0.000000 0.000000 0.000000 1.000000
0.999968 0.007311 0.003169 -0.000000 -0.007246 0.999772 -0.020094 13.010300 -0.003315 0.020070 0.999793 0.000000 0.000000 0.000000 0.000000 1.000000
0.999966 0.007374 0.003673 0.000000 -0.007301 0.999787 -0.019289 13.010300 -0.003814 0.019262 0.999807 0.000000 0.000000 0.000000 0.000000 1.000000
0.999964 0.007401 0.004177 -0.000000 -0.007323 0.999803 -0.018464 13.010300 -0.004313 0.018433 0.999821 0.000000 0.000000 0.000000 0.000000 1.000000
0.999959 0.007687 0.004690 0.000000 -0.007602 0.999809 -0.018003 13.010300 -0.004828 0.017966 0.999827 -0.000000 0.000000 0.000000 0.000000 1.000000
0.999950 0.008294 0.005584 -0.000000 -0.008194 0.999808 -0.017823 13.010300 -0.005731 0.017776 0.999826 -0.000000 0.000000 0.000000 0.000000 1.000000
0.999935 0.009147 0.006859 -0.000000 -0.009026 0.999805 -0.017546 13.010300 -0.007018 0.017483 0.999823 0.000000 0.000000 0.000000 0.000000 1.000000
0.999917 0.010106 0.008042 0.000000 -0.009968 0.999804 -0.017079 13.010300 -0.008213 0.016997 0.999822 0.000000 0.000000 0.000000 0.000000 1.000000
0.999900 0.011079 0.008747 0.000000 -0.010931 0.999799 -0.016822 13.010300 -0.008932 0.016725 0.999820 0.000000 0.000000 0.000000 0.000000 1.000000
0.999888 0.012016 0.008897 0.000000 -0.011861 0.999781 -0.017269 13.010300 -0.009102 0.017161 0.999811 0.000000 0.000000 0.000000 0.000000 1.000000
0.999880 0.012836 0.008701 0.000000 -0.012674 0.999748 -0.018518 13.010300 -0.008936 0.018405 0.999791 0.000000 0.000000 0.000000 0.000000 1.000000
0.999871 0.013417 0.008821 0.000000 -0.013237 0.999709 -0.020150 13.010300 -0.009088 0.020031 0.999758 0.000000 0.000000 0.000000 0.000000 1.000000
0.999857 0.013600 0.010063 0.000000 -0.013382 0.999680 -0.021468 13.010300 -0.010352 0.021330 0.999719 -0.000000 0.000000 0.000000 0.000000 1.000000
0.999833 0.013390 0.012461 -0.000000 -0.013113 0.999670 -0.022071 13.010300 -0.012752 0.021904 0.999679 0.000000 0.000000 0.000000 0.000000 1.000000
0.999802 0.013035 0.015027 0.000000 -0.012699 0.999672 -0.022248 13.010300 -0.015312 0.022053 0.999640 0.000000 0.000000 0.000000 0.000000 1.000000
0.999782 0.012630 0.016656 0.000000 -0.012252 0.999669 -0.022618 13.010300 -0.016936 0.022409 0.999605 0.000000 0.000000 0.000000 0.000000 1.000000
0.999785 0.011882 0.017009 0.000000 -0.011484 0.999662 -0.023314 13.010300 -0.017280 0.023114 0.999583 -0.000000 0.000000 0.000000 0.000000 1.000000
0.999807 0.010497 0.016614 -0.000000 -0.010098 0.999663 -0.023901 13.010300 -0.016860 0.023729 0.999576 0.000000 0.000000 0.000000 0.000000 1.000000
0.999829 0.008624 0.016373 -0.000000 -0.008228 0.999675 -0.024132 13.010300 -0.016576 0.023994 0.999575 -0.000000 0.000000 0.000000 0.000000 1.000000
0.999836 0.006759 0.016809 0.000000 -0.006350 0.999686 -0.024260 13.010300 -0.016967 0.024150 0.999564 -0.000000 0.000000 0.000000 0.000000 1.000000
0.999832 0.005292 0.017546 0.000000 -0.004861 0.999686 -0.024565 13.010300 -0.017671 0.024476 0.999544 0.000000 0.000000 0.000000 0.000000 1.000000
0.999836 0.004174 0.017636 0.000000 -0.003732 0.999680 -0.025027 13.010300 -0.017735 0.024957 0.999531 0.000000 0.000000 0.000000 0.000000 1.000000
0.999856 0.003077 0.016662 0.000000 -0.002650 0.999669 -0.025577 13.010300 -0.016735 0.025529 0.999534 0.000000 0.000000 0.000000 0.000000 1.000000
0.999878 0.002012 0.015475 -0.000000 -0.001604 0.999652 -0.026330 13.010300 -0.015522 0.026302 0.999534 -0.000000 0.000000 0.000000 0.000000 1.000000
0.999881 0.001483 0.015337 0.000000 -0.001067 0.999632 -0.027088 13.010300 -0.015372 0.027068 0.999515 0.000000 0.000000 0.000000 0.000000 1.000000
0.999866 0.001768 0.016284 -0.000000 -0.001327 0.999633 -0.027049 13.010300 -0.016326 0.027024 0.999501 -0.000000 0.000000 0.000000 0.000000 1.000000
0.999852 0.002406 0.017028 -0.000000 -0.001965 0.999664 -0.025859 13.010300 -0.017085 0.025822 0.999521 -0.000000 0.000000 0.000000 0.000000 1.000000
0.999859 0.002550 0.016606 0.000000 -0.002145 0.999700 -0.024401 13.010300 -0.016663 0.024362 0.999564 0.000000 0.000000 0.000000 0.000000 1.000000
0.999881 0.001724 0.015360 -0.000000 -0.001358 0.999716 -0.023777 13.010300 -0.015396 0.023753 0.999599 0.000000 0.000000 0.000000 0.000000 1.000000
0.999901 0.000232 0.014084 0.000000 0.000106 0.999712 -0.024004 13.010300 -0.014086 0.024003 0.999613 0.000000 0.000000 0.000000 0.000000 1.000000
0.999916 -0.001206 0.012888 0.000000 0.001519 0.999703 -0.024318 13.010300 -0.012855 0.024336 0.999621 0.000000 0.000000 0.000000 0.000000 1.000000
0.999932 -0.002226 0.011414 0.000000 0.002504 0.999699 -0.024407 13.010300 -0.011357 0.024433 0.999637 0.000000 0.000000 0.000000 0.000000 1.000000
0.999948 -0.003023 0.009737 0.000000 0.003264 0.999687 -0.024791 13.010300 -0.009659 0.024821 0.999645 -0.000000 0.000000 0.000000 0.000000 1.000000
0.999958 -0.003837 0.008336 -0.000000 0.004053 0.999652 -0.026079 13.010300 -0.008233 0.026111 0.999625 -0.000000 0.000000 0.000000 0.000000 1.000000
0.999963 -0.004546 0.007276 0.000000 0.004749 0.999594 -0.028081 13.010300 -0.007145 0.028114 0.999579 0.000000 0.000000 0.000000 0.000000 1.000000
0.999970 -0.004829 0.006048 0.000000 0.005007 0.999543 -0.029806 13.010300 -0.005901 0.029836 0.999537 0.000000 0.000000 0.000000 0.000000 1.000000
0.999981 -0.004394 0.004430 0.000000 0.004526 0.999527 -0.030421 13.010300 -0.004295 0.030441 0.999527 -0.000000 0.000000 0.000000 0.000000 1.000000
0.999991 -0.002995 0.003088 -0.000000 0.003086 0.999545 -0.030004 13.010300 -0.002997 0.030013 0.999545 0.000000 0.000000 0.000000 0.000000 1.000000
0.999995 -0.000641 0.002973 0.000000 0.000728 0.999571 -0.029278 13.010300 -0.002953 0.029280 0.999567 -0.000000 0.000000 0.000000 0.000000 1.000000
0.999989 0.002198 0.004253 0.000000 -0.002075 0.999582 -0.028825 13.010300 -0.004315 0.028815 0.999575 0.000000 0.000000 0.000000 0.000000 1.000000
0.999969 0.004801 0.006193 -0.000000 -0.004621 0.999576 -0.028761 13.010300 -0.006328 0.028731 0.999567 0.000000 0.000000 0.000000 0.000000 1.000000</float_array><technique_common><accessor source="#mixamorig7_Spine2-Matrix-animation-output-transform-array" count="52" stride="16"><param type="float4x4"/></accessor></technique_common></source><source id="mixamorig7_Spine2-Interpolations"><Name_array id="mixamorig7_Spine2-Interpolations-array" count="52">
 LINEAR LINEAR LINEAR LINEAR LINEAR LINEAR LINEAR LINEAR LINEAR LINEAR LINEAR
LINEAR LINEAR LINEAR LINEAR LINEAR LINEAR LINEAR LINEAR LINEAR LINEAR LINEAR LINEAR
LINEAR LINEAR LINEAR LINEAR LINEAR LINEAR LINEAR LINEAR LINEAR LINEAR LINEAR LINEAR
LINEAR LINEAR LINEAR LINEAR LINEAR LINEAR LINEAR LINEAR LINEAR LINEAR LINEAR LINEAR
