<?xml version="1.0" encoding="utf-8"?>
<COLLADA xmlns="http://www.collada.org/2005/11/COLLADASchema" version="1.4.1">
  <asset><contributor><author>Mixamo</author><authoring_tool>COLLADA Mixamo exporter</authoring_tool><comments></comments></contributor><created>2020-02-25T10:21:08Z</created><modified>2020-02-25T10:21:08Z</modified><revision></revision><title></title><unit meter="0.010000"/><up_axis>Y_UP</up_axis></asset>
  <library_animations>
    <animation id="mixamorig7_Hips-anim" name="mixamorig7_Hips"><source id="mixamorig7_Hips-Matrix-animation-input"><float_array id="mixamorig7_Hips-Matrix-animation-input-array" count="80">

0.000000 0.033333 0.066667 0.100000 0.133333 0.166667 0.200000 0.233333 0.266667 0.300000 0.333333 0.366667 0.400000 0.433333 0.466667 0.500000
0.533333 0.566667 0.600000 0.633333 0.666667 0.700000 0.733333 0.766667 0.800000 0.833333 0.866667 0.900000 0.933333 0.966667 1.000000 1.033333
1.066667 1.100000 1.133333 1.166667 1.200000 1.233333 1.266667 1.300000 1.333333 1.366667 1.400000 1.433333 1.466667 1.500000 1.533333 1.566667
1.600000 1.633333 1.666667 1.700000 1.733333 1.766667 1.800000 1.833333 1.866667 1.900000 1.933333 1.966667 2.000000 2.033333 2.066667 2.100000
2.133333 2.166667 2.200000 2.233333 2.266667 2.300000 2.333333 2.366667 2.400000 2.433333 2.466667 2.500000 2.533333 2.566667 2.600000 2.633333</float_array><technique_common><accessor source="#mixamorig7_Hips-Matrix-animation-input-array" count="80"><param name="TIME" type="float"/></accessor></technique_common></source><source id="mixamorig7_Hips-Matrix-animation-output-transform"><float_array id="mixamorig7_Hips-Matrix-animation-output-transform-array" count="1280">

-0.414012 0.018993 -0.910073 0.057083 0.012182 0.999808 0.015324 78.276718 0.910190 -0.004742 -0.414164 -152.983902 0.000000 0.000000 0.000000 1.000000
-0.416515 0.030474 -0.908618 -2.903947 0.012145 0.999535 0.027956 76.308334 0.909048 0.000609 -0.416692 -152.102478 0.000000 0.000000 0.000000 1.000000
-0.448868 0.035947 -0.892875 -6.609987 0.002541 0.999238 0.038952 74.931519 0.893595 0.015216 -0.448617 -150.741180 0.000000 0.000000 0.000000 1.000000
-0.504198 0.036587 -0.862813 -11.444434 -0.014980 0.998581 0.051098 74.057205 0.863458 0.038688 -0.502934 -148.759842 0.000000 0.000000 0.000000 1.000000
-0.582080 0.033958 -0.812422 -17.378832 -0.037449 0.996948 0.068503 73.724701 0.812268 0.070298 -0.579032 -146.093903 0.000000 0.000000 0.000000 1.000000
-0.681280 0.029972 -0.731409 -24.279280 -0.058990 0.993664 0.095666 73.854645 0.729642 0.108321 -0.675195 -142.666214 0.000000 0.000000 0.000000 1.000000
-0.784552 0.035255 -0.619060 -31.146162 -0.061607 0.989010 0.134400 74.481857 0.616995 0.143582 -0.773758 -138.525467 0.000000 0.000000 0.000000 1.000000
-0.863418 0.057808 -0.501166 -37.362026 -0.034900 0.984189 0.173650 75.798332 0.503280 0.167424 -0.847749 -134.013275 0.000000 0.000000 0.000000 1.000000
-0.896205 0.089217 -0.434578 -42.221519 0.006640 0.982158 0.187939 77.890526 0.443591 0.165546 -0.880807 -129.450974 0.000000 0.000000 0.000000 1.000000
-0.880140 0.112272 -0.461246 -45.255203 0.040649 0.985886 0.162408 80.625504 0.472970 0.124193 -0.872282 -124.887749 0.000000 0.000000 0.000000 1.000000
-0.817469 0.116891 -0.563986 -46.932701 0.066052 0.991755 0.109810 83.447594 0.572172 0.052514 -0.818450 -120.515198 0.000000 0.000000 0.000000 1.000000
-0.723128 0.110560 -0.681808 -48.531021 0.095053 0.993643 0.060313 84.950203 0.684143 -0.021194 -0.729040 -116.674583 0.000000 0.000000 0.000000 1.000000
-0.628100 0.115799 -0.769468 -50.583252 0.135518 0.990032 0.038372 85.432190 0.766241 -0.080176 -0.637532 -113.020355 0.000000 0.000000 0.000000 1.000000
-0.555638 0.137841 -0.819918 -52.886196 0.173664 0.983650 0.047679 85.346985 0.813085 -0.115898 -0.570492 -109.249275 0.000000 0.000000 0.000000 1.000000
-0.505318 0.170121 -0.845998 -55.412128 0.203883 0.976155 0.074514 84.109818 0.838502 -0.134831 -0.527953 -105.511719 0.000000 0.000000 0.000000 1.000000
-0.476872 0.192911 -0.857542 -58.283558 0.218407 0.971026 0.096986 82.191528 0.851405 -0.141044 -0.505189 -101.616760 0.000000 0.000000 0.000000 1.000000
-0.478860 0.193986 -0.856191 -61.459507 0.214589 0.971561 0.100107 80.241081 0.851260 -0.135792 -0.506869 -97.239632 0.000000 0.000000 0.000000 1.000000
-0.512176 0.180586 -0.839681 -64.873543 0.199102 0.975979 0.088454 78.442978 0.835484 -0.121878 -0.535828 -92.657288 0.000000 0.000000 0.000000 1.000000
-0.550888 0.165935 -0.817917 -68.370224 0.175436 0.981162 0.080892 76.953094 0.815932 -0.098929 -0.569622 -88.146927 0.000000 0.000000 0.000000 1.000000
-0.550603 0.159635 -0.819361 -71.846931 0.152282 0.984282 0.089434 75.911835 0.820760 -0.075531 -0.566258 -83.619148 0.000000 0.000000 0.000000 1.000000
-0.484224 0.166339 -0.858987 -75.228104 0.137917 0.983999 0.112801 75.453064 0.864006 -0.063848 -0.499417 -78.841705 0.000000 0.000000 0.000000 1.000000
-0.360396 0.185825 -0.914103 -78.597160 0.128534 0.980502 0.148646 75.297081 0.923901 -0.063922 -0.377253 -73.841240 0.000000 0.000000 0.000000 1.000000
-0.213978 0.215966 -0.952666 -82.242516 0.115016 0.974040 0.194978 75.129318 0.970044 -0.067851 -0.233263 -68.623703 0.000000 0.000000 0.000000 1.000000
-0.062566 0.249810 -0.966271 -86.102325 0.099238 0.964927 0.243037 75.122826 0.993095 -0.080685 -0.085163 -63.718578 0.000000 0.000000 0.000000 1.000000
0.116043 0.268251 -0.956334 -89.870979 0.076784 0.957535 0.277905 75.464294 0.990272 -0.105680 0.090518 -59.642593 0.000000 0.000000 0.000000 1.000000
0.344348 0.256954 -0.902995 -93.325989 0.039333 0.957025 0.287327 76.274796 0.938018 -0.134458 0.319443 -56.570927 0.000000 0.000000 0.000000 1.000000
0.586082 0.225694 -0.778184 -96.272026 -0.011959 0.962727 0.270210 77.414772 0.810163 -0.149059 0.566937 -54.364052 0.000000 0.000000 0.000000 1.000000
0.764347 0.197960 -0.613666 -98.624847 -0.060537 0.969535 0.237356 78.701820 0.641957 -0.144273 0.753044 -52.709751 0.000000 0.000000 0.000000 1.000000
0.858123 0.176891 -0.482011 -100.483231 -0.089116 0.975844 0.199467 79.992783 0.505652 -0.128212 0.853158 -51.500278 0.000000 0.000000 0.000000 1.000000
0.902399 0.153992 -0.402446 -102.185692 -0.096602 0.982488 0.159330 81.302902 0.419934 -0.104901 0.901472 -50.457298 0.000000 0.000000 0.000000 1.000000
0.929714 0.130831 -0.344260 -103.967148 -0.096103 0.988571 0.116154 82.724182 0.355522 -0.074905 0.931661 -49.154324 0.000000 0.000000 0.000000 1.000000
0.950510 0.115206 -0.288546 -105.728989 -0.099331 0.992651 0.069118 84.105705 0.294388 -0.037036 0.954968 -47.514107 0.000000 0.000000 0.000000 1.000000
0.963824 0.107629 -0.243843 -107.323074 -0.105937 0.994170 0.020081 85.328606 0.244583 0.006478 0.969607 -45.749756 0.000000 0.000000 0.000000 1.000000
0.971675 0.104307 -0.212056 -108.713280 -0.112151 0.993370 -0.025269 86.362862 0.208014 0.048335 0.976931 -44.013565 0.000000 0.000000 0.000000 1.000000
0.978351 0.101657 -0.180263 -109.858559 -0.114562 0.991438 -0.062661 87.104256 0.172349 0.081955 0.981621 -42.365963 0.000000 0.000000 0.000000 1.000000
0.984635 0.096542 -0.145508 -110.686600 -0.110674 0.989556 -0.092361 87.484215 0.135072 0.107046 0.985036 -40.873882 0.000000 0.000000 0.000000 1.000000
0.988450 0.087609 -0.123655 -111.166733 -0.101888 0.988206 -0.114315 87.621017 0.112182 0.125594 0.985719 -39.605572 0.000000 0.000000 0.000000 1.000000
0.988680 0.076518 -0.129061 -111.358208 -0.093013 0.987527 -0.127042 87.759148 0.117731 0.137608 0.983465 -38.554241 0.000000 0.000000 0.000000 1.000000
0.984740 0.067720 -0.160316 -111.365875 -0.089000 0.987575 -0.129516 88.042053 0.149553 0.141808 0.978532 -37.672356 0.000000 0.000000 0.000000 1.000000
0.975795 0.065450 -0.208662 -111.256287 -0.092272 0.988292 -0.121509 88.339722 0.198266 0.137821 0.970410 -36.977421 0.000000 0.000000 0.000000 1.000000
0.960486 0.069955 -0.269395 -111.072205 -0.101230 0.989413 -0.103996 88.646194 0.259268 0.127157 0.957398 -36.401939 0.000000 0.000000 0.000000 1.000000
0.936954 0.078768 -0.340461 -110.815895 -0.112289 0.990460 -0.079872 88.934601 0.330921 0.113066 0.936860 -35.936829 0.000000 0.000000 0.000000 1.000000
0.904668 0.090880 -0.416314 -110.508301 -0.123575 0.990961 -0.052210 89.199867 0.407806 0.098679 0.907721 -35.574509 0.000000 0.000000 0.000000 1.000000
0.865666 0.106200 -0.489227 -110.181824 -0.134459 0.990655 -0.022869 89.430702 0.482227 0.085578 0.871856 -35.293232 0.000000 0.000000 0.000000 1.000000
0.822938 0.122429 -0.554782 -109.834213 -0.143024 0.989700 0.006251 89.615585 0.549833 0.074203 0.831972 -35.089115 0.000000 0.000000 0.000000 1.000000
0.779112 0.136672 -0.611805 -109.442513 -0.147455 0.988516 0.033047 89.759010 0.609296 0.064466 0.790318 -34.960674 0.000000 0.000000 0.000000 1.000000
0.736535 0.147845 -0.660044 -109.013222 -0.147491 0.987443 0.056596 89.870026 0.660123 0.055666 0.749092 -34.877174 0.000000 0.000000 0.000000 1.000000
0.695484 0.155761 -0.701456 -108.578743 -0.142758 0.986714 0.077561 89.946350 0.704218 0.046196 0.708480 -34.811256 0.000000 0.000000 0.000000 1.000000
0.653344 0.161136 -0.739714 -108.174721 -0.133165 0.986312 0.097238 89.984940 0.745258 0.034974 0.665858 -34.756535 0.000000 0.000000 0.000000 1.000000
0.607319 0.166234 -0.776872 -107.818771 -0.121023 0.985809 0.116332 90.006393 0.785186 0.023369 0.618819 -34.723473 0.000000 0.000000 0.000000 1.000000
0.557696 0.172847 -0.811849 -107.526047 -0.109928 0.984843 0.134164 90.043419 0.822734 0.014422 0.568244 -34.727982 0.000000 0.000000 0.000000 1.000000
0.508475 0.180200 -0.842010 -107.304794 -0.101474 0.983584 0.149219 90.108490 0.855077 0.009568 0.518413 -34.783043 0.000000 0.000000 0.000000 1.000000
0.464110 0.186429 -0.865936 -107.138802 -0.094786 0.982440 0.160710 90.195267 0.880691 0.007491 0.473631 -34.898117 0.000000 0.000000 0.000000 1.000000
0.426080 0.191122 -0.884267 -107.005356 -0.088834 0.981546 0.169343 90.294373 0.900314 0.006399 0.435195 -35.087143 0.000000 0.000000 0.000000 1.000000
0.392724 0.194619 -0.898828 -106.889862 -0.083528 0.980860 0.175886 90.391922 0.915855 0.006002 0.401464 -35.369095 0.000000 0.000000 0.000000 1.000000
0.361389 0.196078 -0.911565 -106.785461 -0.079344 0.980560 0.179463 90.479904 0.929033 0.007471 0.369921 -35.744438 0.000000 0.000000 0.000000 1.000000
0.330600 0.194243 -0.923565 -106.691971 -0.076424 0.980887 0.178942 90.547165 0.940672 0.011425 0.339126 -36.203609 0.000000 0.000000 0.000000 1.000000
0.301185 0.189667 -0.934513 -106.613869 -0.075238 0.981691 0.174994 90.614922 0.950593 0.017606 0.309940 -36.714012 0.000000 0.000000 0.000000 1.000000
0.275353 0.184116 -0.943548 -106.567062 -0.077206 0.982554 0.169196 90.697639 0.958238 0.026259 0.284764 -37.268295 0.000000 0.000000 0.000000 1.000000
0.254249 0.178794 -0.950469 -106.566010 -0.083170 0.983165 0.162696 90.805725 0.963556 0.037685 0.264839 -37.867493 0.000000 0.000000 0.000000 1.000000
0.236505 0.174735 -0.955789 -106.603325 -0.090878 0.983362 0.157288 90.951340 0.967371 0.049661 0.248450 -38.488941 0.000000 0.000000 0.000000 1.000000
0.219572 0.172803 -0.960171 -106.649780 -0.096161 0.983229 0.154963 91.137833 0.970846 0.058305 0.232506 -39.093174 0.000000 0.000000 0.000000 1.000000
0.202392 0.172833 -0.963933 -106.682510 -0.097687 0.982957 0.155733 91.339058 0.974420 0.062644 0.215826 -39.657990 0.000000 0.000000 0.000000 1.000000
0.185920 0.174070 -0.967023 -106.703667 -0.098115 0.982552 0.158002 91.524658 0.977654 0.065504 0.199755 -40.170700 0.000000 0.000000 0.000000 1.000000
0.171519 0.175864 -0.969357 -106.724174 -0.099578 0.981994 0.160537 91.674950 0.980135 0.068991 0.185943 -40.626965 0.000000 0.000000 0.000000 1.000000
0.159870 0.177538 -0.971042 -106.748177 -0.101505 0.981436 0.162727 91.786118 0.981905 0.072551 0.174923 -41.022659 0.000000 0.000000 0.000000 1.000000
0.150933 0.178646 -0.972268 -106.768341 -0.103022 0.981022 0.164262 91.861160 0.983161 0.075373 0.166473 -41.356373 0.000000 0.000000 0.000000 1.000000
0.144349 0.179585 -0.973094 -106.773788 -0.104374 0.980671 0.165500 91.906624 0.984007 0.077676 0.160303 -41.630306 0.000000 0.000000 0.000000 1.000000
0.139849 0.180736 -0.973538 -106.756813 -0.105665 0.980310 0.166814 91.934662 0.984519 0.079540 0.156193 -41.846100 0.000000 0.000000 0.000000 1.000000
0.136886 0.181399 -0.973836 -106.712540 -0.106218 0.980110 0.167637 91.960602 0.984876 0.080492 0.153431 -42.008049 0.000000 0.000000 0.000000 1.000000
0.134067 0.180525 -0.974390 -106.639801 -0.105414 0.980286 0.167114 91.996452 0.985350 0.080310 0.150454 -42.125790 0.000000 0.000000 0.000000 1.000000
0.130007 0.177977 -0.975409 -106.544136 -0.103319 0.980834 0.165196 92.045219 0.986115 0.079302 0.145903 -42.209545 0.000000 0.000000 0.000000 1.000000
0.124796 0.174506 -0.976716 -106.437363 -0.100263 0.981590 0.162566 92.098160 0.987103 0.077640 0.139995 -42.269283 0.000000 0.000000 0.000000 1.000000
0.119976 0.170858 -0.977964 -106.327209 -0.096645 0.982411 0.159778 92.139084 0.988061 0.075346 0.134378 -42.315315 0.000000 0.000000 0.000000 1.000000
0.117081 0.167475 -0.978899 -106.210159 -0.093438 0.983164 0.157029 92.155090 0.988717 0.073081 0.130758 -42.352692 0.000000 0.000000 0.000000 1.000000
0.116727 0.164832 -0.979390 -106.083557 -0.091711 0.983707 0.154628 92.145874 0.988921 0.071771 0.129942 -42.379498 0.000000 0.000000 0.000000 1.000000
0.118423 0.163500 -0.979410 -105.956497 -0.091498 0.983951 0.153194 92.124741 0.988739 0.071473 0.131483 -42.395355 0.000000 0.000000 0.000000 1.000000
0.120871 0.163425 -0.979123 -105.844681 -0.091911 0.983960 0.152886 92.109970 0.988404 0.071513 0.133953 -42.405045 0.000000 0.000000 0.000000 1.000000
0.122926 0.163807 -0.978804 -105.759605 -0.092029 0.983915 0.153105 92.112106 0.988140 0.071257 0.136024 -42.409454 0.000000 0.000000 0.000000 1.000000
0.124284 0.164144 -0.978576 -105.699966 -0.091474 0.983918 0.153423 92.128204 0.988021 0.070446 0.137300 -42.400967 0.000000 0.000000 0.000000 1.000000</float_array><technique_common><accessor source="#mixamorig7_Hips-Matrix-animation-output-transform-array" count="80" stride="16"><param type="float4x4"/></accessor></technique_common></source><source id="mixamorig7_Hips-Interpolations"><Name_array id="mixamorig7_Hips-Interpolations-array" count="80">
 LINEAR LINEAR LINEAR LINEAR LINEAR LINEAR LINEAR LINEAR LINEAR LINEAR LINEAR
LINEAR LINEAR LINEAR LINEAR LINEAR LINEAR LINEAR LINEAR LINEAR LINEAR LINEAR LINEAR
LINEAR LINEAR LINEAR LINEAR LINEAR LINEAR LINEAR LINEAR LINEAR LINEAR LINEAR LINEAR
LINEAR LINEAR LINEAR LINEAR LINEAR LINEAR LINEAR LINEAR LINEAR LINEAR LINEAR LINEAR
LINEAR LINEAR LINEAR LINEAR LINEAR LINEAR LINEAR LINEAR LINEAR LINEAR LINEAR LINEAR
LINEAR LINEAR LINEAR LINEAR LINEAR LINEAR LINEAR LINEAR LINEAR LINEAR LINEAR LINEAR
LINEAR LINEAR LINEAR LINEAR LINEAR LINEAR LINEAR LINEAR LINEAR</Name_array><technique_common><accessor source="#mixamorig7_Hips-Interpolations-array" count="80"><param type="name"/></accessor></technique_common></source><sampler id="mixamorig7_Hips-Matrix-animation-transform"><input semantic="INPUT" source="#mixamorig7_Hips-Matrix-animation-input"/><input semantic="OUTPUT" source="#mixamorig7_Hips-Matrix-animation-output-transform"/><input semantic="INTERPOLATION" source="#mixamorig7_Hips-Interpolations"/></sampler><channel source="#mixamorig7_Hips-Matrix-animation-transform" target="mixamorig7_Hips/matrix"/></animation>
    <animation id="mixamorig7_Spine-anim" name="mixamorig7_Spine"><source id="mixamorig7_Spine-Matrix-animation-input"><float_array id="mixamorig7_Spine-Matrix-animation-input-array" count="80">

0.000000 0.033333 0.066667 0.100000 0.133333 0.166667 0.200000 0.233333 0.266667 0.300000 0.333333 0.366667 0.400000 0.433333 0.466667 0.500000
0.533333 0.566667 0.600000 0.633333 0.666667 0.700000 0.733333 0.766667 0.800000 0.833333 0.866667 0.900000 0.933333 0.966667 1.000000 1.033333
1.066667 1.100000 1.133333 1.166667 1.200000 1.233333 1.266667 1.300000 1.333333 1.366667 1.400000 1.433333 1.466667 1.500000 1.533333 1.566667
1.600000 1.633333 1.666667 1.700000 1.733333 1.766667 1.800000 1.833333 1.866667 1.900000 1.933333 1.966667 2.000000 2.033333 2.066667 2.100000
2.133333 2.166667 2.200000 2.233333 2.266667 2.300000 2.333333 2.366667 2.400000 2.433333 2.466667 2.500000 2.533333 2.566667 2.600000 2.633333</float_array><technique_common><accessor source="#mixamorig7_Spine-Matrix-animation-input-array" count="80"><param name="TIME" type="float"/></accessor></technique_common></source><source id="mixamorig7_Spine-Matrix-animation-output-transform"><float_array id="mixamorig7_Spine-Matrix-animation-output-transform-array" count="1280">

0.992226 -0.121437 -0.027200 0.000000 0.089952 0.850897 -0.517573 9.694400 0.085997 0.511103 0.855206 -1.109700 0.000000 0.000000 0.000000 1.000000
0.994832 -0.101055 -0.009821 -0.000000 0.082331 0.859528 -0.504413 9.694400 0.059414 0.500998 0.863407 -1.109700 0.000000 0.000000 0.000000 1.000000
0.997715 -0.067306 0.005902 0.000000 0.061751 0.872938 -0.483908 9.694400 0.027418 0.483167 0.875099 -1.109700 0.000000 0.000000 0.000000 1.000000
0.999303 -0.034928 0.013164 0.000000 0.037099 0.890523 -0.453424 9.694400 0.004114 0.453596 0.891198 -1.109700 0.000000 0.000000 0.000000 1.000000
0.999571 -0.018097 0.023046 0.000000 0.026129 0.906453 -0.421497 9.694400 -0.013262 0.421918 0.906537 -1.109700 0.000000 0.000000 0.000000 1.000000
0.997924 -0.023490 0.059960 0.000000 0.045925 0.912299 -0.406941 9.694400 -0.045143 0.408850 0.911485 -1.109700 0.000000 0.000000 0.000000 1.000000
0.990568 -0.041645 0.130537 0.000000 0.092766 0.904975 -0.415229 9.694400 -0.100841 0.423422 0.900303 -1.109700 0.000000 0.000000 0.000000 1.000000
0.977394 -0.058057 0.203300 0.000000 0.142957 0.889910 -0.433154 9.694400 -0.155772 0.452426 0.878092 -1.109700 0.000000 0.000000 0.000000 1.000000
0.971864 -0.060442 0.227657 0.000000 0.161023 0.875885 -0.454860 9.694400 -0.171908 0.478720 0.860973 -1.109700 0.000000 0.000000 0.000000 1.000000
0.980500 -0.058135 0.187726 -0.000000 0.143193 0.865586 -0.479851 9.694400 -0.134597 0.497375 0.857031 -1.109700 0.000000 0.000000 0.000000 1.000000
0.991385 -0.071537 0.109719 0.000000 0.117032 0.859959 -0.496764 9.694400 -0.058817 0.505325 0.860923 -1.109700 0.000000 0.000000 0.000000 1.000000
0.995471 -0.090321 0.029657 0.000000 0.093231 0.866564 -0.490280 9.694400 0.018583 0.490825 0.871060 -1.109700 0.000000 0.000000 0.000000 1.000000
0.995049 -0.090603 -0.040836 0.000000 0.060582 0.878730 -0.473459 9.694400 0.078781 0.468642 0.879868 -1.109700 0.000000 0.000000 0.000000 1.000000
0.992072 -0.075749 -0.100276 0.000000 0.019635 0.881555 -0.471673 9.694400 0.124128 0.465965 0.876053 -1.109700 0.000000 0.000000 0.000000 1.000000
0.986256 -0.060812 -0.153627 0.000000 -0.019547 0.880330 -0.473959 9.694400 0.164065 0.470448 0.867042 -1.109700 0.000000 0.000000 0.000000 1.000000
0.978966 -0.072349 -0.190763 0.000000 -0.027530 0.879617 -0.474885 9.694400 0.202156 0.470148 0.859124 -1.109700 0.000000 0.000000 0.000000 1.000000
0.973075 -0.113425 -0.200646 0.000000 0.005393 0.881497 -0.472158 9.694400 0.230424 0.458363 0.858375 -1.109700 0.000000 0.000000 0.000000 1.000000
0.970109 -0.154325 -0.187274 0.000000 0.051585 0.885237 -0.462271 9.694400 0.237122 0.438793 0.866738 -1.109700 0.000000 0.000000 0.000000 1.000000
0.969140 -0.180935 -0.167423 -0.000000 0.089410 0.890922 -0.445268 9.694400 0.229725 0.416558 0.879606 -1.109700 0.000000 0.000000 0.000000 1.000000
0.965418 -0.203439 -0.163035 0.000000 0.118888 0.900096 -0.419158 9.694400 0.232020 0.385279 0.893155 -1.109700 0.000000 0.000000 0.000000 1.000000
0.957382 -0.224857 -0.181273 0.000000 0.142291 0.913366 -0.381466 9.694400 0.251343 0.339415 0.906435 -1.109700 0.000000 0.000000 0.000000 1.000000
0.950547 -0.231516 -0.207026 0.000000 0.154046 0.930255 -0.333009 9.694400 0.269684 0.284649 0.919916 -1.109700 0.000000 0.000000 0.000000 1.000000
0.951620 -0.220378 -0.214133 -0.000000 0.154537 0.945572 -0.286377 9.694400 0.265590 0.239431 0.933882 -1.109700 0.000000 0.000000 0.000000 1.000000
0.964512 -0.182905 -0.190425 0.000000 0.135132 0.961541 -0.239118 9.694400 0.226837 0.204900 0.952135 -1.109700 0.000000 0.000000 0.000000 1.000000
0.983883 -0.106001 -0.144007 0.000000 0.079152 0.980326 -0.180817 9.694400 0.160340 0.166505 0.972917 -1.109700 0.000000 0.000000 0.000000 1.000000
0.995869 0.009221 -0.090331 0.000000 -0.021034 0.991197 -0.130716 9.694400 0.088331 0.132076 0.987296 -1.109700 0.000000 0.000000 0.000000 1.000000
0.993177 0.112550 -0.030533 -0.000000 -0.115699 0.983782 -0.137064 9.694400 0.014611 0.139661 0.990092 -1.109700 0.000000 0.000000 0.000000 1.000000
0.987828 0.146382 0.052622 0.000000 -0.133244 0.970829 -0.199341 9.694400 -0.080267 0.189903 0.978516 -1.109700 0.000000 0.000000 0.000000 1.000000
0.978288 0.139024 0.153706 0.000000 -0.095382 0.960445 -0.261626 9.694400 -0.183999 0.241285 0.952852 -1.109700 0.000000 0.000000 0.000000 1.000000
0.960788 0.149887 0.233283 0.000000 -0.075680 0.951117 -0.299413 9.694400 -0.266758 0.270018 0.925165 -1.109700 0.000000 0.000000 0.000000 1.000000
0.945641 0.185037 0.267441 0.000000 -0.095692 0.944267 -0.314963 9.694400 -0.310816 0.272250 0.910645 -1.109700 0.000000 0.000000 0.000000 1.000000
0.940620 0.204919 0.270632 0.000000 -0.113783 0.941447 -0.317380 9.694400 -0.319823 0.267741 0.908861 -1.109700 0.000000 0.000000 0.000000 1.000000
0.937652 0.203879 0.281499 0.000000 -0.107841 0.940573 -0.322013 9.694400 -0.330422 0.271579 0.903917 -1.109700 0.000000 0.000000 0.000000 1.000000
0.926374 0.205835 0.315377 0.000000 -0.092546 0.936165 -0.339161 9.694400 -0.365056 0.285003 0.886288 -1.109700 0.000000 0.000000 0.000000 1.000000
0.911028 0.218506 0.349690 0.000000 -0.080728 0.926156 -0.368399 9.694400 -0.404365 0.307392 0.861394 -1.109700 0.000000 0.000000 0.000000 1.000000
0.902671 0.229167 0.364235 -0.000000 -0.072447 0.915254 -0.396310 9.694400 -0.424188 0.331350 0.842776 -1.109700 0.000000 0.000000 0.000000 1.000000
0.902970 0.230262 0.362800 0.000000 -0.067335 0.909697 -0.409777 9.694400 -0.424395 0.345587 0.836934 -1.109700 0.000000 0.000000 0.000000 1.000000
0.906998 0.227118 0.354645 0.000000 -0.068118 0.910144 -0.408655 9.694400 -0.415590 0.346491 0.840969 -1.109700 0.000000 0.000000 0.000000 1.000000
0.912854 0.224569 0.340980 0.000000 -0.075824 0.913864 -0.398878 9.694400 -0.401185 0.338263 0.851252 -1.109700 0.000000 0.000000 0.000000 1.000000
0.920921 0.219513 0.322054 0.000000 -0.084921 0.919470 -0.383880 9.694400 -0.380385 0.326174 0.865400 -1.109700 0.000000 0.000000 0.000000 1.000000
0.928662 0.213354 0.303426 0.000000 -0.092483 0.925367 -0.367618 9.694400 -0.359213 0.313331 0.879084 -1.109700 0.000000 0.000000 0.000000 1.000000
0.934147 0.206567 0.291033 0.000000 -0.096473 0.931267 -0.351332 9.694400 -0.343603 0.300118 0.889869 -1.109700 0.000000 0.000000 0.000000 1.000000
0.937900 0.197771 0.285009 -0.000000 -0.096579 0.937955 -0.333037 9.694400 -0.333190 0.284829 0.898808 -1.109700 0.000000 0.000000 0.000000 1.000000
0.941620 0.185905 0.280698 0.000000 -0.093668 0.945465 -0.311964 9.694400 -0.323386 0.267459 0.907682 -1.109700 0.000000 0.000000 0.000000 1.000000
0.946002 0.173128 0.274058 0.000000 -0.089991 0.952464 -0.291058 9.694400 -0.311420 0.250679 0.916612 -1.109700 0.000000 0.000000 0.000000 1.000000
0.951001 0.160849 0.264056 0.000000 -0.086115 0.958028 -0.273435 9.694400 -0.296955 0.237298 0.924937 -1.109700 0.000000 0.000000 0.000000 1.000000
0.956735 0.147471 0.250821 0.000000 -0.080413 0.962480 -0.259165 9.694400 -0.279630 0.227783 0.932696 -1.109700 0.000000 0.000000 0.000000 1.000000
0.962731 0.133871 0.235007 0.000000 -0.074098 0.966216 -0.246852 9.694400 -0.260114 0.220238 0.940125 -1.109700 0.000000 0.000000 0.000000 1.000000
0.968064 0.123321 0.218275 0.000000 -0.070344 0.969289 -0.235651 9.694400 -0.240632 0.212771 0.947008 -1.109700 0.000000 0.000000 0.000000 1.000000
0.972417 0.115185 0.202822 -0.000000 -0.068239 0.972002 -0.224844 9.694400 -0.223042 0.204801 0.953052 -1.109700 0.000000 0.000000 0.000000 1.000000
0.976269 0.105398 0.189182 0.000000 -0.063974 0.974948 -0.213033 9.694400 -0.206896 0.195875 0.958555 -1.109700 0.000000 0.000000 0.000000 1.000000
0.980348 0.092863 0.174051 0.000000 -0.057334 0.978314 -0.199033 9.694400 -0.188760 0.185142 0.964413 -1.109700 0.000000 0.000000 0.000000 1.000000
0.984884 0.080438 0.153404 0.000000 -0.051588 0.981659 -0.183535 9.694400 -0.165354 0.172847 0.970970 -1.109700 0.000000 0.000000 0.000000 1.000000
0.989353 0.070980 0.127056 0.000000 -0.048868 0.984339 -0.169379 9.694400 -0.137089 0.161367 0.977327 -1.109700 0.000000 0.000000 0.000000 1.000000
0.993003 0.065294 0.098391 0.000000 -0.049143 0.986144 -0.158448 9.694400 -0.107374 0.152504 0.982453 -1.109700 0.000000 0.000000 0.000000 1.000000
0.995552 0.061736 0.071174 0.000000 -0.050600 0.987566 -0.148839 9.694400 -0.079478 0.144575 0.986297 -1.109700 0.000000 0.000000 0.000000 1.000000
0.997223 0.057540 0.047284 0.000000 -0.050552 0.989195 -0.137618 9.694400 -0.054691 0.134845 0.989356 -1.109700 0.000000 0.000000 0.000000 1.000000
0.998385 0.050358 0.026309 0.000000 -0.046708 0.991109 -0.124588 9.694400 -0.032349 0.123158 0.991860 -1.109700 0.000000 0.000000 0.000000 1.000000
0.999193 0.039539 0.007027 0.000000 -0.038520 0.993107 -0.110702 9.694400 -0.011355 0.110342 0.993829 -1.109700 0.000000 0.000000 0.000000 1.000000
0.999587 0.026605 -0.010904 0.000000 -0.027530 0.995003 -0.095974 9.694400 0.008296 0.096235 0.995324 -1.109700 0.000000 0.000000 0.000000 1.000000
0.999529 0.015149 -0.026688 0.000000 -0.017294 0.996477 -0.082063 9.694400 0.025351 0.082486 0.996270 -1.109700 0.000000 0.000000 0.000000 1.000000
0.999182 0.008582 -0.039522 0.000000 -0.011422 0.997325 -0.072190 9.694400 0.038797 0.072583 0.996608 -1.109700 0.000000 0.000000 0.000000 1.000000
0.998755 0.005934 -0.049527 -0.000000 -0.009253 0.997706 -0.067054 9.694400 0.049015 0.067429 0.996519 -1.109700 0.000000 0.000000 0.000000 1.000000
0.998375 0.002369 -0.056943 0.000000 -0.006043 0.997904 -0.064429 9.694400 0.056671 0.064668 0.996296 -1.109700 0.000000 0.000000 0.000000 1.000000
0.998060 -0.004724 -0.062085 0.000000 0.000872 0.998080 -0.061925 9.694400 0.062258 0.061751 0.996148 -1.109700 0.000000 0.000000 0.000000 1.000000
0.997675 -0.013818 -0.066734 0.000000 0.009941 0.998262 -0.058087 9.694400 0.067421 0.057289 0.996079 -1.109700 0.000000 0.000000 0.000000 1.000000
0.997067 -0.023141 -0.072947 0.000000 0.019301 0.998413 -0.052914 9.694400 0.074056 0.051351 0.995931 -1.109700 0.000000 0.000000 0.000000 1.000000
0.996213 -0.032845 -0.080499 0.000000 0.029008 0.998407 -0.048385 9.694400 0.081960 0.045867 0.995580 -1.109700 0.000000 0.000000 0.000000 1.000000
0.995222 -0.043155 -0.087580 0.000000 0.039211 0.998159 -0.046266 9.694400 0.089415 0.042611 0.995083 -1.109700 0.000000 0.000000 0.000000 1.000000
0.994291 -0.052986 -0.092618 0.000000 0.048903 0.997752 -0.045810 9.694400 0.094837 0.041019 0.994647 -1.109700 0.000000 0.000000 0.000000 1.000000
0.993617 -0.061181 -0.094771 0.000000 0.057116 0.997352 -0.045029 9.694400 0.097275 0.039329 0.994480 -1.109700 0.000000 0.000000 0.000000 1.000000
0.993269 -0.067612 -0.094053 0.000000 0.063791 0.997034 -0.043060 9.694400 0.096685 0.036770 0.994636 -1.109700 0.000000 0.000000 0.000000 1.000000
0.993217 -0.072246 -0.091103 0.000000 0.068809 0.996815 -0.040322 9.694400 0.093725 0.033780 0.995025 -1.109700 0.000000 0.000000 0.000000 1.000000
0.993401 -0.074913 -0.086849 0.000000 0.071894 0.996711 -0.037383 9.694400 0.089364 0.030892 0.995520 -1.109700 0.000000 0.000000 0.000000 1.000000
0.993636 -0.076706 -0.082489 -0.000000 0.074048 0.996647 -0.034814 9.694400 0.084883 0.028485 0.995984 -1.109700 0.000000 0.000000 0.000000 1.000000
0.993698 -0.079316 -0.079209 0.000000 0.076871 0.996480 -0.033452 9.694400 0.081583 0.027153 0.996297 -1.109700 0.000000 0.000000 0.000000 1.000000
0.993572 -0.082632 -0.077379 0.000000 0.080205 0.996199 -0.033970 9.694400 0.079892 0.027545 0.996423 -1.109700 0.000000 0.000000 0.000000 1.000000
0.993450 -0.084919 -0.076454 0.000000 0.082383 0.995960 -0.035736 9.694400 0.079179 0.029204 0.996433 -1.109700 0.000000 0.000000 0.000000 1.000000
0.993489 -0.085160 -0.075679 -0.000000 0.082547 0.995899 -0.037021 9.694400 0.078522 0.030533 0.996445 -1.109700 0.000000 0.000000 0.000000 1.000000
0.993640 -0.084256 -0.074701 0.000000 0.081655 0.995966 -0.037216 9.694400 0.077535 0.030879 0.996511 -1.109700 0.000000 0.000000 0.000000 1.000000</float_array><technique_common><accessor source="#mixamorig7_Spine-Matrix-animation-output-transform-array" count="80" stride="16"><param type="float4x4"/></accessor></technique_common></source><source id="mixamorig7_Spine-Interpolations"><Name_array id="mixamorig7_Spine-Interpolations-array" count="80">
 LINEAR LINEAR LINEAR LINEAR LINEAR LINEAR LINEAR LINEAR LINEAR LINEAR LINEAR
LINEAR LINEAR LINEAR LINEAR LINEAR LINEAR LINEAR LINEAR LINEAR LINEAR LINEAR LINEAR
LINEAR LINEAR LINEAR LINEAR LINEAR LINEAR LINEAR LINEAR LINEAR LINEAR LINEAR LINEAR
LINEAR LINEAR LINEAR LINEAR LINEAR LINEAR LINEAR LINEAR LINEAR LINEAR LINEAR LINEAR
LINEAR LINEAR LINEAR LINEAR LINEAR LINEAR LINEAR LINEAR LINEAR LINEAR LINEAR LINEAR
LINEAR LINEAR LINEAR LINEAR LINEAR LINEAR LINEAR LINEAR LINEAR LINEAR LINEAR LINEAR
LINEAR LINEAR LINEAR LINEAR LINEAR LINEAR LINEAR LINEAR LINEAR</Name_array><technique_common><accessor source="#mixamorig7_Spine-Interpolations-array" count="80"><param type="name"/></accessor></technique_common></source><sampler id="mixamorig7_Spine-Matrix-animation-transform"><input semantic="INPUT" source="#mixamorig7_Spine-Matrix-animation-input"/><input semantic="OUTPUT" source="#mixamorig7_Spine-Matrix-animation-output-transform"/><input semantic="INTERPOLATION" source="#mixamorig7_Spine-Interpolations"/></sampler><channel source="#mixamorig7_Spine-Matrix-animation-transform" target="mixamorig7_Spine/matrix"/></animation>
    <animation id="mixamorig7_Spine1-anim" name="mixamorig7_Spine1"><source id="mixamorig7_Spine1-Matrix-animation-input"><float_array id="mixamorig7_Spine1-Matrix-animation-input-array" count="80">

0.000000 0.033333 0.066667 0.100000 0.133333 0.166667 0.200000 0.233333 0.266667 0.300000 0.333333 0.366667 0.400000 0.433333 0.466667 0.500000
0.533333 0.566667 0.600000 0.633333 0.666667 0.700000 0.733333 0.766667 0.800000 0.833333 0.866667 0.900000 0.933333 0.966667 1.000000 1.033333
1.066667 1.100000 1.133333 1.166667 1.200000 1.233333 1.266667 1.300000 1.333333 1.366667 1.400000 1.433333 1.466667 1.500000 1.533333 1.566667
1.600000 1.633333 1.666667 1.700000 1.733333 1.766667 1.800000 1.833333 1.866667 1.900000 1.933333 1.966667 2.000000 2.033333 2.066667 2.100000
2.133333 2.166667 2.200000 2.233333 2.266667 2.300000 2.333333 2.366667 2.400000 2.433333 2.466667 2.500000 2.533333 2.566667 2.600000 2.633333</float_array><technique_common><accessor source="#mixamorig7_Spine1-Matrix-animation-input-array" count="80"><param name="TIME" type="float"/></accessor></technique_common></source><source id="mixamorig7_Spine1-Matrix-animation-output-transform"><float_array id="mixamorig7_Spine1-Matrix-animation-output-transform-array" count="1280">

0.998252 0.058727 0.006693 -0.000000 -0.059004 0.996788 0.054143 11.384000 -0.003492 -0.054443 0.998511 0.000000 0.000000 0.000000 0.000000 1.000000
0.998637 0.051585 0.007974 -0.000000 -0.051899 0.997583 0.046202 11.384000 -0.005572 -0.046553 0.998900 0.000000 0.000000 0.000000 0.000000 1.000000
0.999195 0.039267 0.008212 0.000000 -0.039547 0.998523 0.037245 11.384000 -0.006737 -0.037540 0.999272 0.000000 0.000000 0.000000 0.000000 1.000000
0.999650 0.025529 0.006934 0.000000 -0.025713 0.999282 0.027832 11.384000 -0.006219 -0.028000 0.999589 0.000000 0.000000 0.000000 0.000000 1.000000
0.999889 0.013736 0.005814 0.000000 -0.013871 0.999616 0.024007 11.384000 -0.005482 -0.024085 0.999695 0.000000 0.000000 0.000000 0.000000 1.000000
0.999953 0.004918 0.008312 0.000000 -0.005186 0.999456 0.032569 11.384000 -0.008147 -0.032611 0.999435 -0.000000 0.000000 0.000000 0.000000 1.000000
0.999856 0.002495 0.016773 0.000000 -0.003259 0.998952 0.045647 11.384000 -0.016642 -0.045695 0.998817 0.000000 0.000000 0.000000 0.000000 1.000000
0.999551 0.010173 0.028186 0.000000 -0.011504 0.998806 0.047473 11.384000 -0.027669 -0.047776 0.998475 0.000000 0.000000 0.000000 0.000000 1.000000
0.999189 0.021208 0.034242 0.000000 -0.022658 0.998837 0.042551 11.384000 -0.033299 -0.043292 0.998507 -0.000000 0.000000 0.000000 0.000000 1.000000
0.999055 0.030391 0.031083 0.000000 -0.031836 0.998382 0.047124 11.384000 -0.029601 -0.048069 0.998405 0.000000 0.000000 0.000000 0.000000 1.000000
0.999002 0.038733 0.022225 -0.000000 -0.039968 0.997508 0.058133 11.384000 -0.019918 -0.058963 0.998061 -0.000000 0.000000 0.000000 0.000000 1.000000
0.999045 0.042140 0.011507 -0.000000 -0.042737 0.997415 0.057769 11.384000 -0.009043 -0.058205 0.998264 0.000000 0.000000 0.000000 0.000000 1.000000
0.999258 0.038512 0.000851 -0.000000 -0.038509 0.998156 0.046914 11.384000 0.000958 -0.046912 0.998899 0.000000 0.000000 0.000000 0.000000 1.000000
0.999468 0.031418 -0.008736 -0.000000 -0.031033 0.998670 0.041172 11.384000 0.010017 -0.040879 0.999114 -0.000000 0.000000 0.000000 0.000000 1.000000
0.999446 0.029250 -0.015866 0.000000 -0.028575 0.998742 0.041210 11.384000 0.017051 -0.040734 0.999025 -0.000000 0.000000 0.000000 0.000000 1.000000
0.999106 0.037794 -0.018916 0.000000 -0.036849 0.998165 0.048044 11.384000 0.020697 -0.047304 0.998666 0.000000 0.000000 0.000000 0.000000 1.000000
0.998482 0.052061 -0.017990 0.000000 -0.050949 0.997042 0.057544 11.384000 0.020933 -0.056540 0.998181 0.000000 0.000000 0.000000 0.000000 1.000000
0.997968 0.061910 -0.015058 0.000000 -0.060859 0.996196 0.062368 11.384000 0.018862 -0.061325 0.997940 0.000000 0.000000 0.000000 0.000000 1.000000
0.997879 0.063823 -0.012840 0.000000 -0.062939 0.996193 0.060311 11.384000 0.016640 -0.059375 0.998097 0.000000 0.000000 0.000000 0.000000 1.000000
0.998021 0.061375 -0.013673 0.000000 -0.060544 0.996672 0.054578 11.384000 0.016977 -0.053642 0.998416 -0.000000 0.000000 0.000000 0.000000 1.000000
0.998280 0.055742 -0.018154 0.000000 -0.054806 0.997319 0.048491 11.384000 0.020808 -0.047413 0.998659 0.000000 0.000000 0.000000 0.000000 1.000000
0.998700 0.044909 -0.024110 -0.000000 -0.043846 0.998114 0.042954 11.384000 0.025993 -0.041841 0.998786 0.000000 0.000000 0.000000 0.000000 1.000000
0.999074 0.033450 -0.027048 0.000000 -0.032211 0.998466 0.045027 11.384000 0.028512 -0.044114 0.998620 0.000000 0.000000 0.000000 0.000000 1.000000
0.999375 0.025421 -0.024580 0.000000 -0.023934 0.997970 0.059010 11.384000 0.026030 -0.058385 0.997955 0.000000 0.000000 0.000000 0.000000 1.000000
0.999674 0.017819 -0.018273 0.000000 -0.016287 0.996594 0.080835 11.384000 0.019651 -0.080511 0.996560 0.000000 0.000000 0.000000 0.000000 1.000000
0.999887 0.011121 -0.010083 0.000000 -0.010007 0.994468 0.104558 11.384000 0.011190 -0.104445 0.994468 0.000000 0.000000 0.000000 0.000000 1.000000
0.999778 0.020842 0.003027 0.000000 -0.021056 0.992151 0.123262 11.384000 -0.000434 -0.123299 0.992370 -0.000000 0.000000 0.000000 0.000000 1.000000
0.998106 0.056507 0.024314 0.000000 -0.059010 0.991152 0.118894 11.384000 -0.017381 -0.120104 0.992609 -0.000000 0.000000 0.000000 0.000000 1.000000
0.994382 0.095283 0.046113 0.000000 -0.098966 0.991405 0.085568 11.384000 -0.037563 -0.089650 0.995265 -0.000000 0.000000 0.000000 0.000000 1.000000
0.991771 0.113356 0.059511 0.000000 -0.116274 0.992052 0.048102 11.384000 -0.053586 -0.054626 0.997068 -0.000000 0.000000 0.000000 0.000000 1.000000
0.991740 0.111647 0.063143 0.000000 -0.113370 0.993254 0.024383 11.384000 -0.059994 -0.031340 0.997707 0.000000 0.000000 0.000000 0.000000 1.000000
0.992052 0.109304 0.062328 -0.000000 -0.110177 0.993854 0.010728 11.384000 -0.060773 -0.017510 0.997998 0.000000 0.000000 0.000000 0.000000 1.000000
0.992007 0.109378 0.062923 0.000000 -0.109486 0.993987 -0.001736 11.384000 -0.062734 -0.005167 0.998017 0.000000 0.000000 0.000000 0.000000 1.000000
0.992853 0.099696 0.065604 -0.000000 -0.099000 0.994992 -0.013785 11.384000 -0.066650 0.007192 0.997751 -0.000000 0.000000 0.000000 0.000000 1.000000
0.994421 0.080777 0.067840 -0.000000 -0.079603 0.996629 -0.019841 11.384000 -0.069214 0.014330 0.997499 0.000000 0.000000 0.000000 0.000000 1.000000
0.995425 0.066644 0.068459 -0.000000 -0.065469 0.997668 -0.019280 11.384000 -0.069584 0.014709 0.997468 -0.000000 0.000000 0.000000 0.000000 1.000000
0.995477 0.065645 0.068677 -0.000000 -0.064621 0.997765 -0.017020 11.384000 -0.069640 0.012505 0.997494 0.000000 0.000000 0.000000 0.000000 1.000000
0.994854 0.074099 0.069104 0.000000 -0.073137 0.997188 -0.016352 11.384000 -0.070121 0.011214 0.997475 0.000000 0.000000 0.000000 0.000000 1.000000
0.994083 0.084202 0.068629 0.000000 -0.083214 0.996384 -0.017129 11.384000 -0.069823 0.011316 0.997495 0.000000 0.000000 0.000000 0.000000 1.000000
0.993481 0.092378 0.066790 -0.000000 -0.091420 0.995663 -0.017270 11.384000 -0.068096 0.011052 0.997618 0.000000 0.000000 0.000000 0.000000 1.000000
0.993150 0.097336 0.064641 0.000000 -0.096660 0.995226 -0.013518 11.384000 -0.065649 0.007177 0.997817 0.000000 0.000000 0.000000 0.000000 1.000000
0.992919 0.100466 0.063384 0.000000 -0.100284 0.994940 -0.006060 11.384000 -0.063672 -0.000339 0.997971 0.000000 0.000000 0.000000 0.000000 1.000000
0.992748 0.102522 0.062779 -0.000000 -0.102823 0.994698 0.001564 11.384000 -0.062285 -0.008008 0.998026 0.000000 0.000000 0.000000 0.000000 1.000000
0.992754 0.103040 0.061824 0.000000 -0.103668 0.994587 0.007036 11.384000 -0.060764 -0.013394 0.998062 0.000000 0.000000 0.000000 0.000000 1.000000
0.993047 0.101245 0.060065 0.000000 -0.102129 0.994701 0.011815 11.384000 -0.058550 -0.017867 0.998125 0.000000 0.000000 0.000000 0.000000 1.000000
0.993575 0.097387 0.057660 0.000000 -0.098545 0.994977 0.017582 11.384000 -0.055658 -0.023151 0.998181 0.000000 0.000000 0.000000 0.000000 1.000000
0.994129 0.093271 0.054838 0.000000 -0.094653 0.995241 0.023162 11.384000 -0.052417 -0.028216 0.998227 -0.000000 0.000000 0.000000 0.000000 1.000000
0.994570 0.090271 0.051788 0.000000 -0.091740 0.995424 0.026724 11.384000 -0.049139 -0.031330 0.998300 -0.000000 0.000000 0.000000 0.000000 1.000000
0.994950 0.087783 0.048664 0.000000 -0.089226 0.995609 0.028301 11.384000 -0.045966 -0.032500 0.998414 0.000000 0.000000 0.000000 0.000000 1.000000
0.995361 0.084720 0.045606 0.000000 -0.086083 0.995871 0.028804 11.384000 -0.042978 -0.032597 0.998544 0.000000 0.000000 0.000000 0.000000 1.000000
0.995820 0.080808 0.042564 0.000000 -0.082050 0.996227 0.028283 11.384000 -0.040118 -0.031657 0.998693 -0.000000 0.000000 0.000000 0.000000 1.000000
0.996354 0.075871 0.039014 0.000000 -0.076931 0.996686 0.026426 11.384000 -0.036879 -0.029331 0.998889 0.000000 0.000000 0.000000 0.000000 1.000000
0.996990 0.069471 0.034428 0.000000 -0.070306 0.997245 0.023648 11.384000 -0.032690 -0.025998 0.999127 0.000000 0.000000 0.000000 0.000000 1.000000
0.997699 0.061346 0.028881 0.000000 -0.061954 0.997866 0.020642 11.384000 -0.027553 -0.022384 0.999370 0.000000 0.000000 0.000000 0.000000 1.000000
0.998399 0.051707 0.022915 0.000000 -0.052113 0.998488 0.017467 11.384000 -0.021978 -0.018633 0.999585 -0.000000 0.000000 0.000000 0.000000 1.000000
0.998984 0.041669 0.017171 0.000000 -0.041906 0.999029 0.013632 11.384000 -0.016586 -0.014338 0.999760 -0.000000 0.000000 0.000000 0.000000 1.000000
0.999383 0.032965 0.012139 -0.000000 -0.033073 0.999414 0.008816 11.384000 -0.011842 -0.009212 0.999887 0.000000 0.000000 0.000000 0.000000 1.000000
0.999615 0.026583 0.007936 0.000000 -0.026609 0.999641 0.003206 11.384000 -0.007847 -0.003416 0.999963 -0.000000 0.000000 0.000000 0.000000 1.000000
0.999755 0.021697 0.004281 -0.000000 -0.021684 0.999761 -0.002900 11.384000 -0.004343 0.002807 0.999987 0.000000 0.000000 0.000000 0.000000 1.000000
