<?xml version="1.0" encoding="utf-8"?>
<COLLADA xmlns="http://www.collada.org/2005/11/COLLADASchema" version="1.4.1">
  <asset><contributor><author>Mixamo</author><authoring_tool>COLLADA Mixamo exporter</authoring_tool><comments></comments></contributor><created>2020-02-25T10:28:54Z</created><modified>2020-02-25T10:28:54Z</modified><revision></revision><title></title><unit meter="0.010000"/><up_axis>Y_UP</up_axis></asset>
  <library_animations>
    <animation id="mixamorig7_Hips-anim" name="mixamorig7_Hips"><source id="mixamorig7_Hips-Matrix-animation-input"><float_array id="mixamorig7_Hips-Matrix-animation-input-array" count="103">

0.000000 0.033333 0.066667 0.100000 0.133333 0.166667 0.200000 0.233333 0.266667 0.300000 0.333333 0.366667 0.400000 0.433333 0.466667 0.500000
0.533333 0.566667 0.600000 0.633333 0.666667 0.700000 0.733333 0.766667 0.800000 0.833333 0.866667 0.900000 0.933333 0.966667 1.000000 1.033333
1.066667 1.100000 1.133333 1.166667 1.200000 1.233333 1.266667 1.300000 1.333333 1.366667 1.400000 1.433333 1.466667 1.500000 1.533333 1.566667
1.600000 1.633333 1.666667 1.700000 1.733333 1.766667 1.800000 1.833333 1.866667 1.900000 1.933333 1.966667 2.000000 2.033333 2.066667 2.100000
2.133333 2.166667 2.200000 2.233333 2.266667 2.300000 2.333333 2.366667 2.400000 2.433333 2.466667 2.500000 2.533333 2.566667 2.600000 2.633333
2.666667 2.700000 2.733333 2.766667 2.800000 2.833333 2.866667 2.900000 2.933333 2.966667 3.000000 3.033333 3.066667 3.100000 3.133333 3.166667
3.200000 3.233333 3.266667 3.300000 3.333333 3.366667 3.400000</float_array><technique_common><accessor source="#mixamorig7_Hips-Matrix-animation-input-array" count="103"><param name="TIME" type="float"/></accessor></technique_common></source><source id="mixamorig7_Hips-Matrix-animation-output-transform"><float_array id="mixamorig7_Hips-Matrix-animation-output-transform-array" count="1648">

0.988159 -0.052895 0.144027 -0.301786 0.049657 0.998428 0.025985 94.032051 -0.145176 -0.018525 0.989232 -0.025083 0.000000 0.000000 0.000000 1.000000
0.988222 -0.052327 0.143800 -0.300628 0.049298 0.998482 0.024548 94.031693 -0.144866 -0.017169 0.989302 0.049073 0.000000 0.000000 0.000000 1.000000
0.988336 -0.051839 0.143194 -0.298267 0.049003 0.998528 0.023264 94.032768 -0.144189 -0.015976 0.989421 0.125769 0.000000 0.000000 0.000000 1.000000
0.988476 -0.051522 0.142342 -0.294639 0.048863 0.998561 0.022115 94.036484 -0.143276 -0.014905 0.989571 0.207779 0.000000 0.000000 0.000000 1.000000
0.988617 -0.051105 0.141512 -0.286236 0.048648 0.998600 0.020769 94.037537 -0.142375 -0.013649 0.989719 0.299365 0.000000 0.000000 0.000000 1.000000
0.988758 -0.050223 0.140836 -0.267312 0.048048 0.998668 0.018803 94.012825 -0.141593 -0.011825 0.989854 0.408562 0.000000 0.000000 0.000000 1.000000
0.988913 -0.049138 0.140128 -0.234813 0.047285 0.998745 0.016530 93.928474 -0.140765 -0.009720 0.989995 0.551444 0.000000 0.000000 0.000000 1.000000
0.989053 -0.048974 0.139198 -0.188420 0.047285 0.998762 0.015417 93.766869 -0.139781 -0.008666 0.990145 0.756061 0.000000 0.000000 0.000000 1.000000
0.989040 -0.050558 0.138720 -0.128481 0.048679 0.998671 0.016910 93.547218 -0.139390 -0.009972 0.990187 1.067449 0.000000 0.000000 0.000000 1.000000
0.988574 -0.053449 0.140941 -0.054765 0.051035 0.998483 0.020686 93.313171 -0.141832 -0.013256 0.989802 1.550788 0.000000 0.000000 0.000000 1.000000
0.987216 -0.057110 0.148803 0.027043 0.053982 0.998229 0.024978 93.095299 -0.149966 -0.016626 0.988551 2.252467 0.000000 0.000000 0.000000 1.000000
0.984613 -0.062054 0.163362 0.118990 0.058043 0.997886 0.029218 92.870285 -0.164830 -0.019287 0.986133 3.133329 0.000000 0.000000 0.000000 1.000000
0.980881 -0.068234 0.182254 0.211303 0.062811 0.997398 0.035372 92.539970 -0.184194 -0.023248 0.982615 4.057186 0.000000 0.000000 0.000000 1.000000
0.976845 -0.073235 0.201023 0.257671 0.065325 0.996816 0.045714 91.995598 -0.203731 -0.031523 0.978519 4.812849 0.000000 0.000000 0.000000 1.000000
0.973663 -0.074808 0.215369 0.204928 0.063397 0.996218 0.059422 91.211540 -0.219000 -0.044204 0.974723 5.177165 0.000000 0.000000 0.000000 1.000000
0.973500 -0.072383 0.216931 0.081942 0.058618 0.995877 0.069237 90.203629 -0.221048 -0.054686 0.973729 5.059246 0.000000 0.000000 0.000000 1.000000
0.974640 -0.068328 0.213091 -0.352908 0.054426 0.996030 0.070443 88.835434 -0.217059 -0.057059 0.974490 4.662878 0.000000 0.000000 0.000000 1.000000
0.975997 -0.062300 0.208683 -0.937397 0.050387 0.996808 0.061927 87.629097 -0.211875 -0.049926 0.976021 4.349743 0.000000 0.000000 0.000000 1.000000
0.976614 -0.051412 0.208761 -1.471024 0.042509 0.997994 0.046914 86.931419 -0.210754 -0.036943 0.976841 4.372420 0.000000 0.000000 0.000000 1.000000
0.975859 -0.037420 0.215172 -1.987814 0.032533 0.999127 0.026210 86.790131 -0.215965 -0.018577 0.976224 4.925588 0.000000 0.000000 0.000000 1.000000
0.973352 -0.025171 0.227930 -2.822117 0.026419 0.999648 -0.002423 87.004745 -0.227789 0.008380 0.973674 6.212258 0.000000 0.000000 0.000000 1.000000
0.968539 -0.014918 0.248415 -4.264997 0.025272 0.998937 -0.038544 87.492195 -0.247576 0.043610 0.967886 8.322285 0.000000 0.000000 0.000000 1.000000
0.960077 -0.002426 0.279726 -6.485504 0.024860 0.996746 -0.076683 88.087975 -0.278630 0.080575 0.957013 11.195806 0.000000 0.000000 0.000000 1.000000
0.946798 0.012930 0.321567 -9.339012 0.023778 0.993651 -0.109964 88.789169 -0.320948 0.111760 0.940480 14.546529 0.000000 0.000000 0.000000 1.000000
0.930462 0.026524 0.365428 -12.539104 0.024328 0.990703 -0.133853 89.608826 -0.365580 0.133435 0.921166 18.014452 0.000000 0.000000 0.000000 1.000000
0.916430 0.036399 0.398536 -15.844729 0.025786 0.988415 -0.149568 90.368263 -0.399363 0.147345 0.904875 21.371908 0.000000 0.000000 0.000000 1.000000
0.908018 0.046804 0.416309 -18.851522 0.023682 0.986416 -0.162552 91.030212 -0.418262 0.157459 0.894575 24.478491 0.000000 0.000000 0.000000 1.000000
0.902192 0.058644 0.427330 -21.292549 0.017820 0.984801 -0.172769 91.651215 -0.430967 0.163486 0.887434 27.269260 0.000000 0.000000 0.000000 1.000000
0.895714 0.063310 0.440101 -23.180727 0.014789 0.985021 -0.171797 92.122520 -0.444385 0.160390 0.881361 29.612411 0.000000 0.000000 0.000000 1.000000
0.891115 0.055289 0.450397 -24.762636 0.017284 0.987694 -0.155443 92.438141 -0.453448 0.146302 0.879193 31.463827 0.000000 0.000000 0.000000 1.000000
0.892342 0.042057 0.449395 -26.244619 0.019787 0.991047 -0.132039 92.673073 -0.450925 0.126716 0.883521 32.824295 0.000000 0.000000 0.000000 1.000000
0.898204 0.035191 0.438168 -27.691673 0.015943 0.993527 -0.112475 92.851669 -0.439290 0.108012 0.891829 33.717403 0.000000 0.000000 0.000000 1.000000
0.904096 0.036519 0.425767 -29.083107 0.006568 0.995037 -0.099292 92.952751 -0.427280 0.092566 0.899368 34.216843 0.000000 0.000000 0.000000 1.000000
0.907689 0.039670 0.417764 -30.367182 -0.002714 0.996056 -0.088687 93.016861 -0.419635 0.079367 0.904217 34.448292 0.000000 0.000000 0.000000 1.000000
0.909682 0.041375 0.413239 -31.503748 -0.009560 0.996847 -0.078764 93.138390 -0.415195 0.067700 0.907210 34.528938 0.000000 0.000000 0.000000 1.000000
0.910760 0.042969 0.410694 -32.487457 -0.014809 0.997330 -0.071507 93.362778 -0.412671 0.059043 0.908965 34.510479 0.000000 0.000000 0.000000 1.000000
0.910420 0.044720 0.411261 -33.312565 -0.018581 0.997557 -0.067340 93.612251 -0.413268 0.053666 0.909027 34.391212 0.000000 0.000000 0.000000 1.000000
0.908134 0.044839 0.416272 -33.962185 -0.020127 0.997775 -0.063569 93.801865 -0.418196 0.049351 0.907015 34.164627 0.000000 0.000000 0.000000 1.000000
0.903994 0.043218 0.425354 -34.421448 -0.019873 0.998050 -0.059171 93.902069 -0.427082 0.045037 0.903091 33.841972 0.000000 0.000000 0.000000 1.000000
0.898252 0.041749 0.437493 -34.703945 -0.018761 0.998213 -0.056737 93.953110 -0.439079 0.042757 0.897430 33.450691 0.000000 0.000000 0.000000 1.000000
0.891303 0.041344 0.451520 -34.857639 -0.016805 0.998162 -0.058225 94.024353 -0.453097 0.044308 0.890359 33.020386 0.000000 0.000000 0.000000 1.000000
0.884419 0.041148 0.464876 -34.926956 -0.013864 0.997982 -0.061959 94.142464 -0.466488 0.048353 0.883205 32.567631 0.000000 0.000000 0.000000 1.000000
0.879356 0.040141 0.474470 -34.928665 -0.010486 0.997831 -0.064984 94.291389 -0.476050 0.052169 0.877870 32.106106 0.000000 0.000000 0.000000 1.000000
0.877140 0.038596 0.478681 -34.864468 -0.007885 0.997788 -0.066001 94.427650 -0.480170 0.054118 0.875504 31.655767 0.000000 0.000000 0.000000 1.000000
0.877608 0.037491 0.477910 -34.744850 -0.006948 0.997827 -0.065518 94.522537 -0.479328 0.054179 0.875962 31.246265 0.000000 0.000000 0.000000 1.000000
0.879625 0.037244 0.474208 -34.599957 -0.007324 0.997872 -0.064786 94.578491 -0.475612 0.053514 0.878026 30.901688 0.000000 0.000000 0.000000 1.000000
0.881897 0.037744 0.469928 -34.460144 -0.008108 0.997857 -0.064932 94.614288 -0.471372 0.053453 0.880313 30.626732 0.000000 0.000000 0.000000 1.000000
0.883699 0.038872 0.466439 -34.340237 -0.008961 0.997768 -0.066175 94.646812 -0.467970 0.054299 0.882075 30.409538 0.000000 0.000000 0.000000 1.000000
0.884929 0.040520 0.463960 -34.243149 -0.010131 0.997647 -0.067807 94.685982 -0.465616 0.055304 0.883257 30.234295 0.000000 0.000000 0.000000 1.000000
0.885778 0.042491 0.462159 -34.167156 -0.011815 0.997542 -0.069071 94.733353 -0.463958 0.055721 0.884103 30.090189 0.000000 0.000000 0.000000 1.000000
0.886520 0.044538 0.460542 -34.108341 -0.013834 0.997463 -0.069833 94.777908 -0.462484 0.055537 0.884887 29.973860 0.000000 0.000000 0.000000 1.000000
0.887428 0.046307 0.458614 -34.062893 -0.015691 0.997399 -0.070346 94.802856 -0.460679 0.055231 0.885847 29.885942 0.000000 0.000000 0.000000 1.000000
0.888617 0.047557 0.456178 -34.028233 -0.017074 0.997350 -0.070716 94.803658 -0.458332 0.055050 0.887075 29.825016 0.000000 0.000000 0.000000 1.000000
0.889844 0.048480 0.453682 -34.003960 -0.018201 0.997319 -0.070872 94.794975 -0.455902 0.054808 0.888341 29.786383 0.000000 0.000000 0.000000 1.000000
0.890640 0.049394 0.452018 -33.992481 -0.019360 0.997300 -0.070833 94.793770 -0.454296 0.054336 0.889192 29.764952 0.000000 0.000000 0.000000 1.000000
0.890748 0.050266 0.451710 -33.995491 -0.020479 0.997295 -0.070594 94.803291 -0.454037 0.053631 0.889367 29.756319 0.000000 0.000000 0.000000 1.000000
0.890305 0.050781 0.452525 -34.010845 -0.021274 0.997316 -0.070060 94.814697 -0.454868 0.052748 0.888995 29.757416 0.000000 0.000000 0.000000 1.000000
0.889626 0.050954 0.453838 -34.033985 -0.021739 0.997355 -0.069362 94.823006 -0.456172 0.051840 0.888381 29.765501 0.000000 0.000000 0.000000 1.000000
0.888950 0.051256 0.455127 -34.062233 -0.022290 0.997382 -0.068788 94.832863 -0.457462 0.051005 0.887765 29.774334 0.000000 0.000000 0.000000 1.000000
0.888317 0.051815 0.456299 -34.094799 -0.023068 0.997395 -0.068351 94.848541 -0.458652 0.050192 0.887197 29.774845 0.000000 0.000000 0.000000 1.000000
0.887714 0.052179 0.457429 -34.130680 -0.023638 0.997412 -0.067903 94.866287 -0.459788 0.049466 0.886650 29.760857 0.000000 0.000000 0.000000 1.000000
0.887238 0.052056 0.458365 -34.169060 -0.023671 0.997441 -0.067459 94.881363 -0.460704 0.049003 0.886200 29.731623 0.000000 0.000000 0.000000 1.000000
0.886983 0.051680 0.458901 -34.210396 -0.023356 0.997467 -0.067188 94.894615 -0.461211 0.048877 0.885943 29.688652 0.000000 0.000000 0.000000 1.000000
0.886913 0.051365 0.459072 -34.255386 -0.022989 0.997475 -0.067193 94.906143 -0.461364 0.049041 0.885855 29.633436 0.000000 0.000000 0.000000 1.000000
0.886934 0.051103 0.459060 -34.303822 -0.022689 0.997481 -0.067203 94.912766 -0.461338 0.049189 0.885860 29.566034 0.000000 0.000000 0.000000 1.000000
0.886957 0.050710 0.459060 -34.354923 -0.022512 0.997519 -0.066695 94.913597 -0.461303 0.048821 0.885898 29.484728 0.000000 0.000000 0.000000 1.000000
0.886892 0.050046 0.459258 -34.408020 -0.022365 0.997601 -0.065519 94.912109 -0.461435 0.047837 0.885884 29.389076 0.000000 0.000000 0.000000 1.000000
0.886722 0.049012 0.459698 -34.461441 -0.021979 0.997709 -0.063978 94.912773 -0.461781 0.046627 0.885768 29.282701 0.000000 0.000000 0.000000 1.000000
0.886541 0.047583 0.460196 -34.510284 -0.021224 0.997833 -0.062285 94.916969 -0.462163 0.045451 0.885630 29.170519 0.000000 0.000000 0.000000 1.000000
0.886473 0.045830 0.460504 -34.550335 -0.020241 0.997972 -0.060356 94.922394 -0.462337 0.044182 0.885603 29.053770 0.000000 0.000000 0.000000 1.000000
0.886528 0.043973 0.460581 -34.583786 -0.019328 0.998124 -0.058091 94.927643 -0.462272 0.042597 0.885715 28.928646 0.000000 0.000000 0.000000 1.000000
0.886583 0.042307 0.460630 -34.615009 -0.018745 0.998277 -0.055609 94.937271 -0.462189 0.040668 0.885848 28.791523 0.000000 0.000000 0.000000 1.000000
0.886603 0.040907 0.460718 -34.643585 -0.018411 0.998413 -0.053218 94.958397 -0.462164 0.038701 0.885950 28.643370 0.000000 0.000000 0.000000 1.000000
0.886770 0.039629 0.460509 -34.667404 -0.018050 0.998527 -0.051169 94.992165 -0.461858 0.037063 0.886179 28.486300 0.000000 0.000000 0.000000 1.000000
0.887281 0.038379 0.459630 -34.689850 -0.017609 0.998624 -0.049392 95.029999 -0.460893 0.035731 0.886736 28.318249 0.000000 0.000000 0.000000 1.000000
0.888099 0.037114 0.458152 -34.718845 -0.017227 0.998722 -0.047512 95.060928 -0.459330 0.034303 0.887603 28.135172 0.000000 0.000000 0.000000 1.000000
0.889068 0.035618 0.456387 -34.758400 -0.016789 0.998835 -0.045247 95.081566 -0.457467 0.032565 0.888630 27.937235 0.000000 0.000000 0.000000 1.000000
0.890215 0.033594 0.454300 -34.804760 -0.015950 0.998964 -0.042615 95.093063 -0.455261 0.030690 0.889829 27.728605 0.000000 0.000000 0.000000 1.000000
0.891696 0.031067 0.451567 -34.852459 -0.014742 0.999106 -0.039625 95.093994 -0.452394 0.028676 0.891357 27.510288 0.000000 0.000000 0.000000 1.000000
0.893496 0.028441 0.448169 -34.898678 -0.013653 0.999252 -0.036194 95.086517 -0.448863 0.026220 0.893216 27.280046 0.000000 0.000000 0.000000 1.000000
0.895348 0.026171 0.444597 -34.940826 -0.013001 0.999382 -0.032645 95.081947 -0.445177 0.023448 0.895135 27.039688 0.000000 0.000000 0.000000 1.000000
0.896962 0.023323 0.441492 -34.974018 -0.011728 0.999511 -0.028974 95.086746 -0.441952 0.020811 0.896797 26.804825 0.000000 0.000000 0.000000 1.000000
0.898102 0.020781 0.439297 -34.981037 -0.010307 0.999603 -0.026215 95.091469 -0.439667 0.019016 0.897959 26.594887 0.000000 0.000000 0.000000 1.000000
0.898578 0.018636 0.438418 -34.968243 -0.009024 0.999671 -0.023999 95.085281 -0.438721 0.017609 0.898451 26.408480 0.000000 0.000000 0.000000 1.000000
0.898138 0.017238 0.439375 -34.950397 -0.008486 0.999725 -0.021876 95.071625 -0.439631 0.015919 0.898037 26.236544 0.000000 0.000000 0.000000 1.000000
0.896621 0.016664 0.442486 -34.927135 -0.008867 0.999767 -0.019684 95.072159 -0.442711 0.013726 0.896559 26.077101 0.000000 0.000000 0.000000 1.000000
0.894219 0.016624 0.447321 -34.886757 -0.009774 0.999797 -0.017618 95.101074 -0.447523 0.011382 0.894200 25.937380 0.000000 0.000000 0.000000 1.000000
0.891387 0.016666 0.452937 -34.824757 -0.010408 0.999813 -0.016306 95.143471 -0.453124 0.009821 0.891393 25.824694 0.000000 0.000000 0.000000 1.000000
0.888377 0.016421 0.458821 -34.742870 -0.010059 0.999816 -0.016308 95.164268 -0.459004 0.009873 0.888379 25.738478 0.000000 0.000000 0.000000 1.000000
0.884897 0.015771 0.465519 -34.646709 -0.008624 0.999810 -0.017479 95.143890 -0.465706 0.011453 0.884865 25.672279 0.000000 0.000000 0.000000 1.000000
0.880380 0.014724 0.474041 -34.546108 -0.006433 0.999797 -0.019109 95.095673 -0.474226 0.013774 0.880296 25.622128 0.000000 0.000000 0.000000 1.000000
0.874620 0.013379 0.484625 -34.447197 -0.003955 0.999783 -0.020463 95.040230 -0.484793 0.015980 0.874483 25.590139 0.000000 0.000000 0.000000 1.000000
0.868009 0.011891 0.496405 -34.347595 -0.001568 0.999774 -0.021208 94.980110 -0.496545 0.017630 0.867832 25.582411 0.000000 0.000000 0.000000 1.000000
0.861285 0.010333 0.508017 -34.244389 0.000610 0.999771 -0.021371 94.909439 -0.508121 0.018717 0.861082 25.605537 0.000000 0.000000 0.000000 1.000000
0.855232 0.008699 0.518172 -34.137711 0.002573 0.999776 -0.021031 94.832474 -0.518239 0.019320 0.855018 25.663280 0.000000 0.000000 0.000000 1.000000
0.850402 0.007042 0.526087 -34.024220 0.004278 0.999785 -0.020298 94.759003 -0.526117 0.019512 0.850189 25.756523 0.000000 0.000000 0.000000 1.000000
0.846915 0.005448 0.531700 -33.899139 0.005721 0.999796 -0.019356 94.690033 -0.531697 0.019435 0.846711 25.881966 0.000000 0.000000 0.000000 1.000000
0.844509 0.003944 0.535526 -33.765720 0.006935 0.999808 -0.018300 94.617836 -0.535496 0.019168 0.844320 26.032654 0.000000 0.000000 0.000000 1.000000
0.842699 0.002423 0.538379 -33.630264 0.008084 0.999820 -0.017152 94.537224 -0.538324 0.018806 0.842528 26.204201 0.000000 0.000000 0.000000 1.000000
0.840986 0.000771 0.541056 -33.491138 0.009354 0.999829 -0.015964 94.448151 -0.540976 0.018486 0.840835 26.396685 0.000000 0.000000 0.000000 1.000000
0.839078 -0.000997 0.544010 -33.342876 0.010798 0.999832 -0.014822 94.351562 -0.543904 0.018311 0.838948 26.609432 0.000000 0.000000 0.000000 1.000000
0.836962 -0.002915 0.547254 -33.185341 0.012469 0.999828 -0.013745 94.251488 -0.547119 0.018328 0.836854 26.839420 0.000000 0.000000 0.000000 1.000000
0.834734 -0.004995 0.550631 -33.020020 0.014335 0.999817 -0.012661 94.156189 -0.550467 0.018462 0.834652 27.087080 0.000000 0.000000 0.000000 1.000000</float_array><technique_common><accessor source="#mixamorig7_Hips-Matrix-animation-output-transform-array" count="103" stride="16"><param type="float4x4"/></accessor></technique_common></source><source id="mixamorig7_Hips-Interpolations"><Name_array id="mixamorig7_Hips-Interpolations-array" count="103">
 LINEAR LINEAR LINEAR LINEAR LINEAR LINEAR LINEAR LINEAR LINEAR LINEAR LINEAR
LINEAR LINEAR LINEAR LINEAR LINEAR LINEAR LINEAR LINEAR LINEAR LINEAR LINEAR LINEAR
LINEAR LINEAR LINEAR LINEAR LINEAR LINEAR LINEAR LINEAR LINEAR LINEAR LINEAR LINEAR
LINEAR LINEAR LINEAR LINEAR LINEAR LINEAR LINEAR LINEAR LINEAR LINEAR LINEAR LINEAR
LINEAR LINEAR LINEAR LINEAR LINEAR LINEAR LINEAR LINEAR LINEAR LINEAR LINEAR LINEAR
LINEAR LINEAR LINEAR LINEAR LINEAR LINEAR LINEAR LINEAR LINEAR LINEAR LINEAR LINEAR
LINEAR LINEAR LINEAR LINEAR LINEAR LINEAR LINEAR LINEAR LINEAR LINEAR LINEAR LINEAR
LINEAR LINEAR LINEAR LINEAR LINEAR LINEAR LINEAR LINEAR LINEAR LINEAR LINEAR LINEAR
LINEAR LINEAR LINEAR LINEAR LINEAR LINEAR LINEAR LINEAR</Name_array><technique_common><accessor source="#mixamorig7_Hips-Interpolations-array" count="103"><param type="name"/></accessor></technique_common></source><sampler id="mixamorig7_Hips-Matrix-animation-transform"><input semantic="INPUT" source="#mixamorig7_Hips-Matrix-animation-input"/><input semantic="OUTPUT" source="#mixamorig7_Hips-Matrix-animation-output-transform"/><input semantic="INTERPOLATION" source="#mixamorig7_Hips-Interpolations"/></sampler><channel source="#mixamorig7_Hips-Matrix-animation-transform" target="mixamorig7_Hips/matrix"/></animation>
    <animation id="mixamorig7_Spine-anim" name="mixamorig7_Spine"><source id="mixamorig7_Spine-Matrix-animation-input"><float_array id="mixamorig7_Spine-Matrix-animation-input-array" count="103">

0.000000 0.033333 0.066667 0.100000 0.133333 0.166667 0.200000 0.233333 0.266667 0.300000 0.333333 0.366667 0.400000 0.433333 0.466667 0.500000
0.533333 0.566667 0.600000 0.633333 0.666667 0.700000 0.733333 0.766667 0.800000 0.833333 0.866667 0.900000 0.933333 0.966667 1.000000 1.033333
1.066667 1.100000 1.133333 1.166667 1.200000 1.233333 1.266667 1.300000 1.333333 1.366667 1.400000 1.433333 1.466667 1.500000 1.533333 1.566667
1.600000 1.633333 1.666667 1.700000 1.733333 1.766667 1.800000 1.833333 1.866667 1.900000 1.933333 1.966667 2.000000 2.033333 2.066667 2.100000
2.133333 2.166667 2.200000 2.233333 2.266667 2.300000 2.333333 2.366667 2.400000 2.433333 2.466667 2.500000 2.533333 2.566667 2.600000 2.633333
2.666667 2.700000 2.733333 2.766667 2.800000 2.833333 2.866667 2.900000 2.933333 2.966667 3.000000 3.033333 3.066667 3.100000 3.133333 3.166667
3.200000 3.233333 3.266667 3.300000 3.333333 3.366667 3.400000</float_array><technique_common><accessor source="#mixamorig7_Spine-Matrix-animation-input-array" count="103"><param name="TIME" type="float"/></accessor></technique_common></source><source id="mixamorig7_Spine-Matrix-animation-output-transform"><float_array id="mixamorig7_Spine-Matrix-animation-output-transform-array" count="1648">

0.999961 0.008799 0.001073 0.000000 -0.008816 0.999815 0.017099 9.694400 -0.000923 -0.017108 0.999853 -1.109700 0.000000 0.000000 0.000000 1.000000
0.999960 0.008823 0.001095 0.000000 -0.008841 0.999810 0.017359 9.694400 -0.000941 -0.017368 0.999849 -1.109700 0.000000 0.000000 0.000000 1.000000
0.999960 0.008855 0.001172 0.000000 -0.008874 0.999806 0.017568 9.694400 -0.001016 -0.017577 0.999845 -1.109700 0.000000 0.000000 0.000000 1.000000
0.999959 0.008914 0.001256 0.000000 -0.008934 0.999803 0.017749 9.694400 -0.001097 -0.017759 0.999842 -1.109700 0.000000 0.000000 0.000000 1.000000
0.999959 0.008909 0.001315 -0.000000 -0.008931 0.999798 0.017986 9.694400 -0.001155 -0.017997 0.999837 -1.109700 0.000000 0.000000 0.000000 1.000000
0.999961 0.008728 0.001375 -0.000000 -0.008752 0.999793 0.018384 9.694400 -0.001215 -0.018396 0.999830 -1.109700 0.000000 0.000000 0.000000 1.000000
0.999963 0.008457 0.001462 0.000000 -0.008483 0.999785 0.018899 9.694400 -0.001302 -0.018911 0.999820 -1.109700 0.000000 0.000000 0.000000 1.000000
0.999963 0.008422 0.001501 0.000000 -0.008450 0.999778 0.019305 9.694400 -0.001338 -0.019317 0.999813 -1.109700 0.000000 0.000000 0.000000 1.000000
0.999960 0.008835 0.001262 -0.000000 -0.008858 0.999770 0.019554 9.694400 -0.001089 -0.019564 0.999808 -1.109700 0.000000 0.000000 0.000000 1.000000
0.999954 0.009526 0.000510 -0.000000 -0.009534 0.999753 0.020083 9.694400 -0.000318 -0.020087 0.999798 -1.109700 0.000000 0.000000 0.000000 1.000000
0.999945 0.010452 -0.000747 0.000000 -0.010433 0.999716 0.021418 9.694400 0.000971 -0.021409 0.999770 -1.109700 0.000000 0.000000 0.000000 1.000000
0.999926 0.012017 -0.002138 -0.000000 -0.011964 0.999659 0.023210 9.694400 0.002417 -0.023183 0.999728 -1.109700 0.000000 0.000000 0.000000 1.000000
0.999890 0.014488 -0.003030 0.000000 -0.014412 0.999614 0.023737 9.694400 0.003373 -0.023690 0.999714 -1.109700 0.000000 0.000000 0.000000 1.000000
0.999846 0.017321 -0.002673 -0.000000 -0.017262 0.999637 0.020701 9.694400 0.003031 -0.020651 0.999782 -1.109700 0.000000 0.000000 0.000000 1.000000
0.999800 0.020002 -0.000482 0.000000 -0.019994 0.999714 0.013105 9.694400 0.000744 -0.013093 0.999914 -1.109700 0.000000 0.000000 0.000000 1.000000
0.999720 0.023395 0.003540 0.000000 -0.023414 0.999710 0.005687 9.694400 -0.003406 -0.005768 0.999978 -1.109700 0.000000 0.000000 0.000000 1.000000
0.999589 0.027729 0.007280 0.000000 -0.027715 0.999614 -0.001958 9.694400 -0.007332 0.001755 0.999972 -1.109700 0.000000 0.000000 0.000000 1.000000
0.999490 0.030506 0.009449 0.000000 -0.030425 0.999499 -0.008678 9.694400 -0.009709 0.008386 0.999918 -1.109700 0.000000 0.000000 0.000000 1.000000
0.999543 0.028282 0.010715 -0.000000 -0.028123 0.999497 -0.014665 9.694400 -0.011125 0.014357 0.999835 -1.109700 0.000000 0.000000 0.000000 1.000000
0.999697 0.021224 0.012461 0.000000 -0.020995 0.999613 -0.018266 9.694400 -0.012844 0.017999 0.999756 -1.109700 0.000000 0.000000 0.000000 1.000000
0.999806 0.013348 0.014511 0.000000 -0.013116 0.999786 -0.016025 9.694400 -0.014721 0.015832 0.999766 -1.109700 0.000000 0.000000 0.000000 1.000000
0.999852 0.007294 0.015562 0.000000 -0.007189 0.999951 -0.006769 9.694400 -0.015611 0.006656 0.999856 -1.109700 0.000000 0.000000 0.000000 1.000000
0.999884 0.004433 0.014567 0.000000 -0.004536 0.999965 0.007055 9.694400 -0.014536 -0.007120 0.999869 -1.109700 0.000000 0.000000 0.000000 1.000000
0.999921 0.004546 0.011723 -0.000000 -0.004797 0.999758 0.021469 9.694400 -0.011622 -0.021523 0.999701 -1.109700 0.000000 0.000000 0.000000 1.000000
0.999940 0.006558 0.008814 0.000000 -0.006852 0.999407 0.033748 9.694400 -0.008588 -0.033807 0.999391 -1.109700 0.000000 0.000000 0.000000 1.000000
0.999930 0.009257 0.007407 0.000000 -0.009575 0.998983 0.044055 9.694400 -0.006992 -0.044122 0.999002 -1.109700 0.000000 0.000000 0.000000 1.000000
0.999924 0.010172 0.007035 -0.000000 -0.010541 0.998452 0.054607 9.694400 -0.006468 -0.054677 0.998483 -1.109700 0.000000 0.000000 0.000000 1.000000
0.999946 0.008627 0.005819 0.000000 -0.008994 0.997761 0.066270 9.694400 -0.005234 -0.066318 0.997785 -1.109700 0.000000 0.000000 0.000000 1.000000
0.999969 0.007098 0.003487 0.000000 -0.007345 0.997027 0.076707 9.694400 -0.002933 -0.076731 0.997048 -1.109700 0.000000 0.000000 0.000000 1.000000
0.999969 0.007472 0.002605 -0.000000 -0.007663 0.996463 0.083684 9.694400 -0.001971 -0.083702 0.996489 -1.109700 0.000000 0.000000 0.000000 1.000000
0.999952 0.008539 0.004771 0.000000 -0.008926 0.996093 0.087854 9.694400 -0.004002 -0.087892 0.996122 -1.109700 0.000000 0.000000 0.000000 1.000000
0.999935 0.007998 0.008106 0.000000 -0.008702 0.995827 0.090848 9.694400 -0.007345 -0.090913 0.995832 -1.109700 0.000000 0.000000 0.000000 1.000000
0.999934 0.005688 0.010028 0.000000 -0.006598 0.995626 0.093198 9.694400 -0.009454 -0.093258 0.995597 -1.109700 0.000000 0.000000 0.000000 1.000000
0.999941 0.003432 0.010270 -0.000000 -0.004391 0.995485 0.094814 9.694400 -0.009898 -0.094853 0.995442 -1.109700 0.000000 0.000000 0.000000 1.000000
0.999948 0.001777 0.010022 -0.000000 -0.002733 0.995362 0.096164 9.694400 -0.009805 -0.096186 0.995315 -1.109700 0.000000 0.000000 0.000000 1.000000
0.999951 0.000323 0.009845 0.000000 -0.001286 0.995189 0.097961 9.694400 -0.009766 -0.097969 0.995142 -1.109700 0.000000 0.000000 0.000000 1.000000
0.999956 -0.000981 0.009358 0.000000 0.000039 0.994974 0.100133 9.694400 -0.009409 -0.100128 0.994930 -1.109700 0.000000 0.000000 0.000000 1.000000
0.999966 -0.001725 0.008110 -0.000000 0.000890 0.994790 0.101943 9.694400 -0.008244 -0.101932 0.994757 -1.109700 0.000000 0.000000 0.000000 1.000000
0.999979 -0.002107 0.006102 0.000000 0.001467 0.994671 0.103090 9.694400 -0.006287 -0.103079 0.994653 -1.109700 0.000000 0.000000 0.000000 1.000000
0.999989 -0.002698 0.003781 0.000000 0.002290 0.994575 0.103997 9.694400 -0.004041 -0.103988 0.994570 -1.109700 0.000000 0.000000 0.000000 1.000000
0.999992 -0.003494 0.001718 -0.000000 0.003294 0.994476 0.104911 9.694400 -0.002076 -0.104905 0.994480 -1.109700 0.000000 0.000000 0.000000 1.000000
0.999992 -0.004100 0.000315 0.000000 0.004044 0.994394 0.105663 9.694400 -0.000747 -0.105661 0.994402 -1.109700 0.000000 0.000000 0.000000 1.000000
0.999990 -0.004350 -0.000355 0.000000 0.004363 0.994354 0.106026 9.694400 -0.000108 -0.106027 0.994363 -1.109700 0.000000 0.000000 0.000000 1.000000
0.999989 -0.004566 -0.000552 -0.000000 0.004599 0.994360 0.105955 9.694400 0.000066 -0.105957 0.994371 -1.109700 0.000000 0.000000 0.000000 1.000000
0.999987 -0.005017 -0.000596 0.000000 0.005052 0.994390 0.105657 9.694400 0.000062 -0.105658 0.994403 -1.109700 0.000000 0.000000 0.000000 1.000000
0.999985 -0.005513 -0.000602 0.000000 0.005546 0.994421 0.105334 9.694400 0.000018 -0.105336 0.994437 -1.109700 0.000000 0.000000 0.000000 1.000000
0.999983 -0.005746 -0.000533 0.000000 0.005770 0.994441 0.105141 9.694400 -0.000074 -0.105142 0.994457 -1.109700 0.000000 0.000000 0.000000 1.000000
0.999984 -0.005663 -0.000454 0.000000 0.005679 0.994443 0.105126 9.694400 -0.000144 -0.105127 0.994459 -1.109700 0.000000 0.000000 0.000000 1.000000
0.999985 -0.005489 -0.000548 0.000000 0.005516 0.994437 0.105189 9.694400 -0.000032 -0.105190 0.994452 -1.109700 0.000000 0.000000 0.000000 1.000000
0.999985 -0.005453 -0.000859 0.000000 0.005513 0.994438 0.105183 9.694400 0.000281 -0.105186 0.994453 -1.109700 0.000000 0.000000 0.000000 1.000000
0.999984 -0.005546 -0.001204 0.000000 0.005642 0.994454 0.105024 9.694400 0.000615 -0.105029 0.994469 -1.109700 0.000000 0.000000 0.000000 1.000000
0.999983 -0.005596 -0.001371 0.000000 0.005709 0.994479 0.104777 9.694400 0.000777 -0.104783 0.994495 -1.109700 0.000000 0.000000 0.000000 1.000000
0.999984 -0.005532 -0.001328 -0.000000 0.005641 0.994502 0.104569 9.694400 0.000743 -0.104575 0.994517 -1.109700 0.000000 0.000000 0.000000 1.000000
0.999985 -0.005416 -0.001245 0.000000 0.005516 0.994513 0.104465 9.694400 0.000672 -0.104470 0.994528 -1.109700 0.000000 0.000000 0.000000 1.000000
0.999985 -0.005277 -0.001289 0.000000 0.005383 0.994522 0.104390 9.694400 0.000731 -0.104395 0.994536 -1.109700 0.000000 0.000000 0.000000 1.000000
0.999986 -0.005136 -0.001387 0.000000 0.005253 0.994533 0.104291 9.694400 0.000844 -0.104296 0.994546 -1.109700 0.000000 0.000000 0.000000 1.000000
0.999986 -0.005098 -0.001347 0.000000 0.005211 0.994538 0.104246 9.694400 0.000808 -0.104251 0.994551 -1.109700 0.000000 0.000000 0.000000 1.000000
0.999986 -0.005191 -0.001195 0.000000 0.005288 0.994529 0.104331 9.694400 0.000647 -0.104336 0.994542 -1.109700 0.000000 0.000000 0.000000 1.000000
0.999985 -0.005348 -0.001121 0.000000 0.005436 0.994516 0.104447 9.694400 0.000556 -0.104451 0.994530 -1.109700 0.000000 0.000000 0.000000 1.000000
0.999984 -0.005524 -0.001174 -0.000000 0.005617 0.994509 0.104496 9.694400 0.000590 -0.104501 0.994525 -1.109700 0.000000 0.000000 0.000000 1.000000
0.999983 -0.005658 -0.001253 0.000000 0.005758 0.994506 0.104521 9.694400 0.000655 -0.104526 0.994522 -1.109700 0.000000 0.000000 0.000000 1.000000
0.999983 -0.005697 -0.001287 0.000000 0.005800 0.994495 0.104622 9.694400 0.000684 -0.104628 0.994511 -1.109700 0.000000 0.000000 0.000000 1.000000
0.999983 -0.005615 -0.001327 0.000000 0.005723 0.994476 0.104807 9.694400 0.000731 -0.104813 0.994492 -1.109700 0.000000 0.000000 0.000000 1.000000
0.999984 -0.005393 -0.001464 0.000000 0.005517 0.994458 0.104994 9.694400 0.000890 -0.105001 0.994472 -1.109700 0.000000 0.000000 0.000000 1.000000
0.999985 -0.005132 -0.001683 -0.000000 0.005281 0.994446 0.105113 9.694400 0.001134 -0.105120 0.994459 -1.109700 0.000000 0.000000 0.000000 1.000000
0.999986 -0.005020 -0.001890 0.000000 0.005191 0.994445 0.105129 9.694400 0.001351 -0.105137 0.994457 -1.109700 0.000000 0.000000 0.000000 1.000000
0.999985 -0.005056 -0.002066 0.000000 0.005245 0.994450 0.105079 9.694400 0.001524 -0.105088 0.994462 -1.109700 0.000000 0.000000 0.000000 1.000000
0.999985 -0.005062 -0.002235 0.000000 0.005269 0.994453 0.105047 9.694400 0.001691 -0.105057 0.994465 -1.109700 0.000000 0.000000 0.000000 1.000000
0.999985 -0.004954 -0.002382 -0.000000 0.005177 0.994452 0.105066 9.694400 0.001848 -0.105076 0.994462 -1.109700 0.000000 0.000000 0.000000 1.000000
0.999985 -0.004796 -0.002498 0.000000 0.005032 0.994449 0.105095 9.694400 0.001980 -0.105106 0.994459 -1.109700 0.000000 0.000000 0.000000 1.000000
0.999986 -0.004696 -0.002626 0.000000 0.004946 0.994450 0.105095 9.694400 0.002118 -0.105106 0.994459 -1.109700 0.000000 0.000000 0.000000 1.000000
0.999985 -0.004749 -0.002785 0.000000 0.005015 0.994451 0.105080 9.694400 0.002271 -0.105092 0.994460 -1.109700 0.000000 0.000000 0.000000 1.000000
0.999983 -0.004954 -0.002912 0.000000 0.005233 0.994446 0.105122 9.694400 0.002375 -0.105135 0.994455 -1.109700 0.000000 0.000000 0.000000 1.000000
0.999982 -0.005188 -0.002954 -0.000000 0.005471 0.994426 0.105299 9.694400 0.002392 -0.105313 0.994436 -1.109700 0.000000 0.000000 0.000000 1.000000
0.999981 -0.005361 -0.002956 0.000000 0.005643 0.994390 0.105627 9.694400 0.002373 -0.105641 0.994401 -1.109700 0.000000 0.000000 0.000000 1.000000
0.999980 -0.005535 -0.003034 0.000000 0.005826 0.994347 0.106023 9.694400 0.002430 -0.106038 0.994359 -1.109700 0.000000 0.000000 0.000000 1.000000
0.999978 -0.005760 -0.003289 0.000000 0.006077 0.994307 0.106375 9.694400 0.002658 -0.106393 0.994321 -1.109700 0.000000 0.000000 0.000000 1.000000
0.999976 -0.005935 -0.003709 -0.000000 0.006296 0.994282 0.106602 9.694400 0.003055 -0.106623 0.994295 -1.109700 0.000000 0.000000 0.000000 1.000000
0.999973 -0.005990 -0.004198 0.000000 0.006404 0.994280 0.106610 9.694400 0.003535 -0.106634 0.994292 -1.109700 0.000000 0.000000 0.000000 1.000000
0.999971 -0.006040 -0.004740 0.000000 0.006510 0.994304 0.106379 9.694400 0.004070 -0.106407 0.994314 -1.109700 0.000000 0.000000 0.000000 1.000000
0.999966 -0.006266 -0.005418 0.000000 0.006805 0.994333 0.106093 9.694400 0.004723 -0.106126 0.994341 -1.109700 0.000000 0.000000 0.000000 1.000000
0.999960 -0.006565 -0.006146 0.000000 0.007179 0.994363 0.105789 9.694400 0.005417 -0.105829 0.994370 -1.109700 0.000000 0.000000 0.000000 1.000000
0.999955 -0.006799 -0.006651 0.000000 0.007462 0.994420 0.105233 9.694400 0.005898 -0.105278 0.994425 -1.109700 0.000000 0.000000 0.000000 1.000000
0.999953 -0.006988 -0.006754 -0.000000 0.007653 0.994530 0.104169 9.694400 0.005989 -0.104216 0.994537 -1.109700 0.000000 0.000000 0.000000 1.000000
0.999952 -0.007308 -0.006513 0.000000 0.007937 0.994712 0.102397 9.694400 0.005731 -0.102444 0.994722 -1.109700 0.000000 0.000000 0.000000 1.000000
0.999951 -0.007810 -0.006053 0.000000 0.008375 0.994962 0.099903 9.694400 0.005243 -0.099949 0.994979 -1.109700 0.000000 0.000000 0.000000 1.000000
0.999951 -0.008346 -0.005394 0.000000 0.008829 0.995256 0.096888 9.694400 0.004560 -0.096930 0.995281 -1.109700 0.000000 0.000000 0.000000 1.000000
0.999952 -0.008685 -0.004532 -0.000000 0.009071 0.995556 0.093732 9.694400 0.003698 -0.093768 0.995587 -1.109700 0.000000 0.000000 0.000000 1.000000
0.999956 -0.008672 -0.003533 0.000000 0.008957 0.995832 0.090764 9.694400 0.002731 -0.090792 0.995866 -1.109700 0.000000 0.000000 0.000000 1.000000
0.999962 -0.008345 -0.002514 0.000000 0.008534 0.996085 0.087988 9.694400 0.001770 -0.088007 0.996118 -1.109700 0.000000 0.000000 0.000000 1.000000
0.999968 -0.007861 -0.001592 0.000000 0.007968 0.996334 0.085171 9.694400 0.000917 -0.085181 0.996365 -1.109700 0.000000 0.000000 0.000000 1.000000
0.999973 -0.007361 -0.000865 0.000000 0.007407 0.996595 0.082124 9.694400 0.000257 -0.082128 0.996622 -1.109700 0.000000 0.000000 0.000000 1.000000
0.999976 -0.006856 -0.000404 0.000000 0.006867 0.996864 0.078835 9.694400 -0.000137 -0.078836 0.996888 -1.109700 0.000000 0.000000 0.000000 1.000000
0.999980 -0.006280 -0.000157 0.000000 0.006274 0.997134 0.075390 9.694400 -0.000317 -0.075390 0.997154 -1.109700 0.000000 0.000000 0.000000 1.000000
0.999984 -0.005625 0.000088 0.000000 0.005604 0.997399 0.071856 9.694400 -0.000492 -0.071854 0.997415 -1.109700 0.000000 0.000000 0.000000 1.000000
0.999988 -0.004941 0.000511 0.000000 0.004895 0.997654 0.068280 9.694400 -0.000848 -0.068276 0.997666 -1.109700 0.000000 0.000000 0.000000 1.000000
0.999990 -0.004223 0.001093 -0.000000 0.004144 0.997897 0.064682 9.694400 -0.001364 -0.064677 0.997905 -1.109700 0.000000 0.000000 0.000000 1.000000
0.999993 -0.003417 0.001695 -0.000000 0.003307 0.998129 0.061061 9.694400 -0.001900 -0.061055 0.998133 -1.109700 0.000000 0.000000 0.000000 1.000000
0.999994 -0.002521 0.002187 0.000000 0.002391 0.998342 0.057516 9.694400 -0.002329 -0.057511 0.998342 -1.109700 0.000000 0.000000 0.000000 1.000000
0.999996 -0.001616 0.002462 0.000000 0.001480 0.998526 0.054252 9.694400 -0.002546 -0.054249 0.998524 -1.109700 0.000000 0.000000 0.000000 1.000000
0.999997 -0.000719 0.002488 0.000000 0.000591 0.998680 0.051353 9.694400 -0.002522 -0.051351 0.998677 -1.109700 0.000000 0.000000 0.000000 1.000000
0.999997 0.000284 0.002390 -0.000000 -0.000400 0.998811 0.048751 9.694400 -0.002374 -0.048752 0.998808 -1.109700 0.000000 0.000000 0.000000 1.000000
0.999996 0.001419 0.002357 0.000000 -0.001527 0.998922 0.046404 9.694400 -0.002289 -0.046408 0.998920 -1.109700 0.000000 0.000000 0.000000 1.000000</float_array><technique_common><accessor source="#mixamorig7_Spine-Matrix-animation-output-transform-array" count="103" stride="16"><param type="float4x4"/></accessor></technique_common></source><source id="mixamorig7_Spine-Interpolations"><Name_array id="mixamorig7_Spine-Interpolations-array" count="103">
 LINEAR LINEAR LINEAR LINEAR LINEAR LINEAR LINEAR LINEAR LINEAR LINEAR LINEAR
LINEAR LINEAR LINEAR LINEAR LINEAR LINEAR LINEAR LINEAR LINEAR LINEAR LINEAR LINEAR
LINEAR LINEAR LINEAR LINEAR LINEAR LINEAR LINEAR LINEAR LINEAR LINEAR LINEAR LINEAR
LINEAR LINEAR LINEAR LINEAR LINEAR LINEAR LINEAR LINEAR LINEAR LINEAR LINEAR LINEAR
LINEAR LINEAR LINEAR LINEAR LINEAR LINEAR LINEAR LINEAR LINEAR LINEAR LINEAR LINEAR
LINEAR LINEAR LINEAR LINEAR LINEAR LINEAR LINEAR LINEAR LINEAR LINEAR LINEAR LINEAR
LINEAR LINEAR LINEAR LINEAR LINEAR LINEAR LINEAR LINEAR LINEAR LINEAR LINEAR LINEAR
LINEAR LINEAR LINEAR LINEAR LINEAR LINEAR LINEAR LINEAR LINEAR LINEAR LINEAR LINEAR
LINEAR LINEAR LINEAR LINEAR LINEAR LINEAR LINEAR LINEAR</Name_array><technique_common><accessor source="#mixamorig7_Spine-Interpolations-array" count="103"><param type="name"/></accessor></technique_common></source><sampler id="mixamorig7_Spine-Matrix-animation-transform"><input semantic="INPUT" source="#mixamorig7_Spine-Matrix-animation-input"/><input semantic="OUTPUT" source="#mixamorig7_Spine-Matrix-animation-output-transform"/><input semantic="INTERPOLATION" source="#mixamorig7_Spine-Interpolations"/></sampler><channel source="#mixamorig7_Spine-Matrix-animation-transform" target="mixamorig7_Spine/matrix"/></animation>
    <animation id="mixamorig7_Spine1-anim" name="mixamorig7_Spine1"><source id="mixamorig7_Spine1-Matrix-animation-input"><float_array id="mixamorig7_Spine1-Matrix-animation-input-array" count="103">

0.000000 0.033333 0.066667 0.100000 0.133333 0.166667 0.200000 0.233333 0.266667 0.300000 0.333333 0.366667 0.400000 0.433333 0.466667 0.500000
0.533333 0.566667 0.600000 0.633333 0.666667 0.700000 0.733333 0.766667 0.800000 0.833333 0.866667 0.900000 0.933333 0.966667 1.000000 1.033333
1.066667 1.100000 1.133333 1.166667 1.200000 1.233333 1.266667 1.300000 1.333333 1.366667 1.400000 1.433333 1.466667 1.500000 1.533333 1.566667
1.600000 1.633333 1.666667 1.700000 1.733333 1.766667 1.800000 1.833333 1.866667 1.900000 1.933333 1.966667 2.000000 2.033333 2.066667 2.100000
2.133333 2.166667 2.200000 2.233333 2.266667 2.300000 2.333333 2.366667 2.400000 2.433333 2.466667 2.500000 2.533333 2.566667 2.600000 2.633333
2.666667 2.700000 2.733333 2.766667 2.800000 2.833333 2.866667 2.900000 2.933333 2.966667 3.000000 3.033333 3.066667 3.100000 3.133333 3.166667
3.200000 3.233333 3.266667 3.300000 3.333333 3.366667 3.400000</float_array><technique_common><accessor source="#mixamorig7_Spine1-Matrix-animation-input-array" count="103"><param name="TIME" type="float"/></accessor></technique_common></source><source id="mixamorig7_Spine1-Matrix-animation-output-transform"><float_array id="mixamorig7_Spine1-Matrix-animation-output-transform-array" count="1648">

0.999918 0.012725 0.001628 0.000000 -0.012174 0.981214 -0.192536 11.384000 -0.004047 0.192500 0.981289 0.000000 0.000000 0.000000 0.000000 1.000000
0.999916 0.012858 0.001670 -0.000000 -0.012298 0.981313 -0.192026 11.384000 -0.004108 0.191989 0.981388 0.000000 0.000000 0.000000 0.000000 1.000000
0.999914 0.013006 0.001821 0.000000 -0.012416 0.981391 -0.191617 11.384000 -0.004279 0.191578 0.981468 0.000000 0.000000 0.000000 0.000000 1.000000
0.999911 0.013192 0.001981 0.000000 -0.012570 0.981459 -0.191262 11.384000 -0.004468 0.191220 0.981537 -0.000000 0.000000 0.000000 0.000000 1.000000
0.999910 0.013268 0.002099 -0.000000 -0.012624 0.981548 -0.190797 11.384000 -0.004592 0.190753 0.981627 0.000000 0.000000 0.000000 0.000000 1.000000
0.999912 0.013052 0.002233 -0.000000 -0.012390 0.981703 -0.190015 11.384000 -0.004673 0.189970 0.981779 -0.000000 0.000000 0.000000 0.000000 1.000000
0.999916 0.012695 0.002421 -0.000000 -0.012008 0.981903 -0.189004 11.384000 -0.004776 0.188959 0.981973 -0.000000 0.000000 0.000000 0.000000 1.000000
0.999916 0.012743 0.002473 -0.000000 -0.012050 0.982055 -0.188207 11.384000 -0.004827 0.188162 0.982126 -0.000000 0.000000 0.000000 0.000000 1.000000
