<?xml version="1.0" encoding="utf-8"?>
<COLLADA xmlns="http://www.collada.org/2005/11/COLLADASchema" version="1.4.1">
  <asset><contributor><author>Mixamo</author><authoring_tool>COLLADA Mixamo exporter</authoring_tool><comments></comments></contributor><created>2020-05-19T16:08:46Z</created><modified>2020-05-19T16:08:46Z</modified><revision></revision><title></title><unit meter="0.010000"/><up_axis>Y_UP</up_axis></asset>
  <library_animations>
    <animation id="mixamorig_Hips-anim" name="mixamorig_Hips"><source id="mixamorig_Hips-Matrix-animation-input"><float_array id="mixamorig_Hips-Matrix-animation-input-array" count="50">

0.000000 0.033333 0.066667 0.100000 0.133333 0.166667 0.200000 0.233333 0.266667 0.300000 0.333333 0.366667 0.400000 0.433333 0.466667 0.500000
0.533333 0.566667 0.600000 0.633333 0.666667 0.700000 0.733333 0.766667 0.800000 0.833333 0.866667 0.900000 0.933333 0.966667 1.000000 1.033333
1.066667 1.100000 1.133333 1.166667 1.200000 1.233333 1.266667 1.300000 1.333333 1.366667 1.400000 1.433333 1.466667 1.500000 1.533333 1.566667
1.600000 1.633333</float_array><technique_common><accessor source="#mixamorig_Hips-Matrix-animation-input-array" count="50"><param name="TIME" type="float"/></accessor></technique_common></source><source id="mixamorig_Hips-Matrix-animation-output-transform"><float_array id="mixamorig_Hips-Matrix-animation-output-transform-array" count="800">

0.993931 0.061758 -0.091033 0.332035 -0.055939 0.996307 0.065148 103.091904 0.094720 -0.059660 0.993715 -0.590586 0.000000 0.000000 0.000000 1.000000
0.989089 0.064937 -0.132238 -1.346117 -0.056700 0.996264 0.065137 103.038063 0.135974 -0.056928 0.989076 -0.846021 0.000000 0.000000 0.000000 1.000000
0.982339 0.066439 -0.174917 -3.203284 -0.055784 0.996315 0.065150 102.902115 0.178601 -0.054242 0.982425 -1.115289 0.000000 0.000000 0.000000 1.000000
0.973424 0.067073 -0.218966 -5.202462 -0.053996 0.996412 0.065176 102.732803 0.222552 -0.051621 0.973553 -1.351176 0.000000 0.000000 0.000000 1.000000
0.962070 0.067635 -0.264287 -7.191070 -0.052144 0.996509 0.065203 102.493813 0.267774 -0.048949 0.962238 -1.506576 0.000000 0.000000 0.000000 1.000000
0.947936 0.070089 -0.310653 -8.930478 -0.052312 0.996500 0.065201 102.173729 0.314136 -0.045555 0.948284 -1.541332 0.000000 0.000000 0.000000 1.000000
0.930788 0.074416 -0.357904 -10.256981 -0.054603 0.996379 0.065167 101.810028 0.361458 -0.041114 0.931482 -1.436649 0.000000 0.000000 0.000000 1.000000
0.910482 0.078747 -0.405982 -11.153163 -0.057124 0.996240 0.065129 101.482979 0.409585 -0.036108 0.911557 -1.188165 0.000000 0.000000 0.000000 1.000000
0.886822 0.082263 -0.454730 -11.694750 -0.059021 0.996132 0.065102 101.242531 0.458327 -0.030895 0.888247 -0.776583 0.000000 0.000000 0.000000 1.000000
0.859590 0.084671 -0.503921 -11.989571 -0.059957 0.996076 0.065091 101.087029 0.507455 -0.025738 0.861294 -0.159626 0.000000 0.000000 0.000000 1.000000
0.828562 0.086163 -0.553227 -12.131381 -0.060118 0.996067 0.065094 100.985970 0.556660 -0.020676 0.830483 0.720106 0.000000 0.000000 0.000000 1.000000
0.793563 0.086842 -0.602260 -12.183905 -0.059594 0.996097 0.065107 100.914719 0.605563 -0.015775 0.795641 1.913552 0.000000 0.000000 0.000000 1.000000
0.754456 0.086846 -0.650579 -12.178793 -0.058510 0.996160 0.065125 100.877266 0.653737 -0.011069 0.756641 3.444877 0.000000 0.000000 0.000000 1.000000
0.711125 0.086487 -0.697726 -12.100276 -0.057247 0.996233 0.065142 100.856781 0.700731 -0.006381 0.713397 5.277871 0.000000 0.000000 0.000000 1.000000
0.663461 0.086128 -0.743237 -11.933779 -0.056348 0.996283 0.065152 100.832291 0.746086 -0.001346 0.665848 7.362815 0.000000 0.000000 0.000000 1.000000
0.611443 0.085906 -0.786612 -11.667099 -0.056161 0.996294 0.065150 100.796097 0.789293 0.004341 0.614001 9.631689 0.000000 0.000000 0.000000 1.000000
0.555162 0.085619 -0.827324 -11.293305 -0.056576 0.996271 0.065139 100.767204 0.829816 0.010644 0.557935 11.998379 0.000000 0.000000 0.000000 1.000000
0.494781 0.084941 -0.864857 -10.819367 -0.057194 0.996237 0.065124 100.773956 0.867134 0.017243 0.497777 14.362717 0.000000 0.000000 0.000000 1.000000
0.430523 0.083715 -0.898689 -10.269264 -0.057799 0.996203 0.065109 100.846260 0.900727 0.023912 0.433727 16.619585 0.000000 0.000000 0.000000 1.000000
0.362701 0.081906 -0.928299 -9.678932 -0.058347 0.996172 0.065097 101.024681 0.930077 0.030553 0.366091 18.666897 0.000000 0.000000 0.000000 1.000000
0.291719 0.079422 -0.953201 -9.088091 -0.058514 0.996162 0.065094 101.290306 0.954713 0.036787 0.295247 20.429943 0.000000 0.000000 0.000000 1.000000
0.218067 0.076296 -0.972947 -8.535916 -0.058075 0.996187 0.065102 101.595734 0.974204 0.042308 0.221667 21.882029 0.000000 0.000000 0.000000 1.000000
0.142336 0.072679 -0.987147 -8.042599 -0.057071 0.996244 0.065119 101.904556 0.988172 0.047068 0.145949 23.004120 0.000000 0.000000 0.000000 1.000000
0.065175 0.068730 -0.995504 -7.612712 -0.055656 0.996323 0.065143 102.192612 0.996321 0.051160 0.068761 23.726217 0.000000 0.000000 0.000000 1.000000
-0.012722 0.064581 -0.997831 -7.226396 -0.053657 0.996430 0.065174 102.429001 0.998478 0.054370 -0.009211 23.939411 0.000000 0.000000 0.000000 1.000000
-0.090663 0.060358 -0.994051 -6.842356 -0.051505 0.996542 0.065206 102.596619 0.994549 0.057110 -0.087240 23.621471 0.000000 0.000000 0.000000 1.000000
-0.167957 0.056056 -0.984199 -6.425345 -0.049631 0.996635 0.065234 102.685669 0.984544 0.059804 -0.164610 22.912827 0.000000 0.000000 0.000000 1.000000
-0.243906 0.051527 -0.968429 -5.949704 -0.048528 0.996688 0.065252 102.695404 0.968584 0.062911 -0.240597 22.043943 0.000000 0.000000 0.000000 1.000000
-0.317823 0.046494 -0.947009 -5.400563 -0.048626 0.996683 0.065252 102.674973 0.946902 0.066788 -0.314508 21.160320 0.000000 0.000000 0.000000 1.000000
-0.389090 0.040827 -0.920294 -4.755176 -0.049725 0.996630 0.065236 102.616272 0.919857 0.071144 -0.385749 20.227926 0.000000 0.000000 0.000000 1.000000
-0.457136 0.034464 -0.888729 -4.003200 -0.051642 0.996535 0.065207 102.495743 0.887896 0.075704 -0.453772 19.130329 0.000000 0.000000 0.000000 1.000000
-0.521505 0.027465 -0.852806 -3.129564 -0.054091 0.996407 0.065167 102.328117 0.851532 0.080114 -0.518146 17.820293 0.000000 0.000000 0.000000 1.000000
-0.581875 0.020264 -0.813026 -2.127262 -0.056304 0.996287 0.065129 102.130295 0.811327 0.083673 -0.578573 16.370298 0.000000 0.000000 0.000000 1.000000
-0.638059 0.013586 -0.769868 -1.015336 -0.057349 0.996229 0.065110 101.919083 0.767849 0.085695 -0.634874 14.907717 0.000000 0.000000 0.000000 1.000000
-0.689904 0.007776 -0.723859 0.178104 -0.057090 0.996243 0.065114 101.725739 0.721646 0.086247 -0.686868 13.502028 0.000000 0.000000 0.000000 1.000000
-0.737240 0.002224 -0.675628 1.404687 -0.056673 0.996267 0.065121 101.619431 0.673250 0.086300 -0.734361 12.167960 0.000000 0.000000 0.000000 1.000000
-0.780039 -0.003198 -0.625723 2.605266 -0.056326 0.996286 0.065125 101.594315 0.623191 0.086045 -0.777322 10.880354 0.000000 0.000000 0.000000 1.000000
-0.818349 -0.008635 -0.574657 3.715696 -0.056245 0.996291 0.065126 101.631180 0.571963 0.085617 -0.815799 9.611388 0.000000 0.000000 0.000000 1.000000
-0.852291 -0.014026 -0.522879 4.677248 -0.056350 0.996285 0.065125 101.721558 0.520023 0.084970 -0.849915 8.345278 0.000000 0.000000 0.000000 1.000000
-0.882034 -0.019289 -0.470791 5.437986 -0.056548 0.996274 0.065125 101.856186 0.467780 0.084065 -0.879838 7.079805 0.000000 0.000000 0.000000 1.000000
-0.907777 -0.024288 -0.418750 5.947470 -0.056698 0.996265 0.065128 102.001869 0.415604 0.082864 -0.905763 5.829243 0.000000 0.000000 0.000000 1.000000
-0.929731 -0.028922 -0.367101 6.159810 -0.056709 0.996264 0.065134 102.139198 0.363846 0.081375 -0.927898 4.630416 0.000000 0.000000 0.000000 1.000000
-0.948127 -0.033184 -0.316156 6.047467 -0.056590 0.996270 0.065141 102.274666 0.312816 0.079653 -0.946468 3.528342 0.000000 0.000000 0.000000 1.000000
-0.963216 -0.036995 -0.266171 5.622553 -0.056269 0.996288 0.065149 102.416862 0.262773 0.077729 -0.961722 2.566376 0.000000 0.000000 0.000000 1.000000
-0.975267 -0.040179 -0.217346 4.938115 -0.055568 0.996327 0.065159 102.570488 0.213930 0.075625 -0.973917 1.781943 0.000000 0.000000 0.000000 1.000000
-0.984538 -0.042921 -0.169830 4.067130 -0.054678 0.996375 0.065171 102.725380 0.166417 0.073449 -0.983316 1.196355 0.000000 0.000000 0.000000 1.000000
-0.991250 -0.045958 -0.123736 3.086884 -0.054332 0.996394 0.065174 102.845001 0.120295 0.071327 -0.990173 0.807350 0.000000 0.000000 0.000000 1.000000
-0.995642 -0.049329 -0.079147 2.092198 -0.054546 0.996382 0.065170 102.933495 0.075646 0.069203 -0.994730 0.593005 0.000000 0.000000 0.000000 1.000000
-0.997946 -0.052895 -0.036124 1.183905 -0.055169 0.996349 0.065160 103.006653 0.032546 0.067019 -0.997221 0.514644 0.000000 0.000000 0.000000 1.000000
-0.998394 -0.056409 0.005308 0.444782 -0.055944 0.996306 0.065148 103.092148 -0.008963 0.064746 -0.997862 0.522554 0.000000 0.000000 0.000000 1.000000</float_array><technique_common><accessor source="#mixamorig_Hips-Matrix-animation-output-transform-array" count="50" stride="16"><param type="float4x4"/></accessor></technique_common></source><source id="mixamorig_Hips-Interpolations"><Name_array id="mixamorig_Hips-Interpolations-array" count="50">
 LINEAR LINEAR LINEAR LINEAR LINEAR LINEAR LINEAR LINEAR LINEAR LINEAR LINEAR
LINEAR LINEAR LINEAR LINEAR LINEAR LINEAR LINEAR LINEAR LINEAR LINEAR LINEAR LINEAR
LINEAR LINEAR LINEAR LINEAR LINEAR LINEAR LINEAR LINEAR LINEAR LINEAR LINEAR LINEAR
LINEAR LINEAR LINEAR LINEAR LINEAR LINEAR LINEAR LINEAR LINEAR LINEAR LINEAR LINEAR
LINEAR LINEAR LINEAR</Name_array><technique_common><accessor source="#mixamorig_Hips-Interpolations-array" count="50"><param type="name"/></accessor></technique_common></source><sampler id="mixamorig_Hips-Matrix-animation-transform"><input semantic="INPUT" source="#mixamorig_Hips-Matrix-animation-input"/><input semantic="OUTPUT" source="#mixamorig_Hips-Matrix-animation-output-transform"/><input semantic="INTERPOLATION" source="#mixamorig_Hips-Interpolations"/></sampler><channel source="#mixamorig_Hips-Matrix-animation-transform" target="mixamorig_Hips/matrix"/></animation>
    <animation id="mixamorig_Spine-anim" name="mixamorig_Spine"><source id="mixamorig_Spine-Matrix-animation-input"><float_array id="mixamorig_Spine-Matrix-animation-input-array" count="50">

0.000000 0.033333 0.066667 0.100000 0.133333 0.166667 0.200000 0.233333 0.266667 0.300000 0.333333 0.366667 0.400000 0.433333 0.466667 0.500000
0.533333 0.566667 0.600000 0.633333 0.666667 0.700000 0.733333 0.766667 0.800000 0.833333 0.866667 0.900000 0.933333 0.966667 1.000000 1.033333
1.066667 1.100000 1.133333 1.166667 1.200000 1.233333 1.266667 1.300000 1.333333 1.366667 1.400000 1.433333 1.466667 1.500000 1.533333 1.566667
1.600000 1.633333</float_array><technique_common><accessor source="#mixamorig_Spine-Matrix-animation-input-array" count="50"><param name="TIME" type="float"/></accessor></technique_common></source><source id="mixamorig_Spine-Matrix-animation-output-transform"><float_array id="mixamorig_Spine-Matrix-animation-output-transform-array" count="800">

0.998668 -0.045934 0.023514 0.000000 0.045583 0.998844 0.015242 10.997300 -0.024187 -0.014150 0.999607 -0.803100 0.000000 0.000000 0.000000 1.000000
0.998920 -0.043828 0.015428 0.000000 0.043538 0.998878 0.018650 10.997300 -0.016228 -0.017959 0.999707 -0.803100 0.000000 0.000000 0.000000 1.000000
0.999158 -0.039540 0.010908 0.000000 0.039296 0.998992 0.021698 10.997300 -0.011755 -0.021251 0.999705 -0.803100 0.000000 0.000000 0.000000 1.000000
0.999318 -0.035144 0.011368 0.000000 0.034867 0.999109 0.023762 10.997300 -0.012193 -0.023350 0.999653 -0.803100 0.000000 0.000000 0.000000 1.000000
0.999307 -0.032874 0.017481 -0.000000 0.032449 0.999184 0.024070 10.997300 -0.018258 -0.023486 0.999557 -0.803100 0.000000 0.000000 0.000000 1.000000
0.998972 -0.035520 0.028165 0.000000 0.034897 0.999142 0.022290 10.997300 -0.028933 -0.021284 0.999355 -0.803100 0.000000 0.000000 0.000000 1.000000
0.998226 -0.042810 0.041381 -0.000000 0.042058 0.998937 0.018861 10.997300 -0.042145 -0.017087 0.998965 -0.803100 0.000000 0.000000 0.000000 1.000000
0.997124 -0.051909 0.055215 0.000000 0.051166 0.998581 0.014795 10.997300 -0.055904 -0.011927 0.998365 -0.803100 0.000000 0.000000 0.000000 1.000000
0.995770 -0.061299 0.068442 0.000000 0.060667 0.998094 0.011268 10.997300 -0.069002 -0.007069 0.997591 -0.803100 0.000000 0.000000 0.000000 1.000000
0.994233 -0.070661 0.080674 0.000000 0.070156 0.997495 0.009081 10.997300 -0.081114 -0.003368 0.996699 -0.803100 0.000000 0.000000 0.000000 1.000000
0.992536 -0.080373 0.091723 0.000000 0.079940 0.996764 0.008391 10.997300 -0.092100 -0.000996 0.995749 -0.803100 0.000000 0.000000 0.000000 1.000000
0.990807 -0.090003 0.101001 0.000000 0.089576 0.995941 0.008760 10.997300 -0.101379 0.000368 0.994848 -0.803100 0.000000 0.000000 0.000000 1.000000
0.989334 -0.098277 0.107515 -0.000000 0.097820 0.995158 0.009532 10.997300 -0.107931 0.001087 0.994158 -0.803100 0.000000 0.000000 0.000000 1.000000
0.988409 -0.104104 0.110495 0.000000 0.103605 0.994566 0.010263 10.997300 -0.110963 0.001304 0.993824 -0.803100 0.000000 0.000000 0.000000 1.000000
0.988109 -0.107396 0.110027 -0.000000 0.106849 0.994216 0.010872 10.997300 -0.110558 0.001014 0.993869 -0.803100 0.000000 0.000000 0.000000 1.000000
0.988284 -0.108855 0.106981 -0.000000 0.108249 0.994058 0.011474 10.997300 -0.107595 0.000241 0.994195 -0.803100 0.000000 0.000000 0.000000 1.000000
0.988739 -0.109090 0.102444 0.000000 0.108416 0.994031 0.012144 10.997300 -0.103157 -0.000901 0.994665 -0.803100 0.000000 0.000000 0.000000 1.000000
0.989368 -0.108222 0.097152 0.000000 0.107480 0.994124 0.012851 10.997300 -0.097972 -0.002273 0.995187 -0.803100 0.000000 0.000000 0.000000 1.000000
0.990126 -0.106332 0.091342 0.000000 0.105531 0.994324 0.013562 10.997300 -0.092266 -0.003789 0.995727 -0.803100 0.000000 0.000000 0.000000 1.000000
0.990967 -0.103704 0.085026 0.000000 0.102857 0.994593 0.014296 10.997300 -0.086049 -0.005422 0.996276 -0.803100 0.000000 0.000000 0.000000 1.000000
0.991858 -0.100389 0.078358 0.000000 0.099509 0.994923 0.015062 10.997300 -0.079473 -0.007142 0.996811 -0.803100 0.000000 0.000000 0.000000 1.000000
0.992758 -0.096435 0.071634 0.000000 0.095538 0.995299 0.015856 10.997300 -0.072826 -0.008897 0.997305 -0.803100 0.000000 0.000000 0.000000 1.000000
0.993619 -0.092090 0.065117 0.000000 0.091189 0.995694 0.016683 10.997300 -0.066373 -0.010638 0.997738 -0.803100 0.000000 0.000000 0.000000 1.000000
0.994386 -0.087825 0.059024 0.000000 0.086930 0.996059 0.017572 10.997300 -0.060335 -0.012343 0.998102 -0.803100 0.000000 0.000000 0.000000 1.000000
0.995028 -0.083941 0.053599 0.000000 0.083056 0.996372 0.018538 10.997300 -0.054960 -0.013994 0.998390 -0.803100 0.000000 0.000000 0.000000 1.000000
0.995474 -0.081290 0.049237 -0.000000 0.080411 0.996569 0.019582 10.997300 -0.050660 -0.015534 0.998595 -0.803100 0.000000 0.000000 0.000000 1.000000
0.995695 -0.080263 0.046354 -0.000000 0.079380 0.996632 0.020588 10.997300 -0.047850 -0.016819 0.998713 -0.803100 0.000000 0.000000 0.000000 1.000000
0.995725 -0.080650 0.045036 0.000000 0.079752 0.996585 0.021399 10.997300 -0.046608 -0.017716 0.998756 -0.803100 0.000000 0.000000 0.000000 1.000000
0.995633 -0.081849 0.044901 0.000000 0.080926 0.996477 0.022008 10.997300 -0.046544 -0.018278 0.998749 -0.803100 0.000000 0.000000 0.000000 1.000000
0.995527 -0.082907 0.045299 -0.000000 0.081946 0.996379 0.022682 10.997300 -0.047016 -0.018868 0.998716 -0.803100 0.000000 0.000000 0.000000 1.000000
0.995466 -0.083514 0.045522 0.000000 0.082491 0.996305 0.023922 10.997300 -0.047351 -0.020058 0.998677 -0.803100 0.000000 0.000000 0.000000 1.000000
0.995476 -0.083639 0.045084 -0.000000 0.082522 0.996248 0.026081 10.997300 -0.047096 -0.022242 0.998643 -0.803100 0.000000 0.000000 0.000000 1.000000
0.995617 -0.082629 0.043821 0.000000 0.081409 0.996261 0.028928 10.997300 -0.046048 -0.025234 0.998620 -0.803100 0.000000 0.000000 0.000000 1.000000
0.995969 -0.079348 0.041822 -0.000000 0.078061 0.996449 0.031568 10.997300 -0.044178 -0.028176 0.998626 -0.803100 0.000000 0.000000 0.000000 1.000000
0.996516 -0.073553 0.039329 0.000000 0.072279 0.996842 0.032889 10.997300 -0.041624 -0.029932 0.998685 -0.803100 0.000000 0.000000 0.000000 1.000000
0.997079 -0.066925 0.036796 -0.000000 0.065750 0.997315 0.032249 10.997300 -0.038856 -0.029735 0.998802 -0.803100 0.000000 0.000000 0.000000 1.000000
0.997526 -0.060851 0.035189 0.000000 0.059814 0.997765 0.029797 10.997300 -0.036923 -0.027618 0.998936 -0.803100 0.000000 0.000000 0.000000 1.000000
0.997773 -0.056492 0.035466 -0.000000 0.055572 0.998105 0.026405 10.997300 -0.036891 -0.024376 0.999022 -0.803100 0.000000 0.000000 0.000000 1.000000
0.997839 -0.053606 0.037986 0.000000 0.052755 0.998341 0.023061 10.997300 -0.039159 -0.021007 0.999012 -0.803100 0.000000 0.000000 0.000000 1.000000
0.997823 -0.050737 0.042135 -0.000000 0.049917 0.998548 0.020277 10.997300 -0.043102 -0.018129 0.998906 -0.803100 0.000000 0.000000 0.000000 1.000000
0.997842 -0.046220 0.046638 0.000000 0.045426 0.998807 0.017937 10.997300 -0.047412 -0.015780 0.998751 -0.803100 0.000000 0.000000 0.000000 1.000000
0.997944 -0.039650 0.050353 0.000000 0.038906 0.999120 0.015661 10.997300 -0.050929 -0.013670 0.998609 -0.803100 0.000000 0.000000 0.000000 1.000000
0.998069 -0.032511 0.052920 0.000000 0.031848 0.999404 0.013322 10.997300 -0.053322 -0.011611 0.998510 -0.803100 0.000000 0.000000 0.000000 1.000000
0.998132 -0.027247 0.054682 0.000000 0.026670 0.999581 0.011256 10.997300 -0.054965 -0.009776 0.998440 -0.803100 0.000000 0.000000 0.000000 1.000000
0.998106 -0.025692 0.055888 -0.000000 0.025169 0.999633 0.010039 10.997300 -0.056126 -0.008613 0.998387 -0.803100 0.000000 0.000000 0.000000 1.000000
0.998031 -0.028296 0.055969 0.000000 0.027775 0.999563 0.010068 10.997300 -0.056229 -0.008494 0.998382 -0.803100 0.000000 0.000000 0.000000 1.000000
0.997981 -0.034129 0.053561 -0.000000 0.033573 0.999373 0.011253 10.997300 -0.053912 -0.009432 0.998501 -0.803100 0.000000 0.000000 0.000000 1.000000
0.998056 -0.040511 0.047359 0.000000 0.039939 0.999118 0.012967 10.997300 -0.047843 -0.011050 0.998794 -0.803100 0.000000 0.000000 0.000000 1.000000
0.998305 -0.044889 0.037040 -0.000000 0.044380 0.998910 0.014451 10.997300 -0.037648 -0.012783 0.999209 -0.803100 0.000000 0.000000 0.000000 1.000000
0.998667 -0.045939 0.023514 0.000000 0.045589 0.998844 0.015243 10.997300 -0.024187 -0.014150 0.999607 -0.803100 0.000000 0.000000 0.000000 1.000000</float_array><technique_common><accessor source="#mixamorig_Spine-Matrix-animation-output-transform-array" count="50" stride="16"><param type="float4x4"/></accessor></technique_common></source><source id="mixamorig_Spine-Interpolations"><Name_array id="mixamorig_Spine-Interpolations-array" count="50">
 LINEAR LINEAR LINEAR LINEAR LINEAR LINEAR LINEAR LINEAR LINEAR LINEAR LINEAR
LINEAR LINEAR LINEAR LINEAR LINEAR LINEAR LINEAR LINEAR LINEAR LINEAR LINEAR LINEAR
LINEAR LINEAR LINEAR LINEAR LINEAR LINEAR LINEAR LINEAR LINEAR LINEAR LINEAR LINEAR
LINEAR LINEAR LINEAR LINEAR LINEAR LINEAR LINEAR LINEAR LINEAR LINEAR LINEAR LINEAR
LINEAR LINEAR LINEAR</Name_array><technique_common><accessor source="#mixamorig_Spine-Interpolations-array" count="50"><param type="name"/></accessor></technique_common></source><sampler id="mixamorig_Spine-Matrix-animation-transform"><input semantic="INPUT" source="#mixamorig_Spine-Matrix-animation-input"/><input semantic="OUTPUT" source="#mixamorig_Spine-Matrix-animation-output-transform"/><input semantic="INTERPOLATION" source="#mixamorig_Spine-Interpolations"/></sampler><channel source="#mixamorig_Spine-Matrix-animation-transform" target="mixamorig_Spine/matrix"/></animation>
    <animation id="mixamorig_Spine1-anim" name="mixamorig_Spine1"><source id="mixamorig_Spine1-Matrix-animation-input"><float_array id="mixamorig_Spine1-Matrix-animation-input-array" count="50">

0.000000 0.033333 0.066667 0.100000 0.133333 0.166667 0.200000 0.233333 0.266667 0.300000 0.333333 0.366667 0.400000 0.433333 0.466667 0.500000
0.533333 0.566667 0.600000 0.633333 0.666667 0.700000 0.733333 0.766667 0.800000 0.833333 0.866667 0.900000 0.933333 0.966667 1.000000 1.033333
1.066667 1.100000 1.133333 1.166667 1.200000 1.233333 1.266667 1.300000 1.333333 1.366667 1.400000 1.433333 1.466667 1.500000 1.533333 1.566667
1.600000 1.633333</float_array><technique_common><accessor source="#mixamorig_Spine1-Matrix-animation-input-array" count="50"><param name="TIME" type="float"/></accessor></technique_common></source><source id="mixamorig_Spine1-Matrix-animation-output-transform"><float_array id="mixamorig_Spine1-Matrix-animation-output-transform-array" count="800">

0.999615 -0.027457 0.003935 0.000000 0.027531 0.999418 -0.020129 12.864400 -0.003380 0.020230 0.999790 -0.000000 0.000000 0.000000 0.000000 1.000000
0.999594 -0.028462 0.001324 0.000000 0.028482 0.999413 -0.019036 12.864400 -0.000781 0.019066 0.999818 0.000000 0.000000 0.000000 0.000000 1.000000
0.999565 -0.029489 -0.000349 0.000000 0.029478 0.999399 -0.018243 12.864400 0.000887 0.018225 0.999834 0.000000 0.000000 0.000000 0.000000 1.000000
0.999527 -0.030754 -0.000647 0.000000 0.030737 0.999367 -0.017929 12.864400 0.001198 0.017900 0.999839 0.000000 0.000000 0.000000 0.000000 1.000000
0.999472 -0.032497 0.000682 0.000000 0.032504 0.999305 -0.018225 12.864400 -0.000089 0.018238 0.999834 0.000000 0.000000 0.000000 0.000000 1.000000
0.999387 -0.034834 0.003447 -0.000000 0.034893 0.999209 -0.019088 12.864400 -0.002780 0.019196 0.999812 0.000000 0.000000 0.000000 0.000000 1.000000
0.999265 -0.037659 0.007110 -0.000000 0.037796 0.999080 -0.020264 12.864400 -0.006341 0.020518 0.999769 0.000000 0.000000 0.000000 0.000000 1.000000
0.999110 -0.040710 0.011021 -0.000000 0.040939 0.998933 -0.021381 12.864400 -0.010139 0.021813 0.999711 0.000000 0.000000 0.000000 0.000000 1.000000
0.998936 -0.043729 0.014681 0.000000 0.044047 0.998785 -0.022106 12.864400 -0.013696 0.022729 0.999648 0.000000 0.000000 0.000000 0.000000 1.000000
0.998753 -0.046611 0.017892 -0.000000 0.047006 0.998646 -0.022290 12.864400 -0.016828 0.023103 0.999591 0.000000 0.000000 0.000000 0.000000 1.000000
0.998564 -0.049409 0.020713 -0.000000 0.049862 0.998514 -0.021980 12.864400 -0.019596 0.022981 0.999544 0.000000 0.000000 0.000000 0.000000 1.000000
0.998368 -0.052153 0.023265 -0.000000 0.052659 0.998376 -0.021713 12.864400 -0.022095 0.022902 0.999494 -0.000000 0.000000 0.000000 0.000000 1.000000
0.998180 -0.054644 0.025492 0.000000 0.055197 0.998243 -0.021542 12.864400 -0.024271 0.022910 0.999443 0.000000 0.000000 0.000000 0.000000 1.000000
0.998043 -0.056378 0.027058 -0.000000 0.056965 0.998146 -0.021435 12.864400 -0.025800 0.022934 0.999404 0.000000 0.000000 0.000000 0.000000 1.000000
0.998013 -0.056726 0.027439 0.000000 0.057319 0.998127 -0.021362 12.864400 -0.026176 0.022893 0.999395 0.000000 0.000000 0.000000 0.000000 1.000000
0.998126 -0.055301 0.026190 -0.000000 0.055862 0.998213 -0.021224 12.864400 -0.024970 0.022647 0.999432 0.000000 0.000000 0.000000 0.000000 1.000000
0.998361 -0.052308 0.023232 0.000000 0.052792 0.998390 -0.020740 12.864400 -0.022109 0.021933 0.999515 0.000000 0.000000 0.000000 0.000000 1.000000
0.998637 -0.048614 0.019003 0.000000 0.048990 0.998602 -0.019862 12.864400 -0.018011 0.020766 0.999622 0.000000 0.000000 0.000000 0.000000 1.000000
0.998864 -0.045427 0.014392 0.000000 0.045695 0.998777 -0.018902 12.864400 -0.013516 0.019538 0.999718 0.000000 0.000000 0.000000 0.000000 1.000000
0.998989 -0.043719 0.010425 0.000000 0.043905 0.998869 -0.018275 12.864400 -0.009614 0.018714 0.999779 0.000000 0.000000 0.000000 0.000000 1.000000
0.999011 -0.043759 0.007864 0.000000 0.043896 0.998870 -0.018219 12.864400 -0.007058 0.018546 0.999803 0.000000 0.000000 0.000000 0.000000 1.000000
0.998961 -0.045057 0.006893 0.000000 0.045178 0.998805 -0.018636 12.864400 -0.006045 0.018928 0.999803 0.000000 0.000000 0.000000 0.000000 1.000000
0.998881 -0.046758 0.007090 0.000000 0.046886 0.998716 -0.019178 12.864400 -0.006184 0.019489 0.999791 -0.000000 0.000000 0.000000 0.000000 1.000000
0.998810 -0.048161 0.007701 0.000000 0.048304 0.998642 -0.019499 12.864400 -0.006752 0.019848 0.999780 0.000000 0.000000 0.000000 0.000000 1.000000
0.998766 -0.049013 0.008063 0.000000 0.049162 0.998601 -0.019474 12.864400 -0.007097 0.019846 0.999778 0.000000 0.000000 0.000000 0.000000 1.000000
0.998744 -0.049474 0.007936 0.000000 0.049619 0.998583 -0.019220 12.864400 -0.006974 0.019590 0.999784 0.000000 0.000000 0.000000 0.000000 1.000000
0.998729 -0.049846 0.007515 -0.000000 0.049981 0.998570 -0.018956 12.864400 -0.006559 0.019307 0.999792 0.000000 0.000000 0.000000 0.000000 1.000000
0.998708 -0.050321 0.007153 -0.000000 0.050447 0.998550 -0.018805 12.864400 -0.006196 0.019142 0.999798 0.000000 0.000000 0.000000 0.000000 1.000000
0.998679 -0.050904 0.007068 0.000000 0.051029 0.998522 -0.018706 12.864400 -0.006105 0.019042 0.999800 0.000000 0.000000 0.000000 0.000000 1.000000
0.998647 -0.051493 0.007225 0.000000 0.051619 0.998496 -0.018457 12.864400 -0.006264 0.018805 0.999804 0.000000 0.000000 0.000000 0.000000 1.000000
0.998621 -0.051966 0.007421 0.000000 0.052091 0.998483 -0.017856 12.864400 -0.006482 0.018218 0.999813 -0.000000 0.000000 0.000000 0.000000 1.000000
0.998608 -0.052215 0.007450 -0.000000 0.052334 0.998487 -0.016864 12.864400 -0.006558 0.017230 0.999830 -0.000000 0.000000 0.000000 0.000000 1.000000
0.998614 -0.052131 0.007205 0.000000 0.052238 0.998512 -0.015677 12.864400 -0.006377 0.016032 0.999851 0.000000 0.000000 0.000000 0.000000 1.000000
0.998645 -0.051609 0.006690 0.000000 0.051702 0.998555 -0.014676 12.864400 -0.005923 0.015002 0.999870 0.000000 0.000000 0.000000 0.000000 1.000000
0.998700 -0.050614 0.006006 -0.000000 0.050696 0.998613 -0.014247 12.864400 -0.005276 0.014533 0.999880 0.000000 0.000000 0.000000 0.000000 1.000000
0.998772 -0.049249 0.005359 0.000000 0.049323 0.998676 -0.014579 12.864400 -0.004634 0.014825 0.999879 -0.000000 0.000000 0.000000 0.000000 1.000000
0.998848 -0.047727 0.005043 -0.000000 0.047800 0.998736 -0.015558 12.864400 -0.004294 0.015781 0.999866 0.000000 0.000000 0.000000 0.000000 1.000000
0.998916 -0.046243 0.005323 0.000000 0.046327 0.998785 -0.016831 12.864400 -0.004539 0.017060 0.999844 0.000000 0.000000 0.000000 0.000000 1.000000
0.998975 -0.044829 0.006273 0.000000 0.044935 0.998828 -0.018011 12.864400 -0.005458 0.018275 0.999818 0.000000 0.000000 0.000000 0.000000 1.000000
0.999032 -0.043318 0.007678 0.000000 0.043457 0.998877 -0.018873 12.864400 -0.006852 0.019189 0.999792 0.000000 0.000000 0.000000 0.000000 1.000000
0.999097 -0.041487 0.009152 -0.000000 0.041658 0.998943 -0.019428 12.864400 -0.008336 0.019792 0.999769 -0.000000 0.000000 0.000000 0.000000 1.000000
0.999175 -0.039263 0.010368 -0.000000 0.039463 0.999024 -0.019842 12.864400 -0.009579 0.020234 0.999749 -0.000000 0.000000 0.000000 0.000000 1.000000
0.999257 -0.036850 0.011251 0.000000 0.037073 0.999107 -0.020271 12.864400 -0.010494 0.020673 0.999731 0.000000 0.000000 0.000000 0.000000 1.000000
0.999329 -0.034640 0.011921 0.000000 0.034883 0.999176 -0.020751 12.864400 -0.011193 0.021153 0.999714 -0.000000 0.000000 0.000000 0.000000 1.000000
0.999378 -0.032989 0.012459 -0.000000 0.033248 0.999223 -0.021183 12.864400 -0.011751 0.021584 0.999698 0.000000 0.000000 0.000000 0.000000 1.000000
0.999408 -0.031986 0.012684 -0.000000 0.032253 0.999250 -0.021425 12.864400 -0.011989 0.021821 0.999690 0.000000 0.000000 0.000000 0.000000 1.000000
0.999433 -0.031382 0.012179 -0.000000 0.031637 0.999271 -0.021390 12.864400 -0.011499 0.021763 0.999697 0.000000 0.000000 0.000000 0.000000 1.000000
0.999473 -0.030697 0.010551 0.000000 0.030914 0.999299 -0.021096 12.864400 -0.009896 0.021411 0.999722 0.000000 0.000000 0.000000 0.000000 1.000000
0.999536 -0.029464 0.007712 0.000000 0.029617 0.999348 -0.020639 12.864400 -0.007099 0.020858 0.999757 0.000000 0.000000 0.000000 0.000000 1.000000
0.999615 -0.027457 0.003935 0.000000 0.027531 0.999418 -0.020129 12.864400 -0.003380 0.020230 0.999790 0.000000 0.000000 0.000000 0.000000 1.000000</float_array><technique_common><accessor source="#mixamorig_Spine1-Matrix-animation-output-transform-array" count="50" stride="16"><param type="float4x4"/></accessor></technique_common></source><source id="mixamorig_Spine1-Interpolations"><Name_array id="mixamorig_Spine1-Interpolations-array" count="50">
 LINEAR LINEAR LINEAR LINEAR LINEAR LINEAR LINEAR LINEAR LINEAR LINEAR LINEAR
LINEAR LINEAR LINEAR LINEAR LINEAR LINEAR LINEAR LINEAR LINEAR LINEAR LINEAR LINEAR
LINEAR LINEAR LINEAR LINEAR LINEAR LINEAR LINEAR LINEAR LINEAR LINEAR LINEAR LINEAR
LINEAR LINEAR LINEAR LINEAR LINEAR LINEAR LINEAR LINEAR LINEAR LINEAR LINEAR LINEAR
LINEAR LINEAR LINEAR</Name_array><technique_common><accessor source="#mixamorig_Spine1-Interpolations-array" count="50"><param type="name"/></accessor></technique_common></source><sampler id="mixamorig_Spine1-Matrix-animation-transform"><input semantic="INPUT" source="#mixamorig_Spine1-Matrix-animation-input"/><input semantic="OUTPUT" source="#mixamorig_Spine1-Matrix-animation-output-transform"/><input semantic="INTERPOLATION" source="#mixamorig_Spine1-Interpolations"/></sampler><channel source="#mixamorig_Spine1-Matrix-animation-transform" target="mixamorig_Spine1/matrix"/></animation>
    <animation id="mixamorig_Spine2-anim" name="mixamorig_Spine2"><source id="mixamorig_Spine2-Matrix-animation-input"><float_array id="mixamorig_Spine2-Matrix-animation-input-array" count="50">

0.000000 0.033333 0.066667 0.100000 0.133333 0.166667 0.200000 0.233333 0.266667 0.300000 0.333333 0.366667 0.400000 0.433333 0.466667 0.500000
0.533333 0.566667 0.600000 0.633333 0.666667 0.700000 0.733333 0.766667 0.800000 0.833333 0.866667 0.900000 0.933333 0.966667 1.000000 1.033333
1.066667 1.100000 1.133333 1.166667 1.200000 1.233333 1.266667 1.300000 1.333333 1.366667 1.400000 1.433333 1.466667 1.500000 1.533333 1.566667
1.600000 1.633333</float_array><technique_common><accessor source="#mixamorig_Spine2-Matrix-animation-input-array" count="50"><param name="TIME" type="float"/></accessor></technique_common></source><source id="mixamorig_Spine2-Matrix-animation-output-transform"><float_array id="mixamorig_Spine2-Matrix-animation-output-transform-array" count="800">

0.999611 -0.027539 0.004316 0.000000 0.027619 0.999425 -0.019677 14.702200 -0.003772 0.019789 0.999797 0.000000 0.000000 0.000000 0.000000 1.000000
0.999591 -0.028546 0.001718 -0.000000 0.028573 0.999418 -0.018614 14.702200 -0.001185 0.018655 0.999825 0.000000 0.000000 0.000000 0.000000 1.000000
0.999563 -0.029575 0.000057 0.000000 0.029571 0.999403 -0.017852 14.702200 0.000471 0.017845 0.999841 -0.000000 0.000000 0.000000 0.000000 1.000000
0.999524 -0.030844 -0.000226 0.000000 0.030835 0.999370 -0.017570 14.702200 0.000767 0.017554 0.999846 0.000000 0.000000 0.000000 0.000000 1.000000
0.999468 -0.032595 0.001124 0.000000 0.032610 0.999308 -0.017901 14.702200 -0.000540 0.017928 0.999839 0.000000 0.000000 0.000000 0.000000 1.000000
0.999382 -0.034943 0.003922 0.000000 0.035011 0.999210 -0.018798 14.702200 -0.003262 0.018924 0.999816 0.000000 0.000000 0.000000 0.000000 1.000000
0.999257 -0.037785 0.007628 0.000000 0.037931 0.999080 -0.020008 14.702200 -0.006865 0.020283 0.999771 0.000000 0.000000 0.000000 0.000000 1.000000
0.999098 -0.040853 0.011589 0.000000 0.041092 0.998931 -0.021156 14.702200 -0.010712 0.021614 0.999709 -0.000000 0.000000 0.000000 0.000000 1.000000
0.998919 -0.043886 0.015303 0.000000 0.044216 0.998782 -0.021908 14.702200 -0.014322 0.022561 0.999643 0.000000 0.000000 0.000000 0.000000 1.000000
0.998733 -0.046777 0.018568 -0.000000 0.047184 0.998641 -0.022112 14.702200 -0.017508 0.022960 0.999583 -0.000000 0.000000 0.000000 0.000000 1.000000
0.998540 -0.049577 0.021448 0.000000 0.050045 0.998508 -0.021857 14.702200 -0.020332 0.022898 0.999531 0.000000 0.000000 0.000000 0.000000 1.000000
0.998341 -0.052319 0.024062 -0.000000 0.052837 0.998373 -0.021418 14.702200 -0.022903 0.022653 0.999481 0.000000 0.000000 0.000000 0.000000 1.000000
0.998149 -0.054806 0.026349 0.000000 0.055372 0.998240 -0.021251 14.702200 -0.025138 0.022671 0.999427 -0.000000 0.000000 0.000000 0.000000 1.000000
0.998009 -0.056540 0.027950 -0.000000 0.057142 0.998140 -0.021233 14.702200 -0.026698 0.022787 0.999384 0.000000 0.000000 0.000000 0.000000 1.000000
0.997978 -0.056893 0.028326 0.000000 0.057504 0.998120 -0.021229 14.702200 -0.027065 0.022815 0.999373 0.000000 0.000000 0.000000 0.000000 1.000000
0.998094 -0.055477 0.027019 0.000000 0.056055 0.998204 -0.021142 14.702200 -0.025798 0.022616 0.999411 0.000000 0.000000 0.000000 0.000000 1.000000
0.998334 -0.052494 0.023962 -0.000000 0.052993 0.998380 -0.020715 14.702200 -0.022836 0.021951 0.999498 0.000000 0.000000 0.000000 0.000000 1.000000
0.998615 -0.048806 0.019626 0.000000 0.049196 0.998591 -0.019881 14.702200 -0.018628 0.020819 0.999610 0.000000 0.000000 0.000000 0.000000 1.000000
0.998847 -0.045620 0.014931 0.000000 0.045899 0.998767 -0.018937 14.702200 -0.014048 0.019601 0.999709 -0.000000 0.000000 0.000000 0.000000 1.000000
0.998976 -0.043908 0.010924 0.000000 0.044103 0.998859 -0.018300 14.702200 -0.010108 0.018763 0.999773 0.000000 0.000000 0.000000 0.000000 1.000000
0.998999 -0.043942 0.008364 -0.000000 0.044088 0.998861 -0.018221 14.702200 -0.007553 0.018571 0.999799 0.000000 0.000000 0.000000 0.000000 1.000000
0.998949 -0.045235 0.007418 0.000000 0.045367 0.998797 -0.018619 14.702200 -0.006567 0.018936 0.999799 0.000000 0.000000 0.000000 0.000000 1.000000
0.998869 -0.046935 0.007643 0.000000 0.047074 0.998708 -0.019155 14.702200 -0.006734 0.019493 0.999787 0.000000 0.000000 0.000000 0.000000 1.000000
0.998797 -0.048339 0.008280 0.000000 0.048492 0.998634 -0.019480 14.702200 -0.007327 0.019858 0.999776 -0.000000 0.000000 0.000000 0.000000 1.000000
0.998752 -0.049190 0.008663 0.000000 0.049351 0.998592 -0.019460 14.702200 -0.007694 0.019863 0.999773 -0.000000 0.000000 0.000000 0.000000 1.000000
0.998730 -0.049648 0.008560 0.000000 0.049805 0.998574 -0.019207 14.702200 -0.007594 0.019609 0.999779 0.000000 0.000000 0.000000 0.000000 1.000000
0.998715 -0.050016 0.008162 0.000000 0.050164 0.998561 -0.018940 14.702200 -0.007203 0.019325 0.999787 0.000000 0.000000 0.000000 0.000000 1.000000
0.998694 -0.050488 0.007823 0.000000 0.050627 0.998541 -0.018785 14.702200 -0.006863 0.019156 0.999793 -0.000000 0.000000 0.000000 0.000000 1.000000
0.998665 -0.051058 0.007804 0.000000 0.051196 0.998514 -0.018682 14.702200 -0.006839 0.019056 0.999795 0.000000 0.000000 0.000000 0.000000 1.000000
0.998634 -0.051646 0.007974 -0.000000 0.051786 0.998488 -0.018433 14.702200 -0.007010 0.018820 0.999798 -0.000000 0.000000 0.000000 0.000000 1.000000
0.998607 -0.052126 0.008148 0.000000 0.052265 0.998474 -0.017834 14.702200 -0.007206 0.018235 0.999808 -0.000000 0.000000 0.000000 0.000000 1.000000
0.998594 -0.052378 0.008169 0.000000 0.052510 0.998478 -0.016843 14.702200 -0.007274 0.017248 0.999825 0.000000 0.000000 0.000000 0.000000 1.000000
0.998600 -0.052293 0.007923 0.000000 0.052412 0.998503 -0.015654 14.702200 -0.007092 0.016048 0.999846 0.000000 0.000000 0.000000 0.000000 1.000000
0.998632 -0.051766 0.007417 0.000000 0.051870 0.998546 -0.014649 14.702200 -0.006648 0.015014 0.999865 0.000000 0.000000 0.000000 0.000000 1.000000
0.998688 -0.050768 0.006728 0.000000 0.050859 0.998605 -0.014215 14.702200 -0.005997 0.014538 0.999876 0.000000 0.000000 0.000000 0.000000 1.000000
0.998761 -0.049398 0.006078 0.000000 0.049482 0.998669 -0.014537 14.702200 -0.005352 0.014820 0.999876 0.000000 0.000000 0.000000 0.000000 1.000000
0.998837 -0.047872 0.005762 0.000000 0.047956 0.998729 -0.015499 14.702200 -0.005012 0.015758 0.999863 -0.000000 0.000000 0.000000 0.000000 1.000000
0.998905 -0.046385 0.006047 0.000000 0.046481 0.998779 -0.016750 14.702200 -0.005263 0.017013 0.999841 0.000000 0.000000 0.000000 0.000000 1.000000
0.998964 -0.044971 0.007001 0.000000 0.045090 0.998823 -0.017901 14.702200 -0.006188 0.018198 0.999815 0.000000 0.000000 0.000000 0.000000 1.000000
0.999020 -0.043461 0.008406 0.000000 0.043612 0.998873 -0.018728 14.702200 -0.007582 0.019076 0.999789 -0.000000 0.000000 0.000000 0.000000 1.000000
0.999084 -0.041630 0.009866 0.000000 0.041814 0.998940 -0.019247 14.702200 -0.009054 0.019642 0.999766 0.000000 0.000000 0.000000 0.000000 1.000000
0.999162 -0.039406 0.011059 0.000000 0.039618 0.999022 -0.019624 14.702200 -0.010275 0.020046 0.999746 0.000000 0.000000 0.000000 0.000000 1.000000
0.999245 -0.036990 0.011915 0.000000 0.037224 0.999106 -0.020016 14.702200 -0.011163 0.020445 0.999729 0.000000 0.000000 0.000000 0.000000 1.000000
0.999316 -0.034777 0.012561 0.000000 0.035030 0.999177 -0.020456 14.702200 -0.011839 0.020882 0.999712 0.000000 0.000000 0.000000 0.000000 1.000000
0.999366 -0.033123 0.013079 0.000000 0.033391 0.999225 -0.020848 14.702200 -0.012378 0.021271 0.999697 0.000000 0.000000 0.000000 0.000000 1.000000
0.999396 -0.032118 0.013282 0.000000 0.032394 0.999253 -0.021051 14.702200 -0.012596 0.021469 0.999690 0.000000 0.000000 0.000000 0.000000 1.000000
0.999422 -0.031509 0.012743 -0.000000 0.031772 0.999275 -0.020985 14.702200 -0.012073 0.021378 0.999699 0.000000 0.000000 0.000000 0.000000 1.000000
0.999464 -0.030814 0.011066 -0.000000 0.031038 0.999304 -0.020670 14.702200 -0.010421 0.021002 0.999725 0.000000 0.000000 0.000000 0.000000 1.000000
0.999530 -0.029565 0.008162 0.000000 0.029725 0.999354 -0.020199 14.702200 -0.007560 0.020433 0.999763 0.000000 0.000000 0.000000 0.000000 1.000000
0.999611 -0.027539 0.004316 0.000000 0.027619 0.999425 -0.019677 14.702200 -0.003772 0.019789 0.999797 0.000000 0.000000 0.000000 0.000000 1.000000</float_array><technique_common><accessor source="#mixamorig_Spine2-Matrix-animation-output-transform-array" count="50" stride="16"><param type="float4x4"/></accessor></technique_common></source><source id="mixamorig_Spine2-Interpolations"><Name_array id="mixamorig_Spine2-Interpolations-array" count="50">
 LINEAR LINEAR LINEAR LINEAR LINEAR LINEAR LINEAR LINEAR LINEAR LINEAR LINEAR
LINEAR LINEAR LINEAR LINEAR LINEAR LINEAR LINEAR LINEAR LINEAR LINEAR LINEAR LINEAR
LINEAR LINEAR LINEAR LINEAR LINEAR LINEAR LINEAR LINEAR LINEAR LINEAR LINEAR LINEAR
LINEAR LINEAR LINEAR LINEAR LINEAR LINEAR LINEAR LINEAR LINEAR LINEAR LINEAR LINEAR
LINEAR LINEAR LINEAR</Name_array><technique_common><accessor source="#mixamorig_Spine2-Interpolations-array" count="50"><param type="name"/></accessor></technique_common></source><sampler id="mixamorig_Spine2-Matrix-animation-transform"><input semantic="INPUT" source="#mixamorig_Spine2-Matrix-animation-input"/><input semantic="OUTPUT" source="#mixamorig_Spine2-Matrix-animation-output-transform"/><input semantic="INTERPOLATION" source="#mixamorig_Spine2-Interpolations"/></sampler><channel source="#mixamorig_Spine2-Matrix-animation-transform" target="mixamorig_Spine2/matrix"/></animation>
    <animation id="mixamorig_Neck-anim" name="mixamorig_Neck"><source id="mixamorig_Neck-Matrix-animation-input"><float_array id="mixamorig_Neck-Matrix-animation-input-array" count="50">

0.000000 0.033333 0.066667 0.100000 0.133333 0.166667 0.200000 0.233333 0.266667 0.300000 0.333333 0.366667 0.400000 0.433333 0.466667 0.500000
0.533333 0.566667 0.600000 0.633333 0.666667 0.700000 0.733333 0.766667 0.800000 0.833333 0.866667 0.900000 0.933333 0.966667 1.000000 1.033333
1.066667 1.100000 1.133333 1.166667 1.200000 1.233333 1.266667 1.300000 1.333333 1.366667 1.400000 1.433333 1.466667 1.500000 1.533333 1.566667
