<?xml version="1.0" encoding="utf-8"?>
<COLLADA xmlns="http://www.collada.org/2005/11/COLLADASchema" version="1.4.1">
  <asset><contributor><author>Mixamo</author><authoring_tool>COLLADA Mixamo exporter</authoring_tool><comments></comments></contributor><created>2020-02-25T10:27:19Z</created><modified>2020-02-25T10:27:19Z</modified><revision></revision><title></title><unit meter="0.010000"/><up_axis>Y_UP</up_axis></asset>
  <library_animations>
    <animation id="mixamorig7_Hips-anim" name="mixamorig7_Hips"><source id="mixamorig7_Hips-Matrix-animation-input"><float_array id="mixamorig7_Hips-Matrix-animation-input-array" count="22">

0.000000 0.033333 0.066667 0.100000 0.133333 0.166667 0.200000 0.233333 0.266667 0.300000 0.333333 0.366667 0.400000 0.433333 0.466667 0.500000
0.533333 0.566667 0.600000 0.633333 0.666667 0.700000</float_array><technique_common><accessor source="#mixamorig7_Hips-Matrix-animation-input-array" count="22"><param name="TIME" type="float"/></accessor></technique_common></source><source id="mixamorig7_Hips-Matrix-animation-output-transform"><float_array id="mixamorig7_Hips-Matrix-animation-output-transform-array" count="352">

0.982859 0.168440 -0.074943 0.273626 -0.178640 0.970599 -0.161326 89.646301 0.045566 0.171949 0.984052 0.832594 0.000000 0.000000 0.000000 1.000000
0.985912 0.124980 -0.111164 0.291356 -0.145624 0.968316 -0.202874 91.492722 0.082287 0.216204 0.972874 13.296785 0.000000 0.000000 0.000000 1.000000
0.988608 0.061551 -0.137354 0.457681 -0.092958 0.967406 -0.235550 93.634888 0.118379 0.245634 0.962107 25.577185 0.000000 0.000000 0.000000 1.000000
0.991892 0.000962 -0.127082 0.766227 -0.035674 0.961873 -0.271161 95.385330 0.121976 0.273496 0.954108 37.747673 0.000000 0.000000 0.000000 1.000000
0.996313 -0.026227 -0.081685 0.970351 0.000760 0.954787 -0.297291 96.742485 0.085789 0.296133 0.951286 49.804554 0.000000 0.000000 0.000000 1.000000
0.999498 -0.011879 -0.029378 0.855060 0.002840 0.956927 -0.290315 97.464012 0.031562 0.290085 0.956480 61.627907 0.000000 0.000000 0.000000 1.000000
0.999704 0.019571 0.014434 0.610918 -0.015410 0.969003 -0.246568 96.607079 -0.018812 0.246273 0.969018 73.287003 0.000000 0.000000 0.000000 1.000000
0.997683 0.030207 0.060963 0.679835 -0.017852 0.980866 -0.193863 94.278404 -0.065652 0.192326 0.979133 84.992424 0.000000 0.000000 0.000000 1.000000
0.992842 0.004751 0.119340 1.183140 0.014864 0.986525 -0.162931 91.720261 -0.118506 0.163539 0.979393 96.873703 0.000000 0.000000 0.000000 1.000000
0.984789 -0.034867 0.170217 1.884002 0.062439 0.985234 -0.159423 89.509491 -0.162145 0.167626 0.972425 108.854919 0.000000 0.000000 0.000000 1.000000
0.981386 -0.053472 0.184452 2.489156 0.086135 0.980990 -0.173896 88.833221 -0.171647 0.186547 0.967335 120.917061 0.000000 0.000000 0.000000 1.000000
0.986576 -0.033319 0.159867 2.826744 0.063869 0.979712 -0.189961 89.676689 -0.150295 0.197622 0.968688 133.026031 0.000000 0.000000 0.000000 1.000000
0.993096 0.018763 0.115796 2.806771 0.004524 0.980266 -0.197631 92.601486 -0.117219 0.196790 0.973413 145.088715 0.000000 0.000000 0.000000 1.000000
0.994999 0.076883 0.063766 2.484536 -0.062205 0.976436 -0.206647 95.808800 -0.078151 0.201647 0.976335 157.124451 0.000000 0.000000 0.000000 1.000000
0.993459 0.114014 0.006322 2.127800 -0.109823 0.969166 -0.220583 97.665993 -0.031276 0.218446 0.975348 169.153366 0.000000 0.000000 0.000000 1.000000
0.992204 0.117414 -0.041777 1.947920 -0.123759 0.967741 -0.219455 97.500534 0.014663 0.222914 0.974728 181.060791 0.000000 0.000000 0.000000 1.000000
0.992871 0.101409 -0.062637 1.863369 -0.111454 0.976152 -0.186294 95.892189 0.042251 0.191947 0.980495 192.766800 0.000000 0.000000 0.000000 1.000000
0.993520 0.094521 -0.063124 1.514213 -0.102415 0.985329 -0.136520 93.812157 0.049294 0.142101 0.988624 204.457718 0.000000 0.000000 0.000000 1.000000
0.990868 0.116873 -0.067241 0.768557 -0.123556 0.986686 -0.105754 91.569061 0.053986 0.113096 0.992116 216.216919 0.000000 0.000000 0.000000 1.000000
0.984879 0.153092 -0.081092 0.045827 -0.161320 0.981071 -0.107121 89.734932 0.063158 0.118583 0.990933 228.193253 0.000000 0.000000 0.000000 1.000000
0.980643 0.175481 -0.086864 -0.168665 -0.185728 0.974113 -0.128875 88.949242 0.062000 0.142513 0.987849 240.357071 0.000000 0.000000 0.000000 1.000000
0.982859 0.168440 -0.074943 0.273626 -0.178640 0.970599 -0.161326 89.646309 0.045566 0.171949 0.984052 252.787018 0.000000 0.000000 0.000000 1.000000</float_array><technique_common><accessor source="#mixamorig7_Hips-Matrix-animation-output-transform-array" count="22" stride="16"><param type="float4x4"/></accessor></technique_common></source><source id="mixamorig7_Hips-Interpolations"><Name_array id="mixamorig7_Hips-Interpolations-array" count="22">
 LINEAR LINEAR LINEAR LINEAR LINEAR LINEAR LINEAR LINEAR LINEAR LINEAR LINEAR
LINEAR LINEAR LINEAR LINEAR LINEAR LINEAR LINEAR LINEAR LINEAR LINEAR LINEAR</Name_array><technique_common><accessor source="#mixamorig7_Hips-Interpolations-array" count="22"><param type="name"/></accessor></technique_common></source><sampler id="mixamorig7_Hips-Matrix-animation-transform"><input semantic="INPUT" source="#mixamorig7_Hips-Matrix-animation-input"/><input semantic="OUTPUT" source="#mixamorig7_Hips-Matrix-animation-output-transform"/><input semantic="INTERPOLATION" source="#mixamorig7_Hips-Interpolations"/></sampler><channel source="#mixamorig7_Hips-Matrix-animation-transform" target="mixamorig7_Hips/matrix"/></animation>
    <animation id="mixamorig7_Spine-anim" name="mixamorig7_Spine"><source id="mixamorig7_Spine-Matrix-animation-input"><float_array id="mixamorig7_Spine-Matrix-animation-input-array" count="22">

0.000000 0.033333 0.066667 0.100000 0.133333 0.166667 0.200000 0.233333 0.266667 0.300000 0.333333 0.366667 0.400000 0.433333 0.466667 0.500000
0.533333 0.566667 0.600000 0.633333 0.666667 0.700000</float_array><technique_common><accessor source="#mixamorig7_Spine-Matrix-animation-input-array" count="22"><param name="TIME" type="float"/></accessor></technique_common></source><source id="mixamorig7_Spine-Matrix-animation-output-transform"><float_array id="mixamorig7_Spine-Matrix-animation-output-transform-array" count="352">

0.991462 -0.121388 0.047615 0.000000 0.117547 0.990114 0.076536 9.694400 -0.056435 -0.070285 0.995929 -1.109700 0.000000 0.000000 0.000000 1.000000
0.993191 -0.095886 0.066156 0.000000 0.088980 0.990957 0.100434 9.694400 -0.075188 -0.093864 0.992742 -1.109700 0.000000 0.000000 0.000000 1.000000
0.993780 -0.059846 0.093917 -0.000000 0.048980 0.992271 0.114012 9.694400 -0.100014 -0.108703 0.989030 -1.109700 0.000000 0.000000 0.000000 1.000000
0.992484 -0.028118 0.119097 -0.000000 0.013476 0.992438 0.122006 9.694400 -0.121627 -0.119484 0.985358 -1.109700 0.000000 0.000000 0.000000 1.000000
0.991140 -0.016241 0.131824 0.000000 -0.000490 0.992042 0.125906 9.694400 -0.132820 -0.124855 0.983245 -1.109700 0.000000 0.000000 0.000000 1.000000
0.991344 -0.023091 0.129246 0.000000 0.007597 0.992852 0.119112 9.694400 -0.131072 -0.117099 0.984433 -1.109700 0.000000 0.000000 0.000000 1.000000
0.993020 -0.036276 0.112231 0.000000 0.025159 0.994776 0.098932 9.694400 -0.115233 -0.095418 0.988745 -1.109700 0.000000 0.000000 0.000000 1.000000
0.995470 -0.041478 0.085557 -0.000000 0.034972 0.996480 0.076188 9.694400 -0.088416 -0.072850 0.993416 -1.109700 0.000000 0.000000 0.000000 1.000000
0.997585 -0.034337 0.060369 0.000000 0.030284 0.997306 0.066807 9.694400 -0.062501 -0.064817 0.995938 -1.109700 0.000000 0.000000 0.000000 1.000000
0.998483 -0.022430 0.050275 0.000000 0.018597 0.996976 0.075454 9.694400 -0.051816 -0.074405 0.995881 -1.109700 0.000000 0.000000 0.000000 1.000000
0.998328 -0.019487 0.054411 0.000000 0.014237 0.995350 0.095263 9.694400 -0.056014 -0.094330 0.993964 -1.109700 0.000000 0.000000 0.000000 1.000000
0.997800 -0.037286 0.054814 0.000000 0.030988 0.993274 0.111566 9.694400 -0.058605 -0.109622 0.992244 -1.109700 0.000000 0.000000 0.000000 1.000000
0.996510 -0.072135 0.041993 0.000000 0.066976 0.991282 0.113463 9.694400 -0.049811 -0.110255 0.992654 -1.109700 0.000000 0.000000 0.000000 1.000000
0.994236 -0.104109 0.025604 0.000000 0.100863 0.989259 0.105798 9.694400 -0.036343 -0.102606 0.994058 -1.109700 0.000000 0.000000 0.000000 1.000000
0.992717 -0.119355 0.016318 0.000000 0.117227 0.988324 0.097334 9.694400 -0.027745 -0.094712 0.995118 -1.109700 0.000000 0.000000 0.000000 1.000000
0.992884 -0.118147 0.014951 0.000000 0.116470 0.989549 0.085017 9.694400 -0.024840 -0.082670 0.996267 -1.109700 0.000000 0.000000 0.000000 1.000000
0.993666 -0.110583 0.019961 0.000000 0.109149 0.992060 0.062477 9.694400 -0.026711 -0.059903 0.997847 -1.109700 0.000000 0.000000 0.000000 1.000000
0.994099 -0.103398 0.032807 0.000000 0.102179 0.994082 0.036893 9.694400 -0.036428 -0.033323 0.998781 -1.109700 0.000000 0.000000 0.000000 1.000000
0.993529 -0.101753 0.050467 0.000000 0.100592 0.994613 0.025039 9.694400 -0.052743 -0.019801 0.998412 -1.109700 0.000000 0.000000 0.000000 1.000000
0.992462 -0.106065 0.061390 0.000000 0.104217 0.994021 0.032573 9.694400 -0.064478 -0.025929 0.997582 -1.109700 0.000000 0.000000 0.000000 1.000000
0.991572 -0.116070 0.057561 0.000000 0.113113 0.992209 0.052221 9.694400 -0.063173 -0.045270 0.996975 -1.109700 0.000000 0.000000 0.000000 1.000000
0.991462 -0.121388 0.047615 0.000000 0.117547 0.990114 0.076536 9.694400 -0.056435 -0.070285 0.995929 -1.109700 0.000000 0.000000 0.000000 1.000000</float_array><technique_common><accessor source="#mixamorig7_Spine-Matrix-animation-output-transform-array" count="22" stride="16"><param type="float4x4"/></accessor></technique_common></source><source id="mixamorig7_Spine-Interpolations"><Name_array id="mixamorig7_Spine-Interpolations-array" count="22">
 LINEAR LINEAR LINEAR LINEAR LINEAR LINEAR LINEAR LINEAR LINEAR LINEAR LINEAR
LINEAR LINEAR LINEAR LINEAR LINEAR LINEAR LINEAR LINEAR LINEAR LINEAR LINEAR</Name_array><technique_common><accessor source="#mixamorig7_Spine-Interpolations-array" count="22"><param type="name"/></accessor></technique_common></source><sampler id="mixamorig7_Spine-Matrix-animation-transform"><input semantic="INPUT" source="#mixamorig7_Spine-Matrix-animation-input"/><input semantic="OUTPUT" source="#mixamorig7_Spine-Matrix-animation-output-transform"/><input semantic="INTERPOLATION" source="#mixamorig7_Spine-Interpolations"/></sampler><channel source="#mixamorig7_Spine-Matrix-animation-transform" target="mixamorig7_Spine/matrix"/></animation>
    <animation id="mixamorig7_Spine1-anim" name="mixamorig7_Spine1"><source id="mixamorig7_Spine1-Matrix-animation-input"><float_array id="mixamorig7_Spine1-Matrix-animation-input-array" count="22">

0.000000 0.033333 0.066667 0.100000 0.133333 0.166667 0.200000 0.233333 0.266667 0.300000 0.333333 0.366667 0.400000 0.433333 0.466667 0.500000
0.533333 0.566667 0.600000 0.633333 0.666667 0.700000</float_array><technique_common><accessor source="#mixamorig7_Spine1-Matrix-animation-input-array" count="22"><param name="TIME" type="float"/></accessor></technique_common></source><source id="mixamorig7_Spine1-Matrix-animation-output-transform"><float_array id="mixamorig7_Spine1-Matrix-animation-output-transform-array" count="352">

0.999644 -0.023405 -0.012816 -0.000000 0.021330 0.989460 -0.143228 11.384000 0.016033 0.142903 0.989607 0.000000 0.000000 0.000000 0.000000 1.000000
0.999589 0.007891 0.027563 -0.000000 -0.004734 0.993609 -0.112779 11.384000 -0.028277 0.112602 0.993238 0.000000 0.000000 0.000000 0.000000 1.000000
0.995751 0.045212 0.080223 -0.000000 -0.038022 0.995305 -0.089003 11.384000 -0.083871 0.085574 0.992795 0.000000 0.000000 0.000000 0.000000 1.000000
0.988886 0.079693 0.125516 0.000000 -0.071479 0.995077 -0.068651 11.384000 -0.130370 0.058916 0.989713 0.000000 0.000000 0.000000 0.000000 1.000000
0.983787 0.099168 0.149427 0.000000 -0.091817 0.994237 -0.055330 11.384000 -0.154053 0.040713 0.987223 0.000000 0.000000 0.000000 0.000000 1.000000
0.983887 0.095604 0.151083 0.000000 -0.087695 0.994447 -0.058184 11.384000 -0.155806 0.043997 0.986807 -0.000000 0.000000 0.000000 0.000000 1.000000
0.987819 0.076636 0.135429 0.000000 -0.066239 0.994617 -0.079685 11.384000 -0.140807 0.069744 0.987577 -0.000000 0.000000 0.000000 0.000000 1.000000
0.992353 0.064618 0.105170 0.000000 -0.053171 0.992703 -0.108226 11.384000 -0.111396 0.101806 0.988548 0.000000 0.000000 0.000000 0.000000 1.000000
0.995101 0.072883 0.066800 0.000000 -0.063904 0.989727 -0.127891 11.384000 -0.075435 0.122996 0.989536 0.000000 0.000000 0.000000 0.000000 1.000000
0.995296 0.090134 0.035523 -0.000000 -0.084677 0.987483 -0.133070 11.384000 -0.047073 0.129436 0.990470 0.000000 0.000000 0.000000 0.000000 1.000000
0.995476 0.093330 0.017788 0.000000 -0.090371 0.987918 -0.125904 11.384000 -0.029324 0.123727 0.991883 -0.000000 0.000000 0.000000 0.000000 1.000000
0.997512 0.070496 -0.000339 0.000000 -0.070062 0.990820 -0.115613 11.384000 -0.007814 0.115349 0.993294 -0.000000 0.000000 0.000000 0.000000 1.000000
0.999084 0.028591 -0.031831 0.000000 -0.032033 0.993025 -0.113471 11.384000 0.028364 0.114387 0.993031 0.000000 0.000000 0.000000 0.000000 1.000000
0.997538 -0.013925 -0.068728 -0.000000 0.005814 0.993133 -0.116844 11.384000 0.069883 0.116157 0.990769 0.000000 0.000000 0.000000 0.000000 1.000000
0.994606 -0.041415 -0.095100 0.000000 0.030050 0.992563 -0.117967 11.384000 0.099279 0.114473 0.988453 0.000000 0.000000 0.000000 0.000000 1.000000
0.993301 -0.046514 -0.105784 0.000000 0.033384 0.991886 -0.122668 11.384000 0.110631 0.118315 0.986794 -0.000000 0.000000 0.000000 0.000000 1.000000
0.994054 -0.032660 -0.103872 0.000000 0.017799 0.989863 -0.140904 11.384000 0.107421 0.138217 0.984559 0.000000 0.000000 0.000000 0.000000 1.000000
0.995859 -0.017917 -0.089127 0.000000 0.002813 0.985991 -0.166775 11.384000 0.090866 0.165834 0.981958 -0.000000 0.000000 0.000000 0.000000 1.000000
0.997960 -0.018556 -0.061093 0.000000 0.007097 0.983146 -0.182682 11.384000 0.063454 0.181876 0.981272 0.000000 0.000000 0.000000 0.000000 1.000000
0.999065 -0.028673 -0.032357 -0.000000 0.022342 0.983159 -0.181381 11.384000 0.037013 0.180488 0.982880 0.000000 0.000000 0.000000 0.000000 1.000000
0.999333 -0.032211 -0.017210 0.000000 0.028871 0.985385 -0.167877 11.384000 0.022366 0.167268 0.985658 0.000000 0.000000 0.000000 0.000000 1.000000
0.999644 -0.023405 -0.012816 0.000000 0.021330 0.989460 -0.143228 11.384000 0.016033 0.142903 0.989607 -0.000000 0.000000 0.000000 0.000000 1.000000</float_array><technique_common><accessor source="#mixamorig7_Spine1-Matrix-animation-output-transform-array" count="22" stride="16"><param type="float4x4"/></accessor></technique_common></source><source id="mixamorig7_Spine1-Interpolations"><Name_array id="mixamorig7_Spine1-Interpolations-array" count="22">
 LINEAR LINEAR LINEAR LINEAR LINEAR LINEAR LINEAR LINEAR LINEAR LINEAR LINEAR
LINEAR LINEAR LINEAR LINEAR LINEAR LINEAR LINEAR LINEAR LINEAR LINEAR LINEAR</Name_array><technique_common><accessor source="#mixamorig7_Spine1-Interpolations-array" count="22"><param type="name"/></accessor></technique_common></source><sampler id="mixamorig7_Spine1-Matrix-animation-transform"><input semantic="INPUT" source="#mixamorig7_Spine1-Matrix-animation-input"/><input semantic="OUTPUT" source="#mixamorig7_Spine1-Matrix-animation-output-transform"/><input semantic="INTERPOLATION" source="#mixamorig7_Spine1-Interpolations"/></sampler><channel source="#mixamorig7_Spine1-Matrix-animation-transform" target="mixamorig7_Spine1/matrix"/></animation>
    <animation id="mixamorig7_Spine2-anim" name="mixamorig7_Spine2"><source id="mixamorig7_Spine2-Matrix-animation-input"><float_array id="mixamorig7_Spine2-Matrix-animation-input-array" count="22">

0.000000 0.033333 0.066667 0.100000 0.133333 0.166667 0.200000 0.233333 0.266667 0.300000 0.333333 0.366667 0.400000 0.433333 0.466667 0.500000
0.533333 0.566667 0.600000 0.633333 0.666667 0.700000</float_array><technique_common><accessor source="#mixamorig7_Spine2-Matrix-animation-input-array" count="22"><param name="TIME" type="float"/></accessor></technique_common></source><source id="mixamorig7_Spine2-Matrix-animation-output-transform"><float_array id="mixamorig7_Spine2-Matrix-animation-output-transform-array" count="352">

0.994735 -0.099556 -0.024308 -0.000000 0.096949 0.991060 -0.091652 13.010300 0.033215 0.088813 0.995494 -0.000000 0.000000 0.000000 0.000000 1.000000
0.997275 -0.071859 0.016724 0.000000 0.072728 0.995607 -0.058975 13.010300 -0.012413 0.060030 0.998119 0.000000 0.000000 0.000000 0.000000 1.000000
0.996797 -0.038131 0.070302 0.000000 0.040548 0.998623 -0.033279 13.010300 -0.068936 0.036023 0.996970 0.000000 0.000000 0.000000 0.000000 1.000000
0.993142 -0.005957 0.116764 0.000000 0.007373 0.999904 -0.011704 13.010300 -0.116683 0.012485 0.993091 0.000000 0.000000 0.000000 0.000000 1.000000
0.989823 0.012602 0.141744 0.000000 -0.013020 0.999913 0.002019 13.010300 -0.141707 -0.003844 0.989901 -0.000000 0.000000 0.000000 0.000000 1.000000
0.989568 0.008601 0.143809 0.000000 -0.008601 0.999963 -0.000619 13.010300 -0.143809 -0.000624 0.989605 0.000000 0.000000 0.000000 0.000000 1.000000
0.991696 -0.010677 0.128157 -0.000000 0.013591 0.999668 -0.021888 13.010300 -0.127881 0.023448 0.991512 0.000000 0.000000 0.000000 0.000000 1.000000
0.994898 -0.021768 0.098512 0.000000 0.026892 0.998337 -0.050994 13.010300 -0.097238 0.053383 0.993828 0.000000 0.000000 0.000000 0.000000 1.000000
0.998044 -0.010720 0.061590 -0.000000 0.015141 0.997306 -0.071769 13.010300 -0.060655 0.072561 0.995518 0.000000 0.000000 0.000000 0.000000 1.000000
0.999466 0.009387 0.031314 0.000000 -0.006928 0.996951 -0.077727 13.010300 -0.031948 0.077469 0.996483 -0.000000 0.000000 0.000000 0.000000 1.000000
0.999816 0.014328 0.012783 0.000000 -0.013385 0.997384 -0.071036 13.010300 -0.013767 0.070852 0.997392 0.000000 0.000000 0.000000 0.000000 1.000000
0.999950 -0.007030 -0.007152 0.000000 0.006575 0.998074 -0.061681 13.010300 0.007572 0.061631 0.998070 0.000000 0.000000 0.000000 0.000000 1.000000
0.998090 -0.046761 -0.040361 -0.000000 0.044219 0.997113 -0.061731 13.010300 0.043131 0.059829 0.997276 0.000000 0.000000 0.000000 0.000000 1.000000
0.993106 -0.086445 -0.079170 0.000000 0.081136 0.994382 -0.067985 13.010300 0.084602 0.061093 0.994540 0.000000 0.000000 0.000000 0.000000 1.000000
0.987943 -0.111582 -0.107318 -0.000000 0.104293 0.991988 -0.071297 13.010300 0.114414 0.059245 0.991665 -0.000000 0.000000 0.000000 0.000000 1.000000
0.986237 -0.115237 -0.118559 0.000000 0.106616 0.991339 -0.076677 13.010300 0.126368 0.062982 0.989982 0.000000 0.000000 0.000000 0.000000 1.000000
0.988199 -0.100376 -0.115702 0.000000 0.089705 0.991521 -0.094022 13.010300 0.124159 0.082533 0.988824 0.000000 0.000000 0.000000 0.000000 1.000000
0.991336 -0.085669 -0.099570 0.000000 0.073672 0.990219 -0.118483 13.010300 0.108747 0.110121 0.987951 0.000000 0.000000 0.000000 0.000000 1.000000
0.993507 -0.088623 -0.071343 0.000000 0.078562 0.987968 -0.133222 13.010300 0.082291 0.126752 0.988515 0.000000 0.000000 0.000000 0.000000 1.000000
0.993832 -0.101976 -0.043568 0.000000 0.095511 0.986776 -0.130963 13.010300 0.056347 0.125994 0.990429 -0.000000 0.000000 0.000000 0.000000 1.000000
0.993786 -0.107479 -0.028943 0.000000 0.103425 0.987756 -0.116795 13.010300 0.041142 0.113076 0.992734 -0.000000 0.000000 0.000000 0.000000 1.000000
0.994735 -0.099556 -0.024308 0.000000 0.096949 0.991060 -0.091652 13.010300 0.033215 0.088813 0.995494 0.000000 0.000000 0.000000 0.000000 1.000000</float_array><technique_common><accessor source="#mixamorig7_Spine2-Matrix-animation-output-transform-array" count="22" stride="16"><param type="float4x4"/></accessor></technique_common></source><source id="mixamorig7_Spine2-Interpolations"><Name_array id="mixamorig7_Spine2-Interpolations-array" count="22">
 LINEAR LINEAR LINEAR LINEAR LINEAR LINEAR LINEAR LINEAR LINEAR LINEAR LINEAR
LINEAR LINEAR LINEAR LINEAR LINEAR LINEAR LINEAR LINEAR LINEAR LINEAR LINEAR</Name_array><technique_common><accessor source="#mixamorig7_Spine2-Interpolations-array" count="22"><param type="name"/></accessor></technique_common></source><sampler id="mixamorig7_Spine2-Matrix-animation-transform"><input semantic="INPUT" source="#mixamorig7_Spine2-Matrix-animation-input"/><input semantic="OUTPUT" source="#mixamorig7_Spine2-Matrix-animation-output-transform"/><input semantic="INTERPOLATION" source="#mixamorig7_Spine2-Interpolations"/></sampler><channel source="#mixamorig7_Spine2-Matrix-animation-transform" target="mixamorig7_Spine2/matrix"/></animation>
    <animation id="mixamorig7_Neck-anim" name="mixamorig7_Neck"><source id="mixamorig7_Neck-Matrix-animation-input"><float_array id="mixamorig7_Neck-Matrix-animation-input-array" count="22">

0.000000 0.033333 0.066667 0.100000 0.133333 0.166667 0.200000 0.233333 0.266667 0.300000 0.333333 0.366667 0.400000 0.433333 0.466667 0.500000
0.533333 0.566667 0.600000 0.633333 0.666667 0.700000</float_array><technique_common><accessor source="#mixamorig7_Neck-Matrix-animation-input-array" count="22"><param name="TIME" type="float"/></accessor></technique_common></source><source id="mixamorig7_Neck-Matrix-animation-output-transform"><float_array id="mixamorig7_Neck-Matrix-animation-output-transform-array" count="352">

0.997365 0.068509 0.023869 -0.000000 -0.069967 0.995308 0.066836 14.636600 -0.019178 -0.068330 0.997478 0.000000 0.000000 0.000000 0.000000 1.000000
0.998514 0.054305 0.004513 0.000000 -0.054164 0.998164 -0.027092 14.636600 -0.005976 0.026807 0.999623 0.000000 0.000000 0.000000 0.000000 1.000000
0.999221 0.035713 -0.016802 -0.000000 -0.036955 0.996061 -0.080606 14.636600 0.013857 0.081164 0.996604 0.000000 0.000000 0.000000 0.000000 1.000000
0.999094 0.019588 -0.037789 -0.000000 -0.022984 0.995527 -0.091638 14.636600 0.035825 0.092424 0.995075 0.000000 0.000000 0.000000 0.000000 1.000000
0.998498 0.018324 -0.051639 0.000000 -0.023655 0.994235 -0.104579 14.636600 0.049425 0.105644 0.993175 0.000000 0.000000 0.000000 0.000000 1.000000
0.998090 0.027048 -0.055536 0.000000 -0.032586 0.994315 -0.101369 14.636600 0.052479 0.102985 0.993298 0.000000 0.000000 0.000000 0.000000 1.000000
0.998170 0.036479 -0.048220 0.000000 -0.036222 0.999325 0.006186 14.636600 0.048413 -0.004428 0.998818 0.000000 0.000000 0.000000 0.000000 1.000000
0.998696 0.032017 -0.039773 0.000000 -0.031790 0.999474 0.006338 14.636600 0.039955 -0.005065 0.999189 0.000000 0.000000 0.000000 0.000000 1.000000
0.999223 0.000880 -0.039407 0.000000 -0.000791 0.999997 0.002262 14.636600 0.039409 -0.002229 0.999221 0.000000 0.000000 0.000000 0.000000 1.000000
0.998979 -0.024130 -0.038189 0.000000 0.023620 0.999626 -0.013758 14.636600 0.038507 0.012842 0.999176 0.000000 0.000000 0.000000 0.000000 1.000000
0.999273 -0.020695 -0.032008 0.000000 0.018243 0.997010 -0.075086 14.636600 0.033467 0.074448 0.996663 -0.000000 0.000000 0.000000 0.000000 1.000000
0.999713 0.011399 -0.021075 0.000000 -0.013982 0.991829 -0.126807 14.636600 0.019458 0.127065 0.991704 0.000000 0.000000 0.000000 0.000000 1.000000
0.999027 0.043515 -0.007144 -0.000000 -0.044097 0.985599 -0.163248 14.636600 -0.000062 0.163404 0.986559 -0.000000 0.000000 0.000000 0.000000 1.000000
0.999330 0.036489 0.002754 0.000000 -0.035455 0.984127 -0.173888 14.636600 -0.009055 0.173674 0.984762 0.000000 0.000000 0.000000 0.000000 1.000000
0.999721 0.018508 0.014671 0.000000 -0.015697 0.984839 -0.172761 14.636600 -0.017646 0.172482 0.984855 0.000000 0.000000 0.000000 0.000000 1.000000
0.998593 0.040633 0.034081 0.000000 -0.036619 0.993132 -0.111124 14.636600 -0.038363 0.109720 0.993222 0.000000 0.000000 0.000000 0.000000 1.000000
0.997117 0.057603 0.049383 0.000000 -0.056907 0.998261 -0.015394 14.636600 -0.050184 0.012539 0.998661 0.000000 0.000000 0.000000 0.000000 1.000000
0.997291 0.056094 0.047573 0.000000 -0.059024 0.996291 0.062608 14.636600 -0.043885 -0.065247 0.996904 0.000000 0.000000 0.000000 0.000000 1.000000
0.997789 0.053464 0.039492 0.000000 -0.057690 0.991686 0.115024 14.636600 -0.033014 -0.117048 0.992577 0.000000 0.000000 0.000000 0.000000 1.000000
0.997562 0.059034 0.037220 0.000000 -0.063695 0.988114 0.139908 14.636600 -0.028518 -0.141938 0.989465 0.000000 0.000000 0.000000 0.000000 1.000000
0.997090 0.069565 0.031167 0.000000 -0.073081 0.988644 0.131308 14.636600 -0.021678 -0.133204 0.990852 0.000000 0.000000 0.000000 0.000000 1.000000
0.997365 0.068509 0.023869 0.000000 -0.069967 0.995308 0.066837 14.636600 -0.019178 -0.068331 0.997478 -0.000000 0.000000 0.000000 0.000000 1.000000</float_array><technique_common><accessor source="#mixamorig7_Neck-Matrix-animation-output-transform-array" count="22" stride="16"><param type="float4x4"/></accessor></technique_common></source><source id="mixamorig7_Neck-Interpolations"><Name_array id="mixamorig7_Neck-Interpolations-array" count="22">
 LINEAR LINEAR LINEAR LINEAR LINEAR LINEAR LINEAR LINEAR LINEAR LINEAR LINEAR
LINEAR LINEAR LINEAR LINEAR LINEAR LINEAR LINEAR LINEAR LINEAR LINEAR LINEAR</Name_array><technique_common><accessor source="#mixamorig7_Neck-Interpolations-array" count="22"><param type="name"/></accessor></technique_common></source><sampler id="mixamorig7_Neck-Matrix-animation-transform"><input semantic="INPUT" source="#mixamorig7_Neck-Matrix-animation-input"/><input semantic="OUTPUT" source="#mixamorig7_Neck-Matrix-animation-output-transform"/><input semantic="INTERPOLATION" source="#mixamorig7_Neck-Interpolations"/></sampler><channel source="#mixamorig7_Neck-Matrix-animation-transform" target="mixamorig7_Neck/matrix"/></animation>
    <animation id="mixamorig7_Head-anim" name="mixamorig7_Head"><source id="mixamorig7_Head-Matrix-animation-input"><float_array id="mixamorig7_Head-Matrix-animation-input-array" count="22">

0.000000 0.033333 0.066667 0.100000 0.133333 0.166667 0.200000 0.233333 0.266667 0.300000 0.333333 0.366667 0.400000 0.433333 0.466667 0.500000
0.533333 0.566667 0.600000 0.633333 0.666667 0.700000</float_array><technique_common><accessor source="#mixamorig7_Head-Matrix-animation-input-array" count="22"><param name="TIME" type="float"/></accessor></technique_common></source><source id="mixamorig7_Head-Matrix-animation-output-transform"><float_array id="mixamorig7_Head-Matrix-animation-output-transform-array" count="352">

0.999893 0.013438 0.005803 0.000000 -0.013716 0.998611 0.050875 6.944300 -0.005111 -0.050949 0.998688 1.982500 0.000000 0.000000 0.000000 1.000000
0.999885 0.013887 -0.006037 0.000000 -0.013644 0.999163 0.038556 6.944300 0.006567 -0.038470 0.999238 1.982500 0.000000 0.000000 0.000000 1.000000
0.999642 0.010362 -0.024663 0.000000 -0.010026 0.999856 0.013689 6.944300 0.024801 -0.013437 0.999602 1.982500 0.000000 0.000000 0.000000 1.000000
0.998887 0.009138 -0.046271 -0.000000 -0.008851 0.999940 0.006405 6.944300 0.046326 -0.005989 0.998908 1.982500 0.000000 0.000000 0.000000 1.000000
0.997897 0.012414 -0.063623 0.000000 -0.012846 0.999897 -0.006376 6.944300 0.063537 0.007180 0.997954 1.982500 0.000000 0.000000 0.000000 1.000000
0.997155 0.020688 -0.072479 0.000000 -0.027648 0.994961 -0.096380 6.944300 0.070119 0.098110 0.992702 1.982500 0.000000 0.000000 0.000000 1.000000
0.997154 0.011817 -0.074456 0.000000 -0.033746 0.953131 -0.300671 6.944300 0.067413 0.302328 0.950817 1.982500 0.000000 0.000000 0.000000 1.000000
0.997236 -0.022333 -0.070862 -0.000000 0.011903 0.989459 -0.144325 6.944300 0.073339 0.143082 0.986990 1.982500 0.000000 0.000000 0.000000 1.000000
0.997769 -0.017568 -0.064403 -0.000000 0.015528 0.999366 -0.032029 6.944300 0.064925 0.030958 0.997410 1.982500 0.000000 0.000000 0.000000 1.000000
0.998371 -0.001190 -0.057039 -0.000000 0.001831 0.999936 0.011193 6.944300 0.057022 -0.011279 0.998309 1.982500 0.000000 0.000000 0.000000 1.000000
0.998676 0.008690 -0.050695 0.000000 -0.009127 0.999923 -0.008396 6.944300 0.050618 0.008848 0.998679 1.982500 0.000000 0.000000 0.000000 1.000000
0.998786 0.032957 -0.036616 0.000000 -0.033661 0.999257 -0.018769 6.944300 0.035970 0.019979 0.999153 1.982500 0.000000 0.000000 0.000000 1.000000
0.994369 0.105783 -0.006378 0.000000 -0.105908 0.994080 -0.024257 6.944300 0.003774 0.024796 0.999685 1.982500 0.000000 0.000000 0.000000 1.000000
0.968315 0.244687 0.049942 0.000000 -0.247187 0.967563 0.052163 6.944300 -0.035558 -0.062855 0.997389 1.982500 0.000000 0.000000 0.000000 1.000000
0.933572 0.337247 0.121274 -0.000000 -0.355985 0.911738 0.204961 6.944300 -0.041448 -0.234518 0.971228 1.982500 0.000000 0.000000 0.000000 1.000000
0.946328 0.294592 0.132962 0.000000 -0.320467 0.908693 0.267539 6.944300 -0.042007 -0.295790 0.954329 1.982500 0.000000 0.000000 0.000000 1.000000
0.970158 0.218451 0.105226 0.000000 -0.237160 0.945243 0.224212 6.944300 -0.050484 -0.242476 0.968843 1.982500 0.000000 0.000000 0.000000 1.000000
0.985477 0.153147 0.073360 -0.000000 -0.163394 0.972822 0.164075 6.944300 -0.046238 -0.173679 0.983716 1.982500 0.000000 0.000000 0.000000 1.000000
0.993983 0.099591 0.045596 0.000000 -0.104558 0.986745 0.124104 6.944300 -0.032632 -0.128125 0.991221 1.982500 0.000000 0.000000 0.000000 1.000000
0.997866 0.058613 0.028790 0.000000 -0.061302 0.992722 0.103663 6.944300 -0.022505 -0.105207 0.994196 1.982500 0.000000 0.000000 0.000000 1.000000
0.999467 0.029655 0.013635 0.000000 -0.030600 0.996687 0.075359 6.944300 -0.011355 -0.075736 0.997063 1.982500 0.000000 0.000000 0.000000 1.000000
0.999893 0.013438 0.005803 0.000000 -0.013716 0.998611 0.050876 6.944300 -0.005111 -0.050950 0.998688 1.982500 0.000000 0.000000 0.000000 1.000000</float_array><technique_common><accessor source="#mixamorig7_Head-Matrix-animation-output-transform-array" count="22" stride="16"><param type="float4x4"/></accessor></technique_common></source><source id="mixamorig7_Head-Interpolations"><Name_array id="mixamorig7_Head-Interpolations-array" count="22">
 LINEAR LINEAR LINEAR LINEAR LINEAR LINEAR LINEAR LINEAR LINEAR LINEAR LINEAR
LINEAR LINEAR LINEAR LINEAR LINEAR LINEAR LINEAR LINEAR LINEAR LINEAR LINEAR</Name_array><technique_common><accessor source="#mixamorig7_Head-Interpolations-array" count="22"><param type="name"/></accessor></technique_common></source><sampler id="mixamorig7_Head-Matrix-animation-transform"><input semantic="INPUT" source="#mixamorig7_Head-Matrix-animation-input"/><input semantic="OUTPUT" source="#mixamorig7_Head-Matrix-animation-output-transform"/><input semantic="INTERPOLATION" source="#mixamorig7_Head-Interpolations"/></sampler><channel source="#mixamorig7_Head-Matrix-animation-transform" target="mixamorig7_Head/matrix"/></animation>
    <animation id="mixamorig7_LeftShoulder-anim" name="mixamorig7_LeftShoulder"><source id="mixamorig7_LeftShoulder-Matrix-animation-input"><float_array id="mixamorig7_LeftShoulder-Matrix-animation-input-array" count="22">

0.000000 0.033333 0.066667 0.100000 0.133333 0.166667 0.200000 0.233333 0.266667 0.300000 0.333333 0.366667 0.400000 0.433333 0.466667 0.500000
0.533333 0.566667 0.600000 0.633333 0.666667 0.700000</float_array><technique_common><accessor source="#mixamorig7_LeftShoulder-Matrix-animation-input-array" count="22"><param name="TIME" type="float"/></accessor></technique_common></source><source id="mixamorig7_LeftShoulder-Matrix-animation-output-transform"><float_array id="mixamorig7_LeftShoulder-Matrix-animation-output-transform-array" count="352">

0.120103 0.862083 -0.492329 6.681300 -0.023109 -0.493357 -0.869520 12.887600 -0.992492 0.115809 -0.039332 -0.157300 0.000000 0.000000 0.000000 1.000000
0.067082 0.894705 -0.441591 6.681300 -0.027239 -0.440781 -0.897201 12.887600 -0.997376 0.072215 -0.005198 -0.157300 0.000000 0.000000 0.000000 1.000000
0.045127 0.918002 -0.393999 6.681300 -0.030262 -0.392963 -0.919056 12.887600 -0.998523 0.053397 0.010047 -0.157300 0.000000 0.000000 0.000000 1.000000
0.063635 0.921391 -0.383392 6.681300 -0.031053 -0.382157 -0.923576 12.887600 -0.997490 0.070678 0.004294 -0.157300 0.000000 0.000000 0.000000 1.000000
0.060802 0.911445 -0.406904 6.681300 -0.028367 -0.405915 -0.913470 12.887600 -0.997747 0.067083 0.001174 -0.157300 0.000000 0.000000 0.000000 1.000000
0.050558 0.905009 -0.422377 6.681300 -0.026055 -0.421578 -0.906418 12.887600 -0.998381 0.056831 0.002266 -0.157300 0.000000 0.000000 0.000000 1.000000
0.071834 0.903660 -0.422184 6.681300 -0.026275 -0.421416 -0.906487 12.887600 -0.997070 0.076209 -0.006529 -0.157300 0.000000 0.000000 0.000000 1.000000
0.067353 0.880733 -0.468799 6.681300 -0.021490 -0.468477 -0.883214 12.887600 -0.997498 0.069562 -0.012626 -0.157300 0.000000 0.000000 0.000000 1.000000
0.059565 0.857886 -0.510376 6.681300 -0.016525 -0.510366 -0.859798 12.887600 -0.998088 0.059648 -0.016224 -0.157300 0.000000 0.000000 0.000000 1.000000
0.096303 0.810206 -0.578180 6.681300 -0.013939 -0.579725 -0.814693 12.887600 -0.995254 0.086517 -0.044536 -0.157300 0.000000 0.000000 0.000000 1.000000
0.137420 0.775422 -0.616309 6.681300 -0.016698 -0.620310 -0.784179 12.887600 -0.990372 0.118053 -0.072295 -0.157300 0.000000 0.000000 0.000000 1.000000
0.209849 0.708568 -0.673717 6.681300 -0.027659 -0.684482 -0.728505 12.887600 -0.977342 0.171510 -0.124040 -0.157300 0.000000 0.000000 0.000000 1.000000
0.240733 0.699473 -0.672893 6.681300 -0.034043 -0.686770 -0.726078 12.887600 -0.969994 0.197698 -0.141516 -0.157300 0.000000 0.000000 0.000000 1.000000
0.227424 0.741084 -0.631722 6.681300 -0.030655 -0.642952 -0.765293 12.887600 -0.973313 0.193412 -0.123505 -0.157300 0.000000 0.000000 0.000000 1.000000
0.208037 0.777058 -0.594056 6.681300 -0.026978 -0.602554 -0.797622 12.887600 -0.977749 0.181961 -0.104390 -0.157300 0.000000 0.000000 0.000000 1.000000
0.188914 0.799588 -0.570062 6.681300 -0.023993 -0.576584 -0.816686 12.887600 -0.981700 0.167961 -0.089740 -0.157300 0.000000 0.000000 0.000000 1.000000
0.187848 0.786482 -0.588353 6.681300 -0.023396 -0.595263 -0.803190 12.887600 -0.981919 0.164643 -0.093418 -0.157300 0.000000 0.000000 0.000000 1.000000
0.199233 0.774907 -0.599855 6.681300 -0.024961 -0.607915 -0.793609 12.887600 -0.979634 0.173086 -0.101774 -0.157300 0.000000 0.000000 0.000000 1.000000
0.215607 0.795738 -0.565964 6.681300 -0.027069 -0.574503 -0.818055 12.887600 -0.976105 0.191698 -0.102327 -0.157300 0.000000 0.000000 0.000000 1.000000
0.212143 0.815460 -0.538535 6.681300 -0.025866 -0.546199 -0.837256 12.887600 -0.976896 0.191548 -0.094780 -0.157300 0.000000 0.000000 0.000000 1.000000
0.159592 0.825404 -0.541516 6.681300 -0.018229 -0.545989 -0.837594 12.887600 -0.987015 0.143544 -0.072089 -0.157300 0.000000 0.000000 0.000000 1.000000
0.120103 0.862084 -0.492328 6.681300 -0.023109 -0.493355 -0.869521 12.887600 -0.992492 0.115810 -0.039332 -0.157300 0.000000 0.000000 0.000000 1.000000</float_array><technique_common><accessor source="#mixamorig7_LeftShoulder-Matrix-animation-output-transform-array" count="22" stride="16"><param type="float4x4"/></accessor></technique_common></source><source id="mixamorig7_LeftShoulder-Interpolations"><Name_array id="mixamorig7_LeftShoulder-Interpolations-array" count="22">
 LINEAR LINEAR LINEAR LINEAR LINEAR LINEAR LINEAR LINEAR LINEAR LINEAR LINEAR
LINEAR LINEAR LINEAR LINEAR LINEAR LINEAR LINEAR LINEAR LINEAR LINEAR LINEAR</Name_array><technique_common><accessor source="#mixamorig7_LeftShoulder-Interpolations-array" count="22"><param type="name"/></accessor></technique_common></source><sampler id="mixamorig7_LeftShoulder-Matrix-animation-transform"><input semantic="INPUT" source="#mixamorig7_LeftShoulder-Matrix-animation-input"/><input semantic="OUTPUT" source="#mixamorig7_LeftShoulder-Matrix-animation-output-transform"/><input semantic="INTERPOLATION" source="#mixamorig7_LeftShoulder-Interpolations"/></sampler><channel source="#mixamorig7_LeftShoulder-Matrix-animation-transform" target="mixamorig7_LeftShoulder/matrix"/></animation>
    <animation id="mixamorig7_LeftArm-anim" name="mixamorig7_LeftArm"><source id="mixamorig7_LeftArm-Matrix-animation-input"><float_array id="mixamorig7_LeftArm-Matrix-animation-input-array" count="22">

0.000000 0.033333 0.066667 0.100000 0.133333 0.166667 0.200000 0.233333 0.266667 0.300000 0.333333 0.366667 0.400000 0.433333 0.466667 0.500000
0.533333 0.566667 0.600000 0.633333 0.666667 0.700000</float_array><technique_common><accessor source="#mixamorig7_LeftArm-Matrix-animation-input-array" count="22"><param name="TIME" type="float"/></accessor></technique_common></source><source id="mixamorig7_LeftArm-Matrix-animation-output-transform"><float_array id="mixamorig7_LeftArm-Matrix-animation-output-transform-array" count="352">

0.809808 0.585856 -0.031378 -0.000000 -0.432559 0.560068 -0.706553 14.016100 -0.396364 0.585744 0.706965 0.000000 0.000000 0.000000 0.000000 1.000000
0.780028 0.620270 0.082596 0.000000 -0.395332 0.590810 -0.703318 14.016100 -0.485045 0.515954 0.706061 0.000000 0.000000 0.000000 0.000000 1.000000
0.723224 0.663068 0.193099 0.000000 -0.407040 0.635138 -0.656443 14.016100 -0.557912 0.396156 0.729243 0.000000 0.000000 0.000000 0.000000 1.000000
0.660199 0.702843 0.264855 0.000000 -0.482350 0.667047 -0.567791 14.016100 -0.575739 0.247102 0.779400 -0.000000 0.000000 0.000000 0.000000 1.000000
0.651367 0.693284 0.308347 -0.000000 -0.534920 0.707792 -0.461401 14.016100 -0.538127 0.135601 0.831884 0.000000 0.000000 0.000000 0.000000 1.000000
0.705737 0.647996 0.286420 0.000000 -0.511347 0.745709 -0.427132 14.016100 -0.490366 0.154983 0.857626 0.000000 0.000000 0.000000 0.000000 1.000000
0.759753 0.616919 0.205395 0.000000 -0.476940 0.743456 -0.468829 14.016100 -0.441931 0.258233 0.859076 0.000000 0.000000 0.000000 0.000000 1.000000
0.835682 0.527339 0.153456 0.000000 -0.408818 0.783863 -0.467361 14.016100 -0.366746 0.327830 0.870646 0.000000 0.000000 0.000000 0.000000 1.000000
0.918475 0.374429 0.127303 0.000000 -0.276910 0.838698 -0.468941 14.016100 -0.282354 0.395459 0.874007 0.000000 0.000000 0.000000 0.000000 1.000000
0.976528 0.193452 0.094703 0.000000 -0.133604 0.888918 -0.438150 14.016100 -0.168944 0.415213 0.893899 0.000000 0.000000 0.000000 0.000000 1.000000
0.997222 0.000118 0.074491 0.000000 0.034278 0.887107 -0.460289 14.016100 -0.066135 0.461563 0.884639 0.000000 0.000000 0.000000 0.000000 1.000000
0.991868 -0.126735 0.011652 0.000000 0.117730 0.878891 -0.462267 14.016100 0.048345 0.459879 0.886664 0.000000 0.000000 0.000000 0.000000 1.000000
0.976915 -0.208954 -0.044439 0.000000 0.156284 0.840871 -0.518181 14.016100 0.145643 0.499274 0.854116 -0.000000 0.000000 0.000000 0.000000 1.000000
0.971402 -0.228354 -0.065066 0.000000 0.152209 0.809188 -0.567492 14.016100 0.182240 0.541359 0.820804 0.000000 0.000000 0.000000 0.000000 1.000000
0.972727 -0.213782 -0.089994 -0.000000 0.124773 0.809334 -0.573943 14.016100 0.195534 0.547061 0.813935 -0.000000 0.000000 0.000000 0.000000 1.000000
0.961005 -0.238868 -0.139326 0.000000 0.120639 0.815506 -0.566035 14.016100 0.248828 0.527155 0.812522 0.000000 0.000000 0.000000 0.000000 1.000000
0.936994 -0.285848 -0.200830 -0.000000 0.147741 0.845175 -0.513666 14.016100 0.316567 0.451631 0.834155 0.000000 0.000000 0.000000 0.000000 1.000000
0.936476 -0.275579 -0.216955 0.000000 0.137721 0.857822 -0.495151 14.016100 0.322562 0.433817 0.841283 0.000000 0.000000 0.000000 0.000000 1.000000
0.978119 -0.124434 -0.166730 -0.000000 0.008823 0.825503 -0.564328 14.016100 0.207858 0.550509 0.808539 0.000000 0.000000 0.000000 0.000000 1.000000
0.984394 0.147397 -0.096138 0.000000 -0.174338 0.742391 -0.646886 14.016100 -0.023977 0.653552 0.756502 0.000000 0.000000 0.000000 0.000000 1.000000
0.915823 0.399363 -0.042168 0.000000 -0.319884 0.661993 -0.677820 14.016100 -0.242781 0.634252 0.734018 0.000000 0.000000 0.000000 0.000000 1.000000
