<?xml version="1.0" encoding="utf-8"?>
<COLLADA xmlns="http://www.collada.org/2005/11/COLLADASchema" version="1.4.1">
  <asset><contributor><author>Mixamo</author><authoring_tool>COLLADA Mixamo exporter</authoring_tool><comments></comments></contributor><created>2020-02-25T10:21:56Z</created><modified>2020-02-25T10:21:56Z</modified><revision></revision><title></title><unit meter="0.010000"/><up_axis>Y_UP</up_axis></asset>
  <library_animations>
    <animation id="mixamorig7_Hips-anim" name="mixamorig7_Hips"><source id="mixamorig7_Hips-Matrix-animation-input"><float_array id="mixamorig7_Hips-Matrix-animation-input-array" count="36">

0.000000 0.033333 0.066667 0.100000 0.133333 0.166667 0.200000 0.233333 0.266667 0.300000 0.333333 0.366667 0.400000 0.433333 0.466667 0.500000
0.533333 0.566667 0.600000 0.633333 0.666667 0.700000 0.733333 0.766667 0.800000 0.833333 0.866667 0.900000 0.933333 0.966667 1.000000 1.033333
1.066667 1.100000 1.133333 1.166667</float_array><technique_common><accessor source="#mixamorig7_Hips-Matrix-animation-input-array" count="36"><param name="TIME" type="float"/></accessor></technique_common></source><source id="mixamorig7_Hips-Matrix-animation-output-transform"><float_array id="mixamorig7_Hips-Matrix-animation-output-transform-array" count="576">

0.999208 0.038944 -0.008142 0.841425 -0.031035 0.890993 0.452956 59.869225 0.024894 -0.452344 0.891496 -23.762985 0.000000 0.000000 0.000000 1.000000
0.999173 0.039892 -0.007854 0.837425 -0.032024 0.891196 0.452486 59.856674 0.025050 -0.451860 0.891737 -23.681824 0.000000 0.000000 0.000000 1.000000
0.999175 0.040016 -0.006898 0.842930 -0.032553 0.890915 0.453001 59.827919 0.024273 -0.452403 0.891483 -23.657967 0.000000 0.000000 0.000000 1.000000
0.999225 0.039017 -0.005278 0.853521 -0.032355 0.890104 0.454608 59.806198 0.022435 -0.454085 0.890676 -23.709818 0.000000 0.000000 0.000000 1.000000
0.999266 0.038102 -0.003926 0.865131 -0.032115 0.889265 0.456264 59.806698 0.020876 -0.455803 0.889836 -23.793194 0.000000 0.000000 0.000000 1.000000
0.999291 0.037516 -0.003225 0.875580 -0.031886 0.888668 0.457440 59.822418 0.020028 -0.457013 0.889234 -23.882088 0.000000 0.000000 0.000000 1.000000
0.999298 0.037315 -0.003266 0.885003 -0.031674 0.888326 0.458119 59.844730 0.019996 -0.457694 0.888885 -23.942446 0.000000 0.000000 0.000000 1.000000
0.999280 0.037709 -0.004108 0.896882 -0.031626 0.888054 0.458651 59.847168 0.020943 -0.458191 0.888607 -23.932783 0.000000 0.000000 0.000000 1.000000
0.999261 0.038069 -0.005315 0.904596 -0.031378 0.887743 0.459269 59.831718 0.022203 -0.458763 0.888281 -23.860113 0.000000 0.000000 0.000000 1.000000
0.999251 0.038202 -0.006211 0.902443 -0.031073 0.887521 0.459717 59.803631 0.023075 -0.459180 0.888044 -23.754320 0.000000 0.000000 0.000000 1.000000
0.999259 0.037981 -0.006243 0.889309 -0.030868 0.887648 0.459487 59.774200 0.022993 -0.458953 0.888163 -23.659657 0.000000 0.000000 0.000000 1.000000
0.999272 0.037713 -0.005702 0.874479 -0.030899 0.888078 0.458652 59.745346 0.022361 -0.458142 0.888598 -23.603800 0.000000 0.000000 0.000000 1.000000
0.999290 0.037303 -0.005265 0.863105 -0.030752 0.888425 0.457990 59.727268 0.021762 -0.457503 0.888942 -23.605328 0.000000 0.000000 0.000000 1.000000
0.999306 0.036881 -0.005290 0.856048 -0.030364 0.888426 0.458015 59.725208 0.021592 -0.457536 0.888929 -23.664780 0.000000 0.000000 0.000000 1.000000
0.999311 0.036721 -0.005463 0.851859 -0.030133 0.888233 0.458403 59.739697 0.021686 -0.457923 0.888727 -23.760063 0.000000 0.000000 0.000000 1.000000
0.999306 0.036871 -0.005371 0.847711 -0.030307 0.888185 0.458486 59.764969 0.021675 -0.458005 0.888685 -23.844585 0.000000 0.000000 0.000000 1.000000
0.999286 0.037424 -0.005213 0.843866 -0.030883 0.888431 0.457969 59.778221 0.021770 -0.457481 0.888953 -23.865566 0.000000 0.000000 0.000000 1.000000
0.999266 0.037922 -0.005381 0.837364 -0.031273 0.888911 0.457011 59.773045 0.022114 -0.456507 0.889445 -23.819609 0.000000 0.000000 0.000000 1.000000
0.999258 0.038048 -0.005967 0.826392 -0.031148 0.889519 0.455836 59.753384 0.022651 -0.455312 0.890044 -23.737284 0.000000 0.000000 0.000000 1.000000
0.999256 0.037987 -0.006643 0.813631 -0.030817 0.890159 0.454607 59.728443 0.023182 -0.454064 0.890667 -23.658810 0.000000 0.000000 0.000000 1.000000
0.999238 0.038359 -0.007187 0.807163 -0.030926 0.890616 0.453704 59.709503 0.023805 -0.453136 0.891124 -23.615767 0.000000 0.000000 0.000000 1.000000
0.999201 0.039231 -0.007603 0.810452 -0.031515 0.890607 0.453681 59.703087 0.024569 -0.453079 0.891132 -23.619144 0.000000 0.000000 0.000000 1.000000
0.999181 0.039708 -0.007736 0.814626 -0.031855 0.890131 0.454590 59.714069 0.024937 -0.453972 0.890667 -23.667572 0.000000 0.000000 0.000000 1.000000
0.999190 0.039548 -0.007495 0.811867 -0.031790 0.889556 0.455719 59.737068 0.024690 -0.455111 0.890092 -23.739328 0.000000 0.000000 0.000000 1.000000
0.999210 0.039125 -0.006996 0.800542 -0.031625 0.889260 0.456308 59.764236 0.024074 -0.455726 0.889794 -23.798098 0.000000 0.000000 0.000000 1.000000
0.999210 0.039167 -0.006684 0.789766 -0.031806 0.889276 0.456264 59.775841 0.023815 -0.455691 0.889819 -23.801098 0.000000 0.000000 0.000000 1.000000
0.999201 0.039376 -0.006796 0.784854 -0.031950 0.889444 0.455926 59.776047 0.023998 -0.455345 0.889992 -23.750973 0.000000 0.000000 0.000000 1.000000
0.999205 0.039193 -0.007296 0.786556 -0.031575 0.889747 0.455361 59.769547 0.024339 -0.454768 0.890277 -23.674955 0.000000 0.000000 0.000000 1.000000
0.999220 0.038668 -0.007966 0.794564 -0.030831 0.890307 0.454316 59.764938 0.024660 -0.453717 0.890805 -23.612206 0.000000 0.000000 0.000000 1.000000
0.999236 0.038144 -0.008516 0.806547 -0.030152 0.891021 0.452959 59.762020 0.024865 -0.452357 0.891490 -23.584055 0.000000 0.000000 0.000000 1.000000
0.999228 0.038273 -0.008908 0.823132 -0.030117 0.891507 0.452006 59.750862 0.025241 -0.451388 0.891971 -23.584478 0.000000 0.000000 0.000000 1.000000
0.999210 0.038695 -0.009071 0.838681 -0.030423 0.891540 0.451920 59.748108 0.025575 -0.451287 0.892012 -23.621418 0.000000 0.000000 0.000000 1.000000
0.999214 0.038631 -0.008927 0.846136 -0.030412 0.891220 0.452550 59.786701 0.025438 -0.451923 0.891694 -23.716820 0.000000 0.000000 0.000000 1.000000
0.999236 0.038107 -0.008631 0.848199 -0.030057 0.890822 0.453358 59.836266 0.024965 -0.452752 0.891287 -23.817978 0.000000 0.000000 0.000000 1.000000
0.999246 0.037918 -0.008319 0.845830 -0.030025 0.890752 0.453497 59.854042 0.024605 -0.452905 0.891219 -23.825832 0.000000 0.000000 0.000000 1.000000
0.999204 0.039047 -0.008208 0.842159 -0.031098 0.890988 0.452961 59.865356 0.025000 -0.452345 0.891493 -23.761421 0.000000 0.000000 0.000000 1.000000</float_array><technique_common><accessor source="#mixamorig7_Hips-Matrix-animation-output-transform-array" count="36" stride="16"><param type="float4x4"/></accessor></technique_common></source><source id="mixamorig7_Hips-Interpolations"><Name_array id="mixamorig7_Hips-Interpolations-array" count="36">
 LINEAR LINEAR LINEAR LINEAR LINEAR LINEAR LINEAR LINEAR LINEAR LINEAR LINEAR
LINEAR LINEAR LINEAR LINEAR LINEAR LINEAR LINEAR LINEAR LINEAR LINEAR LINEAR LINEAR
LINEAR LINEAR LINEAR LINEAR LINEAR LINEAR LINEAR LINEAR LINEAR LINEAR LINEAR LINEAR
LINEAR</Name_array><technique_common><accessor source="#mixamorig7_Hips-Interpolations-array" count="36"><param type="name"/></accessor></technique_common></source><sampler id="mixamorig7_Hips-Matrix-animation-transform"><input semantic="INPUT" source="#mixamorig7_Hips-Matrix-animation-input"/><input semantic="OUTPUT" source="#mixamorig7_Hips-Matrix-animation-output-transform"/><input semantic="INTERPOLATION" source="#mixamorig7_Hips-Interpolations"/></sampler><channel source="#mixamorig7_Hips-Matrix-animation-transform" target="mixamorig7_Hips/matrix"/></animation>
    <animation id="mixamorig7_Spine-anim" name="mixamorig7_Spine"><source id="mixamorig7_Spine-Matrix-animation-input"><float_array id="mixamorig7_Spine-Matrix-animation-input-array" count="36">

0.000000 0.033333 0.066667 0.100000 0.133333 0.166667 0.200000 0.233333 0.266667 0.300000 0.333333 0.366667 0.400000 0.433333 0.466667 0.500000
0.533333 0.566667 0.600000 0.633333 0.666667 0.700000 0.733333 0.766667 0.800000 0.833333 0.866667 0.900000 0.933333 0.966667 1.000000 1.033333
1.066667 1.100000 1.133333 1.166667</float_array><technique_common><accessor source="#mixamorig7_Spine-Matrix-animation-input-array" count="36"><param name="TIME" type="float"/></accessor></technique_common></source><source id="mixamorig7_Spine-Matrix-animation-output-transform"><float_array id="mixamorig7_Spine-Matrix-animation-output-transform-array" count="576">

0.999541 -0.029698 0.005990 0.000000 0.029272 0.895698 -0.443698 9.694400 0.007811 0.443670 0.896156 -1.109700 0.000000 0.000000 0.000000 1.000000
0.999433 -0.033045 0.006471 0.000000 0.032480 0.895384 -0.444109 9.694400 0.008881 0.444067 0.895949 -1.109700 0.000000 0.000000 0.000000 1.000000
0.999338 -0.035742 0.006851 0.000000 0.035054 0.894775 -0.445139 9.694400 0.009780 0.445084 0.895435 -1.109700 0.000000 0.000000 0.000000 1.000000
0.999281 -0.037325 0.006663 0.000000 0.036373 0.894091 -0.446406 9.694400 0.010705 0.446327 0.894806 -1.109700 0.000000 0.000000 0.000000 1.000000
0.999258 -0.038032 0.006116 0.000000 0.036744 0.893394 -0.447769 9.694400 0.011566 0.447662 0.894128 -1.109700 0.000000 0.000000 0.000000 1.000000
0.999262 -0.038030 0.005395 0.000000 0.036400 0.892712 -0.449154 9.694400 0.012265 0.449019 0.893438 -1.109700 0.000000 0.000000 0.000000 1.000000
0.999285 -0.037517 0.004643 -0.000000 0.035585 0.892061 -0.450512 9.694400 0.012760 0.450355 0.892758 -1.109700 0.000000 0.000000 0.000000 1.000000
0.999311 -0.036881 0.004169 0.000000 0.034784 0.891407 -0.451867 9.694400 0.012949 0.451701 0.892076 -1.109700 0.000000 0.000000 0.000000 1.000000
0.999349 -0.035895 0.003689 -0.000000 0.033667 0.890750 -0.453246 9.694400 0.012983 0.453075 0.891378 -1.109700 0.000000 0.000000 0.000000 1.000000
0.999393 -0.034682 0.003238 -0.000000 0.032362 0.890099 -0.454618 9.694400 0.012884 0.454447 0.890681 -1.109700 0.000000 0.000000 0.000000 1.000000
0.999436 -0.033442 0.002899 0.000000 0.031085 0.889486 -0.455905 9.694400 0.012668 0.455738 0.890024 -1.109700 0.000000 0.000000 0.000000 1.000000
0.999463 -0.032622 0.002950 0.000000 0.030364 0.888962 -0.456973 9.694400 0.012285 0.456817 0.889476 -1.109700 0.000000 0.000000 0.000000 1.000000
0.999480 -0.032107 0.003115 0.000000 0.029972 0.888620 -0.457663 9.694400 0.011926 0.457518 0.889120 -1.109700 0.000000 0.000000 0.000000 1.000000
0.999491 -0.031738 0.003109 0.000000 0.029638 0.888529 -0.457863 9.694400 0.011769 0.457722 0.889017 -1.109700 0.000000 0.000000 0.000000 1.000000
0.999500 -0.031487 0.002887 0.000000 0.029318 0.888696 -0.457559 9.694400 0.011842 0.457415 0.889175 -1.109700 0.000000 0.000000 0.000000 1.000000
0.999506 -0.031313 0.002509 0.000000 0.029000 0.889060 -0.456870 9.694400 0.012075 0.456718 0.889530 -1.109700 0.000000 0.000000 0.000000 1.000000
0.999507 -0.031301 0.002244 0.000000 0.028880 0.889502 -0.456017 9.694400 0.012278 0.455857 0.889968 -1.109700 0.000000 0.000000 0.000000 1.000000
0.999512 -0.031157 0.002016 0.000000 0.028659 0.889920 -0.455215 9.694400 0.012389 0.455051 0.890379 -1.109700 0.000000 0.000000 0.000000 1.000000
0.999529 -0.030648 0.001783 0.000000 0.028108 0.890256 -0.454592 9.694400 0.012345 0.454428 0.890698 -1.109700 0.000000 0.000000 0.000000 1.000000
0.999554 -0.029824 0.001705 0.000000 0.027345 0.890499 -0.454163 9.694400 0.012027 0.454007 0.890917 -1.109700 0.000000 0.000000 0.000000 1.000000
0.999574 -0.029116 0.002210 -0.000000 0.026948 0.890678 -0.453835 9.694400 0.011246 0.453701 0.891083 -1.109700 0.000000 0.000000 0.000000 1.000000
0.999580 -0.028780 0.003445 0.000000 0.027213 0.890870 -0.453443 9.694400 0.009981 0.453346 0.891279 -1.109700 0.000000 0.000000 0.000000 1.000000
0.999584 -0.028446 0.004837 0.000000 0.027552 0.891154 -0.452863 9.694400 0.008571 0.452808 0.891567 -1.109700 0.000000 0.000000 0.000000 1.000000
0.999591 -0.027963 0.005998 0.000000 0.027653 0.891535 -0.452106 9.694400 0.007295 0.452087 0.891944 -1.109700 0.000000 0.000000 0.000000 1.000000
0.999605 -0.027289 0.006740 0.000000 0.027394 0.891953 -0.451297 9.694400 0.006304 0.451304 0.892348 -1.109700 0.000000 0.000000 0.000000 1.000000
0.999618 -0.026658 0.007270 0.000000 0.027074 0.892327 -0.450577 9.694400 0.005524 0.450602 0.892708 -1.109700 0.000000 0.000000 0.000000 1.000000
0.999637 -0.025889 0.007464 -0.000000 0.026478 0.892616 -0.450039 9.694400 0.004989 0.450073 0.892978 -1.109700 0.000000 0.000000 0.000000 1.000000
0.999664 -0.024891 0.007294 0.000000 0.025511 0.892817 -0.449697 9.694400 0.004681 0.449732 0.893152 -1.109700 0.000000 0.000000 0.000000 1.000000
0.999689 -0.023933 0.007046 0.000000 0.024545 0.892942 -0.449502 9.694400 0.004467 0.449535 0.893251 -1.109700 0.000000 0.000000 0.000000 1.000000
0.999707 -0.023216 0.006912 0.000000 0.023846 0.893036 -0.449353 9.694400 0.004259 0.449386 0.893328 -1.109700 0.000000 0.000000 0.000000 1.000000
0.999707 -0.023105 0.007167 -0.000000 0.023863 0.893166 -0.449094 9.694400 0.003976 0.449134 0.893456 -1.109700 0.000000 0.000000 0.000000 1.000000
0.999699 -0.023402 0.007417 -0.000000 0.024242 0.893415 -0.448577 9.694400 0.003871 0.448622 0.893713 -1.109700 0.000000 0.000000 0.000000 1.000000
0.999688 -0.023950 0.007105 0.000000 0.024596 0.893874 -0.447642 9.694400 0.004370 0.447677 0.894185 -1.109700 0.000000 0.000000 0.000000 1.000000
0.999667 -0.024982 0.006485 0.000000 0.025248 0.894419 -0.446517 9.694400 0.005355 0.446532 0.894752 -1.109700 0.000000 0.000000 0.000000 1.000000
0.999626 -0.026710 0.005945 0.000000 0.026560 0.894826 -0.445625 9.694400 0.006583 0.445616 0.895200 -1.109700 0.000000 0.000000 0.000000 1.000000
0.999538 -0.029764 0.006100 0.000000 0.029372 0.895262 -0.444570 9.694400 0.007771 0.444544 0.895723 -1.109700 0.000000 0.000000 0.000000 1.000000</float_array><technique_common><accessor source="#mixamorig7_Spine-Matrix-animation-output-transform-array" count="36" stride="16"><param type="float4x4"/></accessor></technique_common></source><source id="mixamorig7_Spine-Interpolations"><Name_array id="mixamorig7_Spine-Interpolations-array" count="36">
 LINEAR LINEAR LINEAR LINEAR LINEAR LINEAR LINEAR LINEAR LINEAR LINEAR LINEAR
LINEAR LINEAR LINEAR LINEAR LINEAR LINEAR LINEAR LINEAR LINEAR LINEAR LINEAR LINEAR
LINEAR LINEAR LINEAR LINEAR LINEAR LINEAR LINEAR LINEAR LINEAR LINEAR LINEAR LINEAR
LINEAR</Name_array><technique_common><accessor source="#mixamorig7_Spine-Interpolations-array" count="36"><param type="name"/></accessor></technique_common></source><sampler id="mixamorig7_Spine-Matrix-animation-transform"><input semantic="INPUT" source="#mixamorig7_Spine-Matrix-animation-input"/><input semantic="OUTPUT" source="#mixamorig7_Spine-Matrix-animation-output-transform"/><input semantic="INTERPOLATION" source="#mixamorig7_Spine-Interpolations"/></sampler><channel source="#mixamorig7_Spine-Matrix-animation-transform" target="mixamorig7_Spine/matrix"/></animation>
    <animation id="mixamorig7_Spine1-anim" name="mixamorig7_Spine1"><source id="mixamorig7_Spine1-Matrix-animation-input"><float_array id="mixamorig7_Spine1-Matrix-animation-input-array" count="36">

0.000000 0.033333 0.066667 0.100000 0.133333 0.166667 0.200000 0.233333 0.266667 0.300000 0.333333 0.366667 0.400000 0.433333 0.466667 0.500000
0.533333 0.566667 0.600000 0.633333 0.666667 0.700000 0.733333 0.766667 0.800000 0.833333 0.866667 0.900000 0.933333 0.966667 1.000000 1.033333
1.066667 1.100000 1.133333 1.166667</float_array><technique_common><accessor source="#mixamorig7_Spine1-Matrix-animation-input-array" count="36"><param name="TIME" type="float"/></accessor></technique_common></source><source id="mixamorig7_Spine1-Matrix-animation-output-transform"><float_array id="mixamorig7_Spine1-Matrix-animation-output-transform-array" count="576">

0.999738 -0.022214 -0.005557 -0.000000 0.022080 0.999490 -0.023063 11.384000 0.006066 0.022934 0.999719 0.000000 0.000000 0.000000 0.000000 1.000000
0.999828 -0.017940 -0.004744 0.000000 0.017841 0.999637 -0.020183 11.384000 0.005104 0.020095 0.999785 0.000000 0.000000 0.000000 0.000000 1.000000
0.999880 -0.014881 -0.004206 -0.000000 0.014803 0.999728 -0.018028 11.384000 0.004473 0.017964 0.999829 0.000000 0.000000 0.000000 0.000000 1.000000
0.999905 -0.013184 -0.003959 0.000000 0.013118 0.999782 -0.016244 11.384000 0.004172 0.016190 0.999860 0.000000 0.000000 0.000000 0.000000 1.000000
0.999912 -0.012645 -0.003961 0.000000 0.012585 0.999812 -0.014737 11.384000 0.004146 0.014686 0.999884 0.000000 0.000000 0.000000 0.000000 1.000000
0.999908 -0.012953 -0.004145 0.000000 0.012896 0.999826 -0.013479 11.384000 0.004319 0.013425 0.999901 0.000000 0.000000 0.000000 0.000000 1.000000
0.999895 -0.013786 -0.004437 0.000000 0.013730 0.999828 -0.012451 11.384000 0.004608 0.012389 0.999913 0.000000 0.000000 0.000000 0.000000 1.000000
0.999878 -0.014868 -0.004770 -0.000000 0.014812 0.999822 -0.011699 11.384000 0.004944 0.011627 0.999920 -0.000000 0.000000 0.000000 0.000000 1.000000
0.999859 -0.015996 -0.005093 -0.000000 0.015938 0.999810 -0.011257 11.384000 0.005272 0.011174 0.999924 -0.000000 0.000000 0.000000 0.000000 1.000000
0.999841 -0.017026 -0.005371 0.000000 0.016965 0.999794 -0.011104 11.384000 0.005559 0.011011 0.999924 0.000000 0.000000 0.000000 0.000000 1.000000
0.999825 -0.017858 -0.005588 0.000000 0.017795 0.999779 -0.011181 11.384000 0.005786 0.011079 0.999922 0.000000 0.000000 0.000000 0.000000 1.000000
0.999813 -0.018452 -0.005741 -0.000000 0.018386 0.999766 -0.011383 11.384000 0.005949 0.011276 0.999919 0.000000 0.000000 0.000000 0.000000 1.000000
0.999806 -0.018825 -0.005840 -0.000000 0.018756 0.999757 -0.011586 11.384000 0.006057 0.011475 0.999916 0.000000 0.000000 0.000000 0.000000 1.000000
0.999802 -0.019025 -0.005904 -0.000000 0.018955 0.999752 -0.011702 11.384000 0.006125 0.011588 0.999914 0.000000 0.000000 0.000000 0.000000 1.000000
0.999800 -0.019117 -0.005947 0.000000 0.019046 0.999750 -0.011729 11.384000 0.006170 0.011614 0.999914 0.000000 0.000000 0.000000 0.000000 1.000000
0.999798 -0.019185 -0.005985 0.000000 0.019113 0.999748 -0.011768 11.384000 0.006209 0.011651 0.999913 -0.000000 0.000000 0.000000 0.000000 1.000000
0.999795 -0.019341 -0.006034 -0.000000 0.019268 0.999742 -0.011990 11.384000 0.006264 0.011871 0.999910 0.000000 0.000000 0.000000 0.000000 1.000000
0.999787 -0.019702 -0.006105 0.000000 0.019624 0.999729 -0.012540 11.384000 0.006350 0.012418 0.999903 0.000000 0.000000 0.000000 0.000000 1.000000
0.999774 -0.020351 -0.006206 -0.000000 0.020266 0.999704 -0.013468 11.384000 0.006479 0.013339 0.999890 -0.000000 0.000000 0.000000 0.000000 1.000000
0.999753 -0.021303 -0.006335 0.000000 0.021207 0.999667 -0.014725 11.384000 0.006647 0.014587 0.999872 0.000000 0.000000 0.000000 0.000000 1.000000
0.999726 -0.022498 -0.006480 0.000000 0.022391 0.999618 -0.016181 11.384000 0.006842 0.016031 0.999848 0.000000 0.000000 0.000000 0.000000 1.000000
0.999693 -0.023854 -0.006627 0.000000 0.023733 0.999562 -0.017659 11.384000 0.007045 0.017496 0.999822 0.000000 0.000000 0.000000 0.000000 1.000000
0.999657 -0.025299 -0.006763 -0.000000 0.025166 0.999502 -0.019045 11.384000 0.007242 0.018868 0.999796 0.000000 0.000000 0.000000 0.000000 1.000000
0.999618 -0.026773 -0.006881 0.000000 0.026628 0.999438 -0.020359 11.384000 0.007422 0.020168 0.999769 0.000000 0.000000 0.000000 0.000000 1.000000
0.999578 -0.028213 -0.006973 -0.000000 0.028056 0.999370 -0.021716 11.384000 0.007582 0.021512 0.999740 -0.000000 0.000000 0.000000 0.000000 1.000000
0.999539 -0.029548 -0.007041 0.000000 0.029377 0.999299 -0.023225 11.384000 0.007722 0.023008 0.999705 0.000000 0.000000 0.000000 0.000000 1.000000
0.999503 -0.030723 -0.007092 -0.000000 0.030538 0.999223 -0.024900 11.384000 0.007851 0.024671 0.999665 0.000000 0.000000 0.000000 0.000000 1.000000
0.999471 -0.031721 -0.007143 -0.000000 0.031521 0.999148 -0.026648 11.384000 0.007982 0.026409 0.999619 -0.000000 0.000000 0.000000 0.000000 1.000000
0.999445 -0.032524 -0.007205 0.000000 0.032308 0.999077 -0.028301 11.384000 0.008118 0.028052 0.999573 0.000000 0.000000 0.000000 0.000000 1.000000
0.999427 -0.033066 -0.007275 -0.000000 0.032837 0.999021 -0.029630 11.384000 0.008247 0.029374 0.999534 0.000000 0.000000 0.000000 0.000000 1.000000
0.999421 -0.033228 -0.007330 -0.000000 0.032991 0.998994 -0.030372 11.384000 0.008332 0.030113 0.999512 0.000000 0.000000 0.000000 0.000000 1.000000
0.999434 -0.032843 -0.007326 0.000000 0.032607 0.999009 -0.030291 11.384000 0.008313 0.030035 0.999514 0.000000 0.000000 0.000000 0.000000 1.000000
0.999469 -0.031775 -0.007212 0.000000 0.031552 0.999076 -0.029186 11.384000 0.008132 0.028943 0.999548 0.000000 0.000000 0.000000 0.000000 1.000000
0.999534 -0.029733 -0.006907 -0.000000 0.029534 0.999190 -0.027321 11.384000 0.007714 0.027104 0.999603 0.000000 0.000000 0.000000 0.000000 1.000000
0.999629 -0.026477 -0.006344 -0.000000 0.026309 0.999336 -0.025225 11.384000 0.007008 0.025049 0.999662 0.000000 0.000000 0.000000 0.000000 1.000000
0.999738 -0.022219 -0.005557 -0.000000 0.022086 0.999495 -0.022858 11.384000 0.006062 0.022729 0.999723 0.000000 0.000000 0.000000 0.000000 1.000000</float_array><technique_common><accessor source="#mixamorig7_Spine1-Matrix-animation-output-transform-array" count="36" stride="16"><param type="float4x4"/></accessor></technique_common></source><source id="mixamorig7_Spine1-Interpolations"><Name_array id="mixamorig7_Spine1-Interpolations-array" count="36">
 LINEAR LINEAR LINEAR LINEAR LINEAR LINEAR LINEAR LINEAR LINEAR LINEAR LINEAR
LINEAR LINEAR LINEAR LINEAR LINEAR LINEAR LINEAR LINEAR LINEAR LINEAR LINEAR LINEAR
LINEAR LINEAR LINEAR LINEAR LINEAR LINEAR LINEAR LINEAR LINEAR LINEAR LINEAR LINEAR
LINEAR</Name_array><technique_common><accessor source="#mixamorig7_Spine1-Interpolations-array" count="36"><param type="name"/></accessor></technique_common></source><sampler id="mixamorig7_Spine1-Matrix-animation-transform"><input semantic="INPUT" source="#mixamorig7_Spine1-Matrix-animation-input"/><input semantic="OUTPUT" source="#mixamorig7_Spine1-Matrix-animation-output-transform"/><input semantic="INTERPOLATION" source="#mixamorig7_Spine1-Interpolations"/></sampler><channel source="#mixamorig7_Spine1-Matrix-animation-transform" target="mixamorig7_Spine1/matrix"/></animation>
    <animation id="mixamorig7_Spine2-anim" name="mixamorig7_Spine2"><source id="mixamorig7_Spine2-Matrix-animation-input"><float_array id="mixamorig7_Spine2-Matrix-animation-input-array" count="36">

0.000000 0.033333 0.066667 0.100000 0.133333 0.166667 0.200000 0.233333 0.266667 0.300000 0.333333 0.366667 0.400000 0.433333 0.466667 0.500000
0.533333 0.566667 0.600000 0.633333 0.666667 0.700000 0.733333 0.766667 0.800000 0.833333 0.866667 0.900000 0.933333 0.966667 1.000000 1.033333
1.066667 1.100000 1.133333 1.166667</float_array><technique_common><accessor source="#mixamorig7_Spine2-Matrix-animation-input-array" count="36"><param name="TIME" type="float"/></accessor></technique_common></source><source id="mixamorig7_Spine2-Matrix-animation-output-transform"><float_array id="mixamorig7_Spine2-Matrix-animation-output-transform-array" count="576">

0.999738 -0.022480 -0.004211 -0.000000 0.022377 0.999483 -0.023090 13.010300 0.004728 0.022989 0.999725 0.000000 0.000000 0.000000 0.000000 1.000000
0.999828 -0.018173 -0.003666 0.000000 0.018095 0.999632 -0.020201 13.010300 0.004032 0.020131 0.999789 0.000000 0.000000 0.000000 0.000000 1.000000
0.999881 -0.015094 -0.003318 0.000000 0.015032 0.999724 -0.018040 13.010300 0.003590 0.017988 0.999832 0.000000 0.000000 0.000000 0.000000 1.000000
0.999905 -0.013389 -0.003175 0.000000 0.013336 0.999779 -0.016252 13.010300 0.003392 0.016209 0.999863 -0.000000 0.000000 0.000000 0.000000 1.000000
0.999912 -0.012854 -0.003206 0.000000 0.012806 0.999809 -0.014744 13.010300 0.003395 0.014702 0.999886 0.000000 0.000000 0.000000 0.000000 1.000000
0.999908 -0.013176 -0.003364 0.000000 0.013130 0.999823 -0.013488 13.010300 0.003541 0.013442 0.999903 0.000000 0.000000 0.000000 0.000000 1.000000
0.999895 -0.014028 -0.003593 0.000000 0.013982 0.999825 -0.012462 13.010300 0.003768 0.012410 0.999916 0.000000 0.000000 0.000000 0.000000 1.000000
0.999878 -0.015131 -0.003848 0.000000 0.015085 0.999818 -0.011712 13.010300 0.004025 0.011653 0.999924 0.000000 0.000000 0.000000 0.000000 1.000000
0.999859 -0.016278 -0.004092 0.000000 0.016231 0.999805 -0.011273 13.010300 0.004275 0.011205 0.999928 0.000000 0.000000 0.000000 0.000000 1.000000
0.999841 -0.017324 -0.004302 -0.000000 0.017275 0.999789 -0.011124 13.010300 0.004493 0.011048 0.999929 0.000000 0.000000 0.000000 0.000000 1.000000
0.999825 -0.018169 -0.004465 0.000000 0.018118 0.999773 -0.011203 13.010300 0.004668 0.011120 0.999927 -0.000000 0.000000 0.000000 0.000000 1.000000
0.999813 -0.018771 -0.004581 -0.000000 0.018718 0.999760 -0.011408 13.010300 0.004794 0.011320 0.999924 -0.000000 0.000000 0.000000 0.000000 1.000000
0.999806 -0.019148 -0.004657 -0.000000 0.019093 0.999750 -0.011613 13.010300 0.004878 0.011521 0.999922 0.000000 0.000000 0.000000 0.000000 1.000000
0.999802 -0.019352 -0.004706 0.000000 0.019296 0.999745 -0.011729 13.010300 0.004932 0.011636 0.999920 0.000000 0.000000 0.000000 0.000000 1.000000
0.999800 -0.019447 -0.004740 0.000000 0.019390 0.999743 -0.011757 13.010300 0.004967 0.011663 0.999920 0.000000 0.000000 0.000000 0.000000 1.000000
0.999798 -0.019517 -0.004769 -0.000000 0.019460 0.999741 -0.011796 13.010300 0.004998 0.011701 0.999919 0.000000 0.000000 0.000000 0.000000 1.000000
0.999795 -0.019675 -0.004806 0.000000 0.019617 0.999735 -0.012019 13.010300 0.005041 0.011922 0.999916 0.000000 0.000000 0.000000 0.000000 1.000000
0.999787 -0.020038 -0.004857 -0.000000 0.019976 0.999721 -0.012571 13.010300 0.005108 0.012471 0.999909 -0.000000 0.000000 0.000000 0.000000 1.000000
0.999774 -0.020689 -0.004926 0.000000 0.020621 0.999696 -0.013500 13.010300 0.005204 0.013395 0.999897 0.000000 0.000000 0.000000 0.000000 1.000000
0.999753 -0.021642 -0.005007 0.000000 0.021566 0.999658 -0.014759 13.010300 0.005324 0.014647 0.999879 -0.000000 0.000000 0.000000 0.000000 1.000000
0.999726 -0.022839 -0.005086 0.000000 0.022753 0.999610 -0.016217 13.010300 0.005454 0.016097 0.999856 0.000000 0.000000 0.000000 0.000000 1.000000
0.999694 -0.024196 -0.005151 0.000000 0.024102 0.999553 -0.017696 13.010300 0.005577 0.017567 0.999830 0.000000 0.000000 0.000000 0.000000 1.000000
0.999658 -0.025644 -0.005194 0.000000 0.025541 0.999492 -0.019083 13.010300 0.005681 0.018944 0.999804 -0.000000 0.000000 0.000000 0.000000 1.000000
0.999619 -0.027120 -0.005215 0.000000 0.027009 0.999427 -0.020398 13.010300 0.005765 0.020249 0.999778 0.000000 0.000000 0.000000 0.000000 1.000000
0.999578 -0.028561 -0.005216 0.000000 0.028441 0.999359 -0.021756 13.010300 0.005834 0.021599 0.999750 -0.000000 0.000000 0.000000 0.000000 1.000000
0.999540 -0.029894 -0.005206 0.000000 0.029765 0.999286 -0.023266 13.010300 0.005897 0.023100 0.999716 -0.000000 0.000000 0.000000 0.000000 1.000000
0.999504 -0.031066 -0.005195 0.000000 0.030927 0.999210 -0.024941 13.010300 0.005966 0.024768 0.999675 -0.000000 0.000000 0.000000 0.000000 1.000000
0.999472 -0.032060 -0.005199 -0.000000 0.031910 0.999134 -0.026691 13.010300 0.006051 0.026511 0.999630 -0.000000 0.000000 0.000000 0.000000 1.000000
0.999446 -0.032859 -0.005228 -0.000000 0.032699 0.999063 -0.028345 13.010300 0.006155 0.028158 0.999585 0.000000 0.000000 0.000000 0.000000 1.000000
0.999428 -0.033400 -0.005278 0.000000 0.033229 0.999007 -0.029675 13.010300 0.006264 0.029483 0.999546 0.000000 0.000000 0.000000 0.000000 1.000000
0.999422 -0.033562 -0.005329 0.000000 0.033385 0.998980 -0.030417 13.010300 0.006344 0.030222 0.999523 0.000000 0.000000 0.000000 0.000000 1.000000
0.999435 -0.033176 -0.005343 0.000000 0.032999 0.998995 -0.030336 13.010300 0.006345 0.030142 0.999525 0.000000 0.000000 0.000000 0.000000 1.000000
0.999471 -0.032105 -0.005282 0.000000 0.031938 0.999062 -0.029228 13.010300 0.006215 0.029044 0.999559 0.000000 0.000000 0.000000 0.000000 1.000000
0.999535 -0.030053 -0.005090 -0.000000 0.029903 0.999178 -0.027359 13.010300 0.005908 0.027194 0.999613 0.000000 0.000000 0.000000 0.000000 1.000000
0.999630 -0.026775 -0.004726 0.000000 0.026648 0.999326 -0.025259 13.010300 0.005399 0.025123 0.999670 0.000000 0.000000 0.000000 0.000000 1.000000
0.999738 -0.022484 -0.004212 0.000000 0.022382 0.999488 -0.022884 13.010300 0.004724 0.022784 0.999729 0.000000 0.000000 0.000000 0.000000 1.000000</float_array><technique_common><accessor source="#mixamorig7_Spine2-Matrix-animation-output-transform-array" count="36" stride="16"><param type="float4x4"/></accessor></technique_common></source><source id="mixamorig7_Spine2-Interpolations"><Name_array id="mixamorig7_Spine2-Interpolations-array" count="36">
 LINEAR LINEAR LINEAR LINEAR LINEAR LINEAR LINEAR LINEAR LINEAR LINEAR LINEAR
LINEAR LINEAR LINEAR LINEAR LINEAR LINEAR LINEAR LINEAR LINEAR LINEAR LINEAR LINEAR
LINEAR LINEAR LINEAR LINEAR LINEAR LINEAR LINEAR LINEAR LINEAR LINEAR LINEAR LINEAR
LINEAR</Name_array><technique_common><accessor source="#mixamorig7_Spine2-Interpolations-array" count="36"><param type="name"/></accessor></technique_common></source><sampler id="mixamorig7_Spine2-Matrix-animation-transform"><input semantic="INPUT" source="#mixamorig7_Spine2-Matrix-animation-input"/><input semantic="OUTPUT" source="#mixamorig7_Spine2-Matrix-animation-output-transform"/><input semantic="INTERPOLATION" source="#mixamorig7_Spine2-Interpolations"/></sampler><channel source="#mixamorig7_Spine2-Matrix-animation-transform" target="mixamorig7_Spine2/matrix"/></animation>
    <animation id="mixamorig7_Neck-anim" name="mixamorig7_Neck"><source id="mixamorig7_Neck-Matrix-animation-input"><float_array id="mixamorig7_Neck-Matrix-animation-input-array" count="36">

0.000000 0.033333 0.066667 0.100000 0.133333 0.166667 0.200000 0.233333 0.266667 0.300000 0.333333 0.366667 0.400000 0.433333 0.466667 0.500000
0.533333 0.566667 0.600000 0.633333 0.666667 0.700000 0.733333 0.766667 0.800000 0.833333 0.866667 0.900000 0.933333 0.966667 1.000000 1.033333
1.066667 1.100000 1.133333 1.166667</float_array><technique_common><accessor source="#mixamorig7_Neck-Matrix-animation-input-array" count="36"><param name="TIME" type="float"/></accessor></technique_common></source><source id="mixamorig7_Neck-Matrix-animation-output-transform"><float_array id="mixamorig7_Neck-Matrix-animation-output-transform-array" count="576">

0.999404 0.034517 0.000240 0.000000 -0.032309 0.937868 -0.345486 14.636600 -0.012150 0.345272 0.938424 0.000000 0.000000 0.000000 0.000000 1.000000
0.999480 0.032238 0.000153 0.000000 -0.030182 0.937399 -0.346948 14.636600 -0.011328 0.346763 0.937884 0.000000 0.000000 0.000000 0.000000 1.000000
0.999526 0.030777 0.000149 0.000000 -0.028801 0.937037 -0.348039 14.636600 -0.010851 0.347870 0.937480 0.000000 0.000000 0.000000 0.000000 1.000000
0.999545 0.030168 0.000252 -0.000000 -0.028185 0.936763 -0.348828 14.636600 -0.010759 0.348662 0.937187 -0.000000 0.000000 0.000000 0.000000 1.000000
0.999541 0.030288 0.000426 0.000000 -0.028232 0.936590 -0.349289 14.636600 -0.010979 0.349117 0.937015 0.000000 0.000000 0.000000 0.000000 1.000000
0.999521 0.030936 0.000628 0.000000 -0.028766 0.936517 -0.349441 14.636600 -0.011398 0.349256 0.936958 -0.000000 0.000000 0.000000 0.000000 1.000000
0.999491 0.031880 0.000819 0.000000 -0.029586 0.936531 -0.349335 14.636600 -0.011904 0.349133 0.936997 0.000000 0.000000 0.000000 0.000000 1.000000
0.999458 0.032911 0.000975 0.000000 -0.030501 0.936610 -0.349045 14.636600 -0.012401 0.348826 0.937106 0.000000 0.000000 0.000000 0.000000 1.000000
0.999426 0.033869 0.001092 0.000000 -0.031363 0.936728 -0.348651 14.636600 -0.012831 0.348416 0.937252 0.000000 0.000000 0.000000 0.000000 1.000000
0.999399 0.034650 0.001183 -0.000000 -0.032069 0.936861 -0.348229 14.636600 -0.013174 0.347982 0.937409 0.000000 0.000000 0.000000 0.000000 1.000000
0.999379 0.035205 0.001269 0.000000 -0.032565 0.936987 -0.347844 14.636600 -0.013435 0.347587 0.937552 0.000000 0.000000 0.000000 0.000000 1.000000
0.999368 0.035525 0.001373 0.000000 -0.032833 0.937090 -0.347541 14.636600 -0.013633 0.347276 0.937664 0.000000 0.000000 0.000000 0.000000 1.000000
0.999364 0.035628 0.001510 -0.000000 -0.032886 0.937160 -0.347347 14.636600 -0.013790 0.347077 0.937735 0.000000 0.000000 0.000000 0.000000 1.000000
0.999366 0.035557 0.001681 0.000000 -0.032761 0.937193 -0.347268 14.636600 -0.013923 0.346993 0.937764 0.000000 0.000000 0.000000 0.000000 1.000000
0.999372 0.035372 0.001875 0.000000 -0.032520 0.937195 -0.347288 14.636600 -0.014041 0.347009 0.937757 0.000000 0.000000 0.000000 0.000000 1.000000
0.999380 0.035150 0.002066 -0.000000 -0.032244 0.937174 -0.347370 14.636600 -0.014147 0.347088 0.937726 0.000000 0.000000 0.000000 0.000000 1.000000
0.999386 0.034979 0.002226 0.000000 -0.032027 0.937146 -0.347465 14.636600 -0.014241 0.347180 0.937690 0.000000 0.000000 0.000000 0.000000 1.000000
0.999386 0.034949 0.002327 0.000000 -0.031963 0.937130 -0.347515 14.636600 -0.014326 0.347227 0.937672 0.000000 0.000000 0.000000 0.000000 1.000000
0.999380 0.035138 0.002348 -0.000000 -0.032133 0.937141 -0.347470 14.636600 -0.014410 0.347179 0.937688 0.000000 0.000000 0.000000 0.000000 1.000000
0.999364 0.035594 0.002282 0.000000 -0.032586 0.937191 -0.347290 14.636600 -0.014500 0.346995 0.937755 0.000000 0.000000 0.000000 0.000000 1.000000
0.999338 0.036323 0.002135 0.000000 -0.033327 0.937288 -0.346959 14.636600 -0.014604 0.346658 0.937878 0.000000 0.000000 0.000000 0.000000 1.000000
0.999303 0.037286 0.001929 0.000000 -0.034308 0.937430 -0.346479 14.636600 -0.014727 0.346171 0.938056 0.000000 0.000000 0.000000 0.000000 1.000000
0.999261 0.038396 0.001691 0.000000 -0.035442 0.937613 -0.345869 14.636600 -0.014866 0.345554 0.938281 0.000000 0.000000 0.000000 0.000000 1.000000
0.999217 0.039546 0.001456 0.000000 -0.036614 0.937830 -0.345160 14.636600 -0.015015 0.344836 0.938543 -0.000000 0.000000 0.000000 0.000000 1.000000
0.999174 0.040623 0.001254 -0.000000 -0.037707 0.938071 -0.344385 14.636600 -0.015166 0.344053 0.938828 0.000000 0.000000 0.000000 0.000000 1.000000
0.999136 0.041535 0.001108 0.000000 -0.038626 0.938328 -0.343582 14.636600 -0.015311 0.343242 0.939122 0.000000 0.000000 0.000000 0.000000 1.000000
0.999107 0.042228 0.001031 0.000000 -0.039317 0.938588 -0.342793 14.636600 -0.015443 0.342446 0.939411 0.000000 0.000000 0.000000 0.000000 1.000000
0.999088 0.042683 0.001018 0.000000 -0.039760 0.938834 -0.342067 14.636600 -0.015556 0.341714 0.939675 0.000000 0.000000 0.000000 0.000000 1.000000
0.999079 0.042903 0.001054 0.000000 -0.039965 0.939044 -0.341466 14.636600 -0.015639 0.341109 0.939894 0.000000 0.000000 0.000000 0.000000 1.000000
0.999079 0.042888 0.001110 0.000000 -0.039939 0.939192 -0.341061 14.636600 -0.015670 0.340703 0.940041 0.000000 0.000000 0.000000 0.000000 1.000000
0.999091 0.042611 0.001151 0.000000 -0.039666 0.939253 -0.340926 14.636600 -0.015609 0.340571 0.940089 0.000000 0.000000 0.000000 0.000000 1.000000
0.999117 0.042001 0.001145 0.000000 -0.039091 0.939206 -0.341122 14.636600 -0.015402 0.340776 0.940018 0.000000 0.000000 0.000000 0.000000 1.000000
0.999160 0.040955 0.001062 0.000000 -0.038127 0.939043 -0.341678 14.636600 -0.014991 0.341351 0.939816 0.000000 0.000000 0.000000 0.000000 1.000000
0.999224 0.039367 0.000887 0.000000 -0.036681 0.938771 -0.342583 14.636600 -0.014320 0.342285 0.939487 0.000000 0.000000 0.000000 0.000000 1.000000
0.999309 0.037172 0.000619 0.000000 -0.034693 0.938409 -0.343780 14.636600 -0.013360 0.343521 0.939050 0.000000 0.000000 0.000000 0.000000 1.000000
0.999404 0.034517 0.000240 0.000000 -0.032313 0.937981 -0.345176 14.636600 -0.012140 0.344963 0.938538 -0.000000 0.000000 0.000000 0.000000 1.000000</float_array><technique_common><accessor source="#mixamorig7_Neck-Matrix-animation-output-transform-array" count="36" stride="16"><param type="float4x4"/></accessor></technique_common></source><source id="mixamorig7_Neck-Interpolations"><Name_array id="mixamorig7_Neck-Interpolations-array" count="36">
 LINEAR LINEAR LINEAR LINEAR LINEAR LINEAR LINEAR LINEAR LINEAR LINEAR LINEAR
LINEAR LINEAR LINEAR LINEAR LINEAR LINEAR LINEAR LINEAR LINEAR LINEAR LINEAR LINEAR
LINEAR LINEAR LINEAR LINEAR LINEAR LINEAR LINEAR LINEAR LINEAR LINEAR LINEAR LINEAR
LINEAR</Name_array><technique_common><accessor source="#mixamorig7_Neck-Interpolations-array" count="36"><param type="name"/></accessor></technique_common></source><sampler id="mixamorig7_Neck-Matrix-animation-transform"><input semantic="INPUT" source="#mixamorig7_Neck-Matrix-animation-input"/><input semantic="OUTPUT" source="#mixamorig7_Neck-Matrix-animation-output-transform"/><input semantic="INTERPOLATION" source="#mixamorig7_Neck-Interpolations"/></sampler><channel source="#mixamorig7_Neck-Matrix-animation-transform" target="mixamorig7_Neck/matrix"/></animation>
    <animation id="mixamorig7_Head-anim" name="mixamorig7_Head"><source id="mixamorig7_Head-Matrix-animation-input"><float_array id="mixamorig7_Head-Matrix-animation-input-array" count="36">

0.000000 0.033333 0.066667 0.100000 0.133333 0.166667 0.200000 0.233333 0.266667 0.300000 0.333333 0.366667 0.400000 0.433333 0.466667 0.500000
0.533333 0.566667 0.600000 0.633333 0.666667 0.700000 0.733333 0.766667 0.800000 0.833333 0.866667 0.900000 0.933333 0.966667 1.000000 1.033333
1.066667 1.100000 1.133333 1.166667</float_array><technique_common><accessor source="#mixamorig7_Head-Matrix-animation-input-array" count="36"><param name="TIME" type="float"/></accessor></technique_common></source><source id="mixamorig7_Head-Matrix-animation-output-transform"><float_array id="mixamorig7_Head-Matrix-animation-output-transform-array" count="576">

0.999404 0.034517 0.000240 0.000000 -0.033481 0.971050 -0.236519 6.944300 -0.008397 0.236370 0.971627 1.982500 0.000000 0.000000 0.000000 1.000000
0.999480 0.032238 0.000153 0.000000 -0.031275 0.970753 -0.238034 6.944300 -0.007822 0.237905 0.971257 1.982500 0.000000 0.000000 0.000000 1.000000
0.999526 0.030777 0.000149 0.000000 -0.029849 0.970521 -0.239163 6.944300 -0.007505 0.239045 0.970979 1.982500 0.000000 0.000000 0.000000 1.000000
0.999545 0.030168 0.000252 0.000000 -0.029226 0.970338 -0.239980 6.944300 -0.007484 0.239863 0.970778 1.982500 0.000000 0.000000 0.000000 1.000000
0.999541 0.030289 0.000426 0.000000 -0.029297 0.970217 -0.240458 6.944300 -0.007697 0.240336 0.970659 1.982500 0.000000 0.000000 0.000000 1.000000
0.999521 0.030936 0.000628 0.000000 -0.029876 0.970161 -0.240615 6.944300 -0.008053 0.240481 0.970620 1.982500 0.000000 0.000000 0.000000 1.000000
0.999491 0.031880 0.000819 0.000000 -0.030748 0.970161 -0.240506 6.944300 -0.008462 0.240358 0.970647 1.982500 0.000000 0.000000 0.000000 1.000000
0.999458 0.032911 0.000975 0.000000 -0.031714 0.970204 -0.240205 6.944300 -0.008851 0.240043 0.970722 1.982500 0.000000 0.000000 0.000000 1.000000
0.999426 0.033869 0.001092 0.000000 -0.032619 0.970275 -0.239797 6.944300 -0.009181 0.239623 0.970823 1.982500 0.000000 0.000000 0.000000 1.000000
0.999399 0.034650 0.001183 0.000000 -0.033360 0.970357 -0.239362 6.944300 -0.009442 0.239178 0.970930 1.982500 0.000000 0.000000 0.000000 1.000000
0.999379 0.035205 0.001269 -0.000000 -0.033882 0.970438 -0.238961 6.944300 -0.009644 0.238770 0.971028 1.982500 0.000000 0.000000 0.000000 1.000000
0.999368 0.035525 0.001373 0.000000 -0.034171 0.970505 -0.238648 6.944300 -0.009810 0.238450 0.971105 1.982500 0.000000 0.000000 0.000000 1.000000
0.999364 0.035628 0.001510 0.000000 -0.034241 0.970552 -0.238447 6.944300 -0.009961 0.238243 0.971154 1.982500 0.000000 0.000000 0.000000 1.000000
