<?xml version="1.0" encoding="utf-8"?>
<COLLADA xmlns="http://www.collada.org/2005/11/COLLADASchema" version="1.4.1">
  <asset><contributor><author>Mixamo</author><authoring_tool>COLLADA Mixamo exporter</authoring_tool><comments></comments></contributor><created>2020-02-25T10:34:15Z</created><modified>2020-02-25T10:34:15Z</modified><revision></revision><title></title><unit meter="0.010000"/><up_axis>Y_UP</up_axis></asset>
  <library_animations>
    <animation id="mixamorig7_Hips-anim" name="mixamorig7_Hips"><source id="mixamorig7_Hips-Matrix-animation-input"><float_array id="mixamorig7_Hips-Matrix-animation-input-array" count="94">

0.000000 0.033333 0.066667 0.100000 0.133333 0.166667 0.200000 0.233333 0.266667 0.300000 0.333333 0.366667 0.400000 0.433333 0.466667 0.500000
0.533333 0.566667 0.600000 0.633333 0.666667 0.700000 0.733333 0.766667 0.800000 0.833333 0.866667 0.900000 0.933333 0.966667 1.000000 1.033333
1.066667 1.100000 1.133333 1.166667 1.200000 1.233333 1.266667 1.300000 1.333333 1.366667 1.400000 1.433333 1.466667 1.500000 1.533333 1.566667
1.600000 1.633333 1.666667 1.700000 1.733333 1.766667 1.800000 1.833333 1.866667 1.900000 1.933333 1.966667 2.000000 2.033333 2.066667 2.100000
2.133333 2.166667 2.200000 2.233333 2.266667 2.300000 2.333333 2.366667 2.400000 2.433333 2.466667 2.500000 2.533333 2.566667 2.600000 2.633333
2.666667 2.700000 2.733333 2.766667 2.800000 2.833333 2.866667 2.900000 2.933333 2.966667 3.000000 3.033333 3.066667 3.100000</float_array><technique_common><accessor source="#mixamorig7_Hips-Matrix-animation-input-array" count="94"><param name="TIME" type="float"/></accessor></technique_common></source><source id="mixamorig7_Hips-Matrix-animation-output-transform"><float_array id="mixamorig7_Hips-Matrix-animation-output-transform-array" count="1504">

0.999140 -0.035833 0.020859 3.362353 0.039341 0.978169 -0.204054 44.984695 -0.013092 0.204700 0.978737 17.265356 0.000000 0.000000 0.000000 1.000000
0.999116 -0.035880 0.021905 3.390296 0.039588 0.978357 -0.203103 44.977608 -0.014144 0.203791 0.978912 17.259760 0.000000 0.000000 0.000000 1.000000
0.999184 -0.035248 0.019704 3.421786 0.038536 0.978130 -0.204395 44.957500 -0.012069 0.204987 0.978690 17.256496 0.000000 0.000000 0.000000 1.000000
0.999247 -0.034630 0.017513 3.445069 0.037494 0.977935 -0.205517 44.939857 -0.010010 0.206019 0.978497 17.252592 0.000000 0.000000 0.000000 1.000000
0.999260 -0.034314 0.017369 3.456495 0.037149 0.978063 -0.204968 44.928036 -0.009955 0.205462 0.978614 17.245577 0.000000 0.000000 0.000000 1.000000
0.999264 -0.034186 0.017412 3.464957 0.037026 0.978209 -0.204295 44.921150 -0.010049 0.204790 0.978754 17.235874 0.000000 0.000000 0.000000 1.000000
0.999259 -0.034178 0.017691 3.470813 0.037072 0.978268 -0.204001 44.923843 -0.010334 0.204506 0.978811 17.227337 0.000000 0.000000 0.000000 1.000000
0.999233 -0.034325 0.018839 3.473932 0.037449 0.978277 -0.203893 44.939098 -0.011431 0.204442 0.978812 17.203878 0.000000 0.000000 0.000000 1.000000
0.999253 -0.033992 0.018371 3.476762 0.037043 0.978008 -0.205253 44.952801 -0.010989 0.205780 0.978537 17.164989 0.000000 0.000000 0.000000 1.000000
0.999322 -0.032839 0.016675 3.461625 0.035599 0.977324 -0.208737 44.949112 -0.009442 0.209189 0.977830 17.142431 0.000000 0.000000 0.000000 1.000000
0.999353 -0.032193 0.016060 3.409079 0.034908 0.975695 -0.216336 44.949707 -0.008705 0.216757 0.976187 17.214092 0.000000 0.000000 0.000000 1.000000
0.999320 -0.033119 0.016190 3.311877 0.035949 0.972773 -0.228956 44.972885 -0.008166 0.229382 0.973302 17.479849 0.000000 0.000000 0.000000 1.000000
0.999259 -0.034179 0.017708 3.195708 0.037428 0.970182 -0.239470 45.104023 -0.008995 0.239955 0.970742 17.933912 0.000000 0.000000 0.000000 1.000000
0.999237 -0.034015 0.019210 3.075822 0.037693 0.968696 -0.245372 45.368340 -0.010262 0.245909 0.969239 18.610348 0.000000 0.000000 0.000000 1.000000
0.999337 -0.030869 0.019302 2.937578 0.034782 0.966134 -0.255686 45.606335 -0.010755 0.256188 0.966567 19.546831 0.000000 0.000000 0.000000 1.000000
0.999427 -0.026606 0.020923 2.800195 0.031319 0.961338 -0.273584 45.859016 -0.012836 0.274083 0.961620 20.621058 0.000000 0.000000 0.000000 1.000000
0.999310 -0.026937 0.025585 2.722619 0.033291 0.954967 -0.294837 46.299095 -0.016490 0.295485 0.955205 21.622978 0.000000 0.000000 0.000000 1.000000
0.999023 -0.030169 0.032289 2.676339 0.038922 0.946712 -0.319722 47.129143 -0.020923 0.320667 0.946961 22.286287 0.000000 0.000000 0.000000 1.000000
0.998850 -0.030752 0.036775 2.670869 0.041755 0.934955 -0.352300 48.610111 -0.023549 0.353430 0.935164 22.257206 0.000000 0.000000 0.000000 1.000000
0.998960 -0.029649 0.034633 2.730016 0.040920 0.918040 -0.394371 50.738922 -0.020102 0.395378 0.918298 21.456711 0.000000 0.000000 0.000000 1.000000
0.999092 -0.029463 0.030781 2.816837 0.039981 0.898013 -0.438149 53.312542 -0.014732 0.438982 0.898375 20.115938 0.000000 0.000000 0.000000 1.000000
0.999031 -0.032043 0.030156 2.910711 0.042522 0.879279 -0.474404 56.159645 -0.011314 0.475227 0.879790 18.374825 0.000000 0.000000 0.000000 1.000000
0.998762 -0.039018 0.030847 3.007107 0.049255 0.862153 -0.504248 59.146172 -0.006920 0.505143 0.863008 16.242065 0.000000 0.000000 0.000000 1.000000
0.998330 -0.048306 0.031676 3.129841 0.057756 0.844825 -0.531916 62.287853 -0.001066 0.532857 0.846205 13.835020 0.000000 0.000000 0.000000 1.000000
0.997975 -0.054137 0.033385 3.292876 0.063563 0.830271 -0.553724 65.543991 0.002259 0.554725 0.832031 11.474859 0.000000 0.000000 0.000000 1.000000
0.997692 -0.055168 0.039579 3.395231 0.067880 0.823197 -0.563683 68.546494 -0.001484 0.565069 0.825042 9.469007 0.000000 0.000000 0.000000 1.000000
0.997651 -0.052993 0.043415 3.529289 0.068236 0.824871 -0.561187 71.516479 -0.006073 0.562831 0.826550 7.742443 0.000000 0.000000 0.000000 1.000000
0.997523 -0.052410 0.046913 3.733120 0.069557 0.834190 -0.547073 74.577766 -0.010462 0.548982 0.835769 6.392243 0.000000 0.000000 0.000000 1.000000
0.997272 -0.055066 0.049164 3.921211 0.072642 0.850559 -0.520838 77.587334 -0.013137 0.522989 0.852238 5.462200 0.000000 0.000000 0.000000 1.000000
0.997495 -0.056402 0.042682 4.092798 0.070020 0.872818 -0.482997 80.520569 -0.010011 0.484776 0.874581 4.797186 0.000000 0.000000 0.000000 1.000000
0.998101 -0.054514 0.028672 4.306651 0.061569 0.896169 -0.439420 83.365738 -0.001740 0.440351 0.897824 4.341532 0.000000 0.000000 0.000000 1.000000
0.998681 -0.049886 0.012115 4.511996 0.050601 0.916771 -0.396195 86.016479 0.008658 0.396286 0.918086 4.140035 0.000000 0.000000 0.000000 1.000000
0.999048 -0.043497 -0.003349 4.642375 0.039524 0.934940 -0.352598 88.358139 0.018469 0.352130 0.935769 4.170052 0.000000 0.000000 0.000000 1.000000
0.999192 -0.037221 -0.015176 4.719851 0.030658 0.949869 -0.311141 90.274780 0.025996 0.310425 0.950242 4.393021 0.000000 0.000000 0.000000 1.000000
0.999170 -0.033458 -0.023257 4.798149 0.025809 0.961339 -0.274155 91.821259 0.031531 0.273327 0.961404 4.784962 0.000000 0.000000 0.000000 1.000000
0.999144 -0.032037 -0.026157 4.852327 0.025090 0.972282 -0.232461 93.173042 0.032879 0.231605 0.972254 5.326087 0.000000 0.000000 0.000000 1.000000
0.999254 -0.028469 -0.026114 4.824609 0.023090 0.982071 -0.187092 94.348854 0.030972 0.186350 0.981995 5.988790 0.000000 0.000000 0.000000 1.000000
0.999383 -0.022708 -0.026790 4.738740 0.018631 0.989453 -0.143651 95.343307 0.029770 0.143063 0.989266 6.766387 0.000000 0.000000 0.000000 1.000000
0.999457 -0.018644 -0.027181 4.629557 0.015653 0.994203 -0.106376 96.132271 0.029007 0.105893 0.993954 7.598908 0.000000 0.000000 0.000000 1.000000
0.999510 -0.017525 -0.025935 4.501638 0.015547 0.997091 -0.074621 96.744598 0.027168 0.074182 0.996875 8.428004 0.000000 0.000000 0.000000 1.000000
0.999562 -0.017785 -0.023660 4.357191 0.016689 0.998815 -0.045712 97.247505 0.024445 0.045298 0.998674 9.222240 0.000000 0.000000 0.000000 1.000000
0.999583 -0.017921 -0.022623 4.214065 0.017462 0.999641 -0.020339 97.584938 0.022979 0.019935 0.999537 9.934548 0.000000 0.000000 0.000000 1.000000
0.999525 -0.017419 -0.025433 4.079855 0.017489 0.999844 0.002517 97.769890 0.025385 -0.002961 0.999673 10.538211 0.000000 0.000000 0.000000 1.000000
0.999375 -0.017485 -0.030721 3.972744 0.018306 0.999477 0.026646 97.926300 0.030239 -0.027192 0.999173 11.060133 0.000000 0.000000 0.000000 1.000000
0.999179 -0.019586 -0.035465 3.914129 0.021281 0.998618 0.048060 98.060646 0.034475 -0.048775 0.998215 11.454242 0.000000 0.000000 0.000000 1.000000
0.999035 -0.021549 -0.038280 3.896610 0.024020 0.997575 0.065323 98.112732 0.036779 -0.066179 0.997130 11.724301 0.000000 0.000000 0.000000 1.000000
0.998959 -0.020921 -0.040541 3.897833 0.024180 0.996368 0.081649 98.104073 0.038685 -0.082544 0.995836 11.928023 0.000000 0.000000 0.000000 1.000000
0.998873 -0.019580 -0.043238 3.914282 0.023644 0.995140 0.095586 98.088974 0.041156 -0.096501 0.994482 12.047153 0.000000 0.000000 0.000000 1.000000
0.998779 -0.019137 -0.045542 3.950336 0.023895 0.994045 0.106322 98.087845 0.043236 -0.107280 0.993288 12.076248 0.000000 0.000000 0.000000 1.000000
0.998734 -0.019836 -0.046222 3.993607 0.025042 0.993056 0.114944 98.096268 0.043621 -0.115956 0.992296 12.039380 0.000000 0.000000 0.000000 1.000000
0.998765 -0.021736 -0.044668 4.022676 0.027056 0.992139 0.122182 98.113724 0.041662 -0.123239 0.991502 11.947697 0.000000 0.000000 0.000000 1.000000
0.998894 -0.023998 -0.040431 4.038835 0.028994 0.991365 0.127889 98.124886 0.037013 -0.128920 0.990964 11.803601 0.000000 0.000000 0.000000 1.000000
0.999127 -0.025378 -0.033176 4.055750 0.029580 0.990673 0.133010 98.129684 0.029491 -0.133875 0.990559 11.633016 0.000000 0.000000 0.000000 1.000000
0.999378 -0.026424 -0.023349 4.059250 0.029367 0.990230 0.136317 98.133774 0.019519 -0.136918 0.990390 11.433054 0.000000 0.000000 0.000000 1.000000
0.999548 -0.027169 -0.012865 4.040296 0.028690 0.989956 0.138433 98.146751 0.008975 -0.138740 0.990288 11.218460 0.000000 0.000000 0.000000 1.000000
0.999630 -0.026832 -0.004355 4.006876 0.027179 0.989598 0.141267 98.171700 0.000519 -0.141333 0.989962 11.041268 0.000000 0.000000 0.000000 1.000000
0.999646 -0.026530 0.002010 3.972587 0.025973 0.989444 0.142567 98.194901 -0.005771 -0.142464 0.989783 10.913213 0.000000 0.000000 0.000000 1.000000
0.999613 -0.027040 0.006468 3.948250 0.025854 0.989616 0.141392 98.219894 -0.010224 -0.141171 0.989932 10.826044 0.000000 0.000000 0.000000 1.000000
0.999569 -0.027828 0.009354 3.936162 0.026242 0.989765 0.140276 98.257011 -0.013161 -0.139970 0.990068 10.784879 0.000000 0.000000 0.000000 1.000000
0.999521 -0.028786 0.011350 3.940018 0.026922 0.989839 0.139622 98.300957 -0.015254 -0.139249 0.990140 10.784779 0.000000 0.000000 0.000000 1.000000
0.999495 -0.029287 0.012336 3.938204 0.027281 0.989831 0.139611 98.342186 -0.016299 -0.139204 0.990130 10.808434 0.000000 0.000000 0.000000 1.000000
0.999481 -0.029530 0.012861 3.934002 0.027458 0.989903 0.139058 98.379433 -0.016838 -0.138633 0.990201 10.839546 0.000000 0.000000 0.000000 1.000000
0.999492 -0.029489 0.012109 3.940806 0.027557 0.990213 0.136815 98.411903 -0.016025 -0.136412 0.990523 10.865494 0.000000 0.000000 0.000000 1.000000
0.999552 -0.028640 0.008648 3.964076 0.027224 0.990603 0.134032 98.432701 -0.012405 -0.133736 0.990939 10.875394 0.000000 0.000000 0.000000 1.000000
0.999628 -0.027077 0.003400 3.996353 0.026390 0.990864 0.132256 98.438316 -0.006950 -0.132117 0.991210 10.865241 0.000000 0.000000 0.000000 1.000000
0.999666 -0.025748 -0.002325 4.035830 0.025831 0.991049 0.130973 98.431488 -0.001068 -0.130989 0.991383 10.839139 0.000000 0.000000 0.000000 1.000000
0.999668 -0.024546 -0.007853 4.075477 0.025359 0.991196 0.129948 98.421974 0.004594 -0.130104 0.991490 10.811863 0.000000 0.000000 0.000000 1.000000
0.999665 -0.022656 -0.012539 4.109685 0.024093 0.991249 0.129789 98.427475 0.009489 -0.130047 0.991462 10.789377 0.000000 0.000000 0.000000 1.000000
0.999643 -0.021255 -0.016179 4.151976 0.023169 0.991356 0.129139 98.444626 0.013294 -0.129467 0.991495 10.752212 0.000000 0.000000 0.000000 1.000000
0.999585 -0.021698 -0.018945 4.201127 0.023938 0.991571 0.127331 98.447586 0.016023 -0.127732 0.991679 10.692861 0.000000 0.000000 0.000000 1.000000
0.999566 -0.021062 -0.020576 4.219394 0.023520 0.991541 0.127644 98.443604 0.017714 -0.128073 0.991607 10.640080 0.000000 0.000000 0.000000 1.000000
0.999597 -0.019111 -0.020997 4.220298 0.021666 0.991388 0.129150 98.446808 0.018348 -0.129553 0.991403 10.580045 0.000000 0.000000 0.000000 1.000000
0.999605 -0.018190 -0.021417 4.229632 0.020817 0.991339 0.129664 98.451523 0.018873 -0.130059 0.991327 10.495634 0.000000 0.000000 0.000000 1.000000
0.999597 -0.018012 -0.021926 4.234329 0.020716 0.991288 0.130074 98.453224 0.019393 -0.130476 0.991262 10.393138 0.000000 0.000000 0.000000 1.000000
0.999594 -0.017963 -0.022133 4.236255 0.020689 0.991325 0.129795 98.453163 0.019609 -0.130200 0.991294 10.266598 0.000000 0.000000 0.000000 1.000000
0.999588 -0.018167 -0.022241 4.239950 0.020888 0.991429 0.128963 98.453049 0.019708 -0.129374 0.991400 10.121464 0.000000 0.000000 0.000000 1.000000
0.999594 -0.018703 -0.021496 4.248368 0.021317 0.991462 0.128639 98.454880 0.018906 -0.129045 0.991458 9.975680 0.000000 0.000000 0.000000 1.000000
0.999607 -0.019313 -0.020342 4.260674 0.021780 0.991403 0.129019 98.458412 0.017675 -0.129411 0.991433 9.829863 0.000000 0.000000 0.000000 1.000000
0.999614 -0.019957 -0.019343 4.275457 0.022303 0.991290 0.129792 98.454689 0.016584 -0.130173 0.991353 9.680488 0.000000 0.000000 0.000000 1.000000
0.999616 -0.020884 -0.018225 4.296601 0.023085 0.991195 0.130380 98.440880 0.015342 -0.130751 0.991297 9.527328 0.000000 0.000000 0.000000 1.000000
0.999616 -0.021852 -0.017040 4.319572 0.023898 0.991098 0.130969 98.429428 0.014027 -0.131326 0.991240 9.381348 0.000000 0.000000 0.000000 1.000000
0.999622 -0.022433 -0.015884 4.333972 0.024334 0.990974 0.131824 98.422195 0.012783 -0.132161 0.991146 9.251522 0.000000 0.000000 0.000000 1.000000
0.999630 -0.022439 -0.015350 4.340253 0.024292 0.990725 0.133694 98.417297 0.012208 -0.134017 0.990904 9.143725 0.000000 0.000000 0.000000 1.000000
0.999628 -0.022575 -0.015336 4.351026 0.024447 0.990481 0.135458 98.417168 0.012132 -0.135782 0.990664 9.055767 0.000000 0.000000 0.000000 1.000000
0.999609 -0.023259 -0.015533 4.366550 0.025162 0.990346 0.136315 98.412178 0.012212 -0.136653 0.990544 8.986566 0.000000 0.000000 0.000000 1.000000
0.999599 -0.023534 -0.015746 4.374850 0.025482 0.990140 0.137743 98.408310 0.012349 -0.138089 0.990343 8.945395 0.000000 0.000000 0.000000 1.000000
0.999579 -0.023705 -0.016703 4.373405 0.025793 0.990023 0.138525 98.412239 0.013253 -0.138897 0.990218 8.912164 0.000000 0.000000 0.000000 1.000000
0.999516 -0.025116 -0.018366 4.387045 0.027392 0.990251 0.136578 98.413452 0.014757 -0.137015 0.990459 8.860452 0.000000 0.000000 0.000000 1.000000
0.999489 -0.026162 -0.018375 4.413697 0.028415 0.990365 0.135535 98.415482 0.014652 -0.135988 0.990602 8.836437 0.000000 0.000000 0.000000 1.000000
0.999490 -0.026834 -0.017315 4.429002 0.028931 0.990411 0.135090 98.419701 0.013524 -0.135522 0.990682 8.823363 0.000000 0.000000 0.000000 1.000000
0.999501 -0.027134 -0.016199 4.424762 0.029070 0.990477 0.134577 98.417908 0.012393 -0.134981 0.990771 8.807156 0.000000 0.000000 0.000000 1.000000
0.999552 -0.026513 -0.013898 4.422078 0.028159 0.990307 0.136011 98.412018 0.010157 -0.136342 0.990610 8.820139 0.000000 0.000000 0.000000 1.000000
0.999618 -0.024761 -0.012245 4.402903 0.026221 0.989991 0.138671 98.412247 0.008689 -0.138939 0.990263 8.852708 0.000000 0.000000 0.000000 1.000000
0.999671 -0.022443 -0.012436 4.359514 0.023974 0.989701 0.141131 98.419289 0.009140 -0.141382 0.989913 8.893502 0.000000 0.000000 0.000000 1.000000</float_array><technique_common><accessor source="#mixamorig7_Hips-Matrix-animation-output-transform-array" count="94" stride="16"><param type="float4x4"/></accessor></technique_common></source><source id="mixamorig7_Hips-Interpolations"><Name_array id="mixamorig7_Hips-Interpolations-array" count="94">
 LINEAR LINEAR LINEAR LINEAR LINEAR LINEAR LINEAR LINEAR LINEAR LINEAR LINEAR
LINEAR LINEAR LINEAR LINEAR LINEAR LINEAR LINEAR LINEAR LINEAR LINEAR LINEAR LINEAR
LINEAR LINEAR LINEAR LINEAR LINEAR LINEAR LINEAR LINEAR LINEAR LINEAR LINEAR LINEAR
LINEAR LINEAR LINEAR LINEAR LINEAR LINEAR LINEAR LINEAR LINEAR LINEAR LINEAR LINEAR
LINEAR LINEAR LINEAR LINEAR LINEAR LINEAR LINEAR LINEAR LINEAR LINEAR LINEAR LINEAR
LINEAR LINEAR LINEAR LINEAR LINEAR LINEAR LINEAR LINEAR LINEAR LINEAR LINEAR LINEAR
LINEAR LINEAR LINEAR LINEAR LINEAR LINEAR LINEAR LINEAR LINEAR LINEAR LINEAR LINEAR
LINEAR LINEAR LINEAR LINEAR LINEAR LINEAR LINEAR LINEAR LINEAR LINEAR LINEAR</Name_array><technique_common><accessor source="#mixamorig7_Hips-Interpolations-array" count="94"><param type="name"/></accessor></technique_common></source><sampler id="mixamorig7_Hips-Matrix-animation-transform"><input semantic="INPUT" source="#mixamorig7_Hips-Matrix-animation-input"/><input semantic="OUTPUT" source="#mixamorig7_Hips-Matrix-animation-output-transform"/><input semantic="INTERPOLATION" source="#mixamorig7_Hips-Interpolations"/></sampler><channel source="#mixamorig7_Hips-Matrix-animation-transform" target="mixamorig7_Hips/matrix"/></animation>
    <animation id="mixamorig7_Spine-anim" name="mixamorig7_Spine"><source id="mixamorig7_Spine-Matrix-animation-input"><float_array id="mixamorig7_Spine-Matrix-animation-input-array" count="94">

0.000000 0.033333 0.066667 0.100000 0.133333 0.166667 0.200000 0.233333 0.266667 0.300000 0.333333 0.366667 0.400000 0.433333 0.466667 0.500000
0.533333 0.566667 0.600000 0.633333 0.666667 0.700000 0.733333 0.766667 0.800000 0.833333 0.866667 0.900000 0.933333 0.966667 1.000000 1.033333
1.066667 1.100000 1.133333 1.166667 1.200000 1.233333 1.266667 1.300000 1.333333 1.366667 1.400000 1.433333 1.466667 1.500000 1.533333 1.566667
1.600000 1.633333 1.666667 1.700000 1.733333 1.766667 1.800000 1.833333 1.866667 1.900000 1.933333 1.966667 2.000000 2.033333 2.066667 2.100000
2.133333 2.166667 2.200000 2.233333 2.266667 2.300000 2.333333 2.366667 2.400000 2.433333 2.466667 2.500000 2.533333 2.566667 2.600000 2.633333
2.666667 2.700000 2.733333 2.766667 2.800000 2.833333 2.866667 2.900000 2.933333 2.966667 3.000000 3.033333 3.066667 3.100000</float_array><technique_common><accessor source="#mixamorig7_Spine-Matrix-animation-input-array" count="94"><param name="TIME" type="float"/></accessor></technique_common></source><source id="mixamorig7_Spine-Matrix-animation-output-transform"><float_array id="mixamorig7_Spine-Matrix-animation-output-transform-array" count="1504">

0.996926 -0.068470 -0.038086 0.000000 0.008410 0.576806 -0.816838 9.694400 0.077897 0.814007 0.575608 -1.109700 0.000000 0.000000 0.000000 1.000000
0.996841 -0.069484 -0.038478 0.000000 0.008605 0.576073 -0.817353 9.694400 0.078959 0.814439 0.574851 -1.109700 0.000000 0.000000 0.000000 1.000000
0.996942 -0.068473 -0.037660 0.000000 0.008838 0.577626 -0.816254 9.694400 0.077645 0.813425 0.576465 -1.109700 0.000000 0.000000 0.000000 1.000000
0.997042 -0.067413 -0.036928 0.000000 0.008940 0.578878 -0.815365 9.694400 0.076343 0.812623 0.577768 -1.109700 0.000000 0.000000 0.000000 1.000000
0.997047 -0.067337 -0.036914 0.000000 0.008896 0.578754 -0.815454 9.694400 0.076274 0.812717 0.577644 -1.109700 0.000000 0.000000 0.000000 1.000000
0.997057 -0.067147 -0.036993 0.000000 0.008715 0.578691 -0.815500 9.694400 0.076166 0.812778 0.577573 -1.109700 0.000000 0.000000 0.000000 1.000000
0.997049 -0.067183 -0.037157 0.000000 0.008600 0.578672 -0.815515 9.694400 0.076291 0.812788 0.577542 -1.109700 0.000000 0.000000 0.000000 1.000000
0.996992 -0.067833 -0.037484 0.000000 0.008654 0.578076 -0.815937 9.694400 0.077016 0.813159 0.576924 -1.109700 0.000000 0.000000 0.000000 1.000000
0.997028 -0.067530 -0.037072 0.000000 0.008795 0.577860 -0.816088 9.694400 0.076533 0.813337 0.576737 -1.109700 0.000000 0.000000 0.000000 1.000000
0.997093 -0.067032 -0.036225 -0.000000 0.009201 0.577879 -0.816071 9.694400 0.075637 0.813365 0.576816 -1.109700 0.000000 0.000000 0.000000 1.000000
0.997104 -0.067106 -0.035775 0.000000 0.009706 0.578893 -0.815346 9.694400 0.075425 0.812637 0.577868 -1.109700 0.000000 0.000000 0.000000 1.000000
0.997212 -0.065691 -0.035390 -0.000000 0.009459 0.581745 -0.813316 9.694400 0.074016 0.810714 0.580745 -1.109700 0.000000 0.000000 0.000000 1.000000
0.997285 -0.065606 -0.033435 0.000000 0.010562 0.576820 -0.816803 9.694400 0.072873 0.814232 0.575947 -1.109700 0.000000 0.000000 0.000000 1.000000
0.997203 -0.067524 -0.032031 0.000000 0.011386 0.560850 -0.827839 9.694400 0.073863 0.825159 0.560051 -1.109700 0.000000 0.000000 0.000000 1.000000
0.997282 -0.066992 -0.030663 0.000000 0.011290 0.550236 -0.834933 9.694400 0.072805 0.832318 0.549497 -1.109700 0.000000 0.000000 0.000000 1.000000
0.997420 -0.065958 -0.028332 0.000000 0.012899 0.552927 -0.833130 9.694400 0.070617 0.830615 0.552352 -1.109700 0.000000 0.000000 0.000000 1.000000
0.997357 -0.067682 -0.026406 -0.000000 0.016182 0.561287 -0.827463 9.694400 0.070825 0.824849 0.560899 -1.109700 0.000000 0.000000 0.000000 1.000000
0.997253 -0.071291 -0.020123 0.000000 0.024015 0.568122 -0.822594 9.694400 0.070076 0.819851 0.568273 -1.109700 0.000000 0.000000 0.000000 1.000000
0.997161 -0.074478 -0.011066 -0.000000 0.033428 0.569571 -0.821262 9.694400 0.067469 0.818561 0.570444 -1.109700 0.000000 0.000000 0.000000 1.000000
0.997266 -0.073493 -0.007747 -0.000000 0.035546 0.568941 -0.821610 9.694400 0.064790 0.819088 0.569998 -1.109700 0.000000 0.000000 0.000000 1.000000
0.997450 -0.071085 -0.006400 0.000000 0.034933 0.564431 -0.824741 9.694400 0.062239 0.822414 0.565475 -1.109700 0.000000 0.000000 0.000000 1.000000
0.997390 -0.071837 -0.007262 0.000000 0.034113 0.557478 -0.829491 9.694400 0.063636 0.827078 0.558473 -1.109700 0.000000 0.000000 0.000000 1.000000
0.997243 -0.071781 -0.018815 0.000000 0.024515 0.557993 -0.829483 9.694400 0.070040 0.826735 0.558215 -1.109700 0.000000 0.000000 0.000000 1.000000
0.997301 -0.066316 -0.031521 -0.000000 0.011837 0.568882 -0.822334 9.694400 0.072465 0.819741 0.568131 -1.109700 0.000000 0.000000 0.000000 1.000000
0.997603 -0.059127 -0.035953 -0.000000 0.006380 0.595934 -0.803008 9.694400 0.068905 0.800854 0.594883 -1.109700 0.000000 0.000000 0.000000 1.000000
0.997620 -0.058958 -0.035746 0.000000 0.009850 0.635001 -0.772448 9.694400 0.068241 0.770258 0.634071 -1.109700 0.000000 0.000000 0.000000 1.000000
0.997343 -0.065923 -0.030987 0.000000 0.020951 0.667029 -0.744737 9.694400 0.069765 0.742109 0.666638 -1.109700 0.000000 0.000000 0.000000 1.000000
0.997162 -0.071129 -0.024672 0.000000 0.032105 0.698160 -0.715221 9.694400 0.068098 0.712399 0.698462 -1.109700 0.000000 0.000000 0.000000 1.000000
0.997431 -0.068253 -0.021750 0.000000 0.035287 0.732373 -0.679988 9.694400 0.062340 0.677474 0.732900 -1.109700 0.000000 0.000000 0.000000 1.000000
0.997915 -0.061363 -0.020006 0.000000 0.033922 0.762349 -0.646277 9.694400 0.054909 0.644251 0.762841 -1.109700 0.000000 0.000000 0.000000 1.000000
0.998255 -0.055894 -0.019040 -0.000000 0.032495 0.789246 -0.613217 9.694400 0.049302 0.611529 0.789685 -1.109700 0.000000 0.000000 0.000000 1.000000
0.998508 -0.050967 -0.019585 0.000000 0.030414 0.817092 -0.575704 9.694400 0.045344 0.574250 0.817423 -1.109700 0.000000 0.000000 0.000000 1.000000
0.998636 -0.046786 -0.023167 0.000000 0.027116 0.844009 -0.535643 9.694400 0.044614 0.534284 0.844127 -1.109700 0.000000 0.000000 0.000000 1.000000
0.998714 -0.044150 -0.024910 -0.000000 0.026260 0.870912 -0.490737 9.694400 0.043361 0.489452 0.870952 -1.109700 0.000000 0.000000 0.000000 1.000000
0.998895 -0.042253 -0.020603 0.000000 0.028925 0.897946 -0.439154 9.694400 0.037056 0.438073 0.898175 -1.109700 0.000000 0.000000 0.000000 1.000000
0.999053 -0.039387 -0.018494 0.000000 0.028914 0.918543 -0.394262 9.694400 0.032516 0.393354 0.918812 -1.109700 0.000000 0.000000 0.000000 1.000000
0.999144 -0.037161 -0.018168 0.000000 0.028261 0.933984 -0.356196 9.694400 0.030205 0.355378 0.934234 -1.109700 0.000000 0.000000 0.000000 1.000000
0.999184 -0.036661 -0.016932 0.000000 0.029385 0.947672 -0.317890 9.694400 0.027700 0.317133 0.947976 -1.109700 0.000000 0.000000 0.000000 1.000000
0.999266 -0.035058 -0.015415 0.000000 0.029469 0.960951 -0.275144 9.694400 0.024459 0.274488 0.961279 -1.109700 0.000000 0.000000 0.000000 1.000000
0.999415 -0.031435 -0.013507 0.000000 0.027459 0.972465 -0.231425 9.694400 0.020410 0.230918 0.972759 -1.109700 0.000000 0.000000 0.000000 1.000000
0.999552 -0.027671 -0.011386 0.000000 0.024975 0.981108 -0.191842 9.694400 0.016480 0.191472 0.981360 -1.109700 0.000000 0.000000 0.000000 1.000000
0.999639 -0.025393 -0.008782 -0.000000 0.023728 0.987655 -0.154838 9.694400 0.012605 0.154574 0.987901 -1.109700 0.000000 0.000000 0.000000 1.000000
0.999688 -0.024641 -0.004131 0.000000 0.023958 0.992315 -0.121399 9.694400 0.007090 0.121262 0.992595 -1.109700 0.000000 0.000000 0.000000 1.000000
0.999733 -0.023124 0.000236 -0.000000 0.023041 0.995183 -0.095284 9.694400 0.001969 0.095264 0.995450 -1.109700 0.000000 0.000000 0.000000 1.000000
0.999810 -0.019405 0.001799 -0.000000 0.019485 0.997196 -0.072253 9.694400 -0.000392 0.072274 0.997385 -1.109700 0.000000 0.000000 0.000000 1.000000
0.999865 -0.016362 0.001639 0.000000 0.016424 0.998566 -0.050950 9.694400 -0.000803 0.050970 0.998700 -1.109700 0.000000 0.000000 0.000000 1.000000
0.999861 -0.016516 0.002339 -0.000000 0.016587 0.999266 -0.034518 9.694400 -0.001767 0.034552 0.999401 -1.109700 0.000000 0.000000 0.000000 1.000000
0.999822 -0.018235 0.004768 0.000000 0.018333 0.999604 -0.021361 9.694400 -0.004377 0.021445 0.999760 -1.109700 0.000000 0.000000 0.000000 1.000000
0.999772 -0.019993 0.007531 -0.000000 0.020070 0.999747 -0.010190 9.694400 -0.007325 0.010339 0.999920 -1.109700 0.000000 0.000000 0.000000 1.000000
0.999747 -0.020583 0.009089 -0.000000 0.020597 0.999787 -0.001442 9.694400 -0.009057 0.001629 0.999958 -1.109700 0.000000 0.000000 0.000000 1.000000
0.999770 -0.019198 0.009600 0.000000 0.019156 0.999806 0.004486 9.694400 -0.009684 -0.004301 0.999944 -1.109700 0.000000 0.000000 0.000000 1.000000
0.999811 -0.017074 0.009310 0.000000 0.016995 0.999820 0.008431 9.694400 -0.009452 -0.008271 0.999921 -1.109700 0.000000 0.000000 0.000000 1.000000
0.999844 -0.015729 0.008018 0.000000 0.015643 0.999821 0.010669 9.694400 -0.008184 -0.010542 0.999911 -1.109700 0.000000 0.000000 0.000000 1.000000
0.999874 -0.014502 0.006466 0.000000 0.014423 0.999824 0.012037 9.694400 -0.006639 -0.011942 0.999907 -1.109700 0.000000 0.000000 0.000000 1.000000
0.999895 -0.013302 0.005757 0.000000 0.013232 0.999840 0.011997 9.694400 -0.005916 -0.011919 0.999911 -1.109700 0.000000 0.000000 0.000000 1.000000
0.999891 -0.013206 0.006539 0.000000 0.013142 0.999866 0.009793 9.694400 -0.006668 -0.009706 0.999931 -1.109700 0.000000 0.000000 0.000000 1.000000
0.999875 -0.013428 0.008376 0.000000 0.013353 0.999871 0.008965 9.694400 -0.008495 -0.008852 0.999925 -1.109700 0.000000 0.000000 0.000000 1.000000
0.999851 -0.013304 0.010963 0.000000 0.013182 0.999851 0.011129 9.694400 -0.011109 -0.010983 0.999878 -1.109700 0.000000 0.000000 0.000000 1.000000
0.999821 -0.013283 0.013448 0.000000 0.013100 0.999821 0.013618 9.694400 -0.013627 -0.013440 0.999817 -1.109700 0.000000 0.000000 0.000000 1.000000
0.999799 -0.013196 0.015074 0.000000 0.012955 0.999789 0.015952 9.694400 -0.015282 -0.015753 0.999759 -1.109700 0.000000 0.000000 0.000000 1.000000
0.999789 -0.012946 0.015977 0.000000 0.012667 0.999768 0.017448 9.694400 -0.016199 -0.017242 0.999720 -1.109700 0.000000 0.000000 0.000000 1.000000
0.999799 -0.012600 0.015589 0.000000 0.012311 0.999753 0.018530 9.694400 -0.015819 -0.018335 0.999707 -1.109700 0.000000 0.000000 0.000000 1.000000
0.999813 -0.012484 0.014790 -0.000000 0.012185 0.999724 0.020088 9.694400 -0.015037 -0.019904 0.999689 -1.109700 0.000000 0.000000 0.000000 1.000000
0.999804 -0.012891 0.015043 -0.000000 0.012568 0.999693 0.021374 9.694400 -0.015313 -0.021180 0.999658 -1.109700 0.000000 0.000000 0.000000 1.000000
0.999788 -0.013504 0.015535 -0.000000 0.013174 0.999690 0.021108 9.694400 -0.015815 -0.020899 0.999656 -1.109700 0.000000 0.000000 0.000000 1.000000
0.999790 -0.013434 0.015498 0.000000 0.013119 0.999708 0.020299 9.694400 -0.015766 -0.020091 0.999674 -1.109700 0.000000 0.000000 0.000000 1.000000
0.999800 -0.012933 0.015241 -0.000000 0.012628 0.999721 0.019946 9.694400 -0.015495 -0.019750 0.999685 -1.109700 0.000000 0.000000 0.000000 1.000000
0.999805 -0.013086 0.014767 0.000000 0.012795 0.999726 0.019586 9.694400 -0.015019 -0.019393 0.999699 -1.109700 0.000000 0.000000 0.000000 1.000000
0.999817 -0.013052 0.013973 -0.000000 0.012771 0.999718 0.020037 9.694400 -0.014230 -0.019855 0.999702 -1.109700 0.000000 0.000000 0.000000 1.000000
0.999847 -0.011351 0.013320 -0.000000 0.011062 0.999705 0.021601 9.694400 -0.013561 -0.021450 0.999678 -1.109700 0.000000 0.000000 0.000000 1.000000
0.999861 -0.010637 0.012860 -0.000000 0.010363 0.999722 0.021161 9.694400 -0.013081 -0.021025 0.999693 -1.109700 0.000000 0.000000 0.000000 1.000000
0.999857 -0.011605 0.012340 -0.000000 0.011362 0.999744 0.019585 9.694400 -0.012564 -0.019442 0.999732 -1.109700 0.000000 0.000000 0.000000 1.000000
0.999851 -0.012151 0.012248 -0.000000 0.011917 0.999749 0.018984 9.694400 -0.012476 -0.018835 0.999745 -1.109700 0.000000 0.000000 0.000000 1.000000
0.999848 -0.012148 0.012534 0.000000 0.011917 0.999761 0.018312 9.694400 -0.012754 -0.018160 0.999754 -1.109700 0.000000 0.000000 0.000000 1.000000
0.999840 -0.012235 0.013018 0.000000 0.011996 0.999761 0.018274 9.694400 -0.013238 -0.018115 0.999748 -1.109700 0.000000 0.000000 0.000000 1.000000
0.999830 -0.012379 0.013665 0.000000 0.012122 0.999750 0.018782 9.694400 -0.013894 -0.018613 0.999730 -1.109700 0.000000 0.000000 0.000000 1.000000
0.999827 -0.012503 0.013752 -0.000000 0.012242 0.999746 0.018902 9.694400 -0.013985 -0.018731 0.999727 -1.109700 0.000000 0.000000 0.000000 1.000000
0.999827 -0.012727 0.013549 0.000000 0.012478 0.999753 0.018368 9.694400 -0.013780 -0.018196 0.999739 -1.109700 0.000000 0.000000 0.000000 1.000000
0.999827 -0.013043 0.013278 0.000000 0.012812 0.999767 0.017364 9.694400 -0.013502 -0.017190 0.999761 -1.109700 0.000000 0.000000 0.000000 1.000000
0.999833 -0.013254 0.012594 -0.000000 0.013046 0.999779 0.016473 9.694400 -0.012809 -0.016306 0.999785 -1.109700 0.000000 0.000000 0.000000 1.000000
0.999842 -0.013362 0.011763 0.000000 0.013176 0.999788 0.015797 9.694400 -0.011972 -0.015639 0.999806 -1.109700 0.000000 0.000000 0.000000 1.000000
0.999847 -0.013582 0.011004 0.000000 0.013414 0.999794 0.015202 9.694400 -0.011209 -0.015053 0.999824 -1.109700 0.000000 0.000000 0.000000 1.000000
0.999843 -0.014181 0.010631 0.000000 0.014035 0.999808 0.013683 9.694400 -0.010823 -0.013531 0.999850 -1.109700 0.000000 0.000000 0.000000 1.000000
0.999834 -0.014714 0.010771 0.000000 0.014579 0.999815 0.012546 9.694400 -0.010954 -0.012387 0.999863 -1.109700 0.000000 0.000000 0.000000 1.000000
0.999825 -0.014870 0.011320 0.000000 0.014724 0.999808 0.012891 9.694400 -0.011510 -0.012722 0.999853 -1.109700 0.000000 0.000000 0.000000 1.000000
0.999812 -0.015380 0.011826 0.000000 0.015225 0.999799 0.013047 9.694400 -0.012024 -0.012865 0.999845 -1.109700 0.000000 0.000000 0.000000 1.000000
0.999803 -0.015450 0.012500 0.000000 0.015279 0.999790 0.013650 9.694400 -0.012708 -0.013456 0.999829 -1.109700 0.000000 0.000000 0.000000 1.000000
0.999801 -0.014249 0.013952 -0.000000 0.014021 0.999769 0.016320 9.694400 -0.014181 -0.016121 0.999769 -1.109700 0.000000 0.000000 0.000000 1.000000
0.999792 -0.014030 0.014832 0.000000 0.013758 0.999738 0.018278 9.694400 -0.015084 -0.018070 0.999723 -1.109700 0.000000 0.000000 0.000000 1.000000
0.999787 -0.014175 0.014989 -0.000000 0.013883 0.999714 0.019468 9.694400 -0.015261 -0.019256 0.999698 -1.109700 0.000000 0.000000 0.000000 1.000000
0.999785 -0.014165 0.015131 0.000000 0.013861 0.999704 0.020005 9.694400 -0.015410 -0.019791 0.999685 -1.109700 0.000000 0.000000 0.000000 1.000000
0.999783 -0.015304 0.014147 0.000000 0.015044 0.999718 0.018353 9.694400 -0.014424 -0.018136 0.999731 -1.109700 0.000000 0.000000 0.000000 1.000000
0.999763 -0.017283 0.013225 0.000000 0.017083 0.999740 0.015121 9.694400 -0.013483 -0.014891 0.999798 -1.109700 0.000000 0.000000 0.000000 1.000000
0.999723 -0.019238 0.013551 0.000000 0.019077 0.999747 0.011876 9.694400 -0.013776 -0.011614 0.999838 -1.109700 0.000000 0.000000 0.000000 1.000000</float_array><technique_common><accessor source="#mixamorig7_Spine-Matrix-animation-output-transform-array" count="94" stride="16"><param type="float4x4"/></accessor></technique_common></source><source id="mixamorig7_Spine-Interpolations"><Name_array id="mixamorig7_Spine-Interpolations-array" count="94">
 LINEAR LINEAR LINEAR LINEAR LINEAR LINEAR LINEAR LINEAR LINEAR LINEAR LINEAR
LINEAR LINEAR LINEAR LINEAR LINEAR LINEAR LINEAR LINEAR LINEAR LINEAR LINEAR LINEAR
LINEAR LINEAR LINEAR LINEAR LINEAR LINEAR LINEAR LINEAR LINEAR LINEAR LINEAR LINEAR
LINEAR LINEAR LINEAR LINEAR LINEAR LINEAR LINEAR LINEAR LINEAR LINEAR LINEAR LINEAR
LINEAR LINEAR LINEAR LINEAR LINEAR LINEAR LINEAR LINEAR LINEAR LINEAR LINEAR LINEAR
LINEAR LINEAR LINEAR LINEAR LINEAR LINEAR LINEAR LINEAR LINEAR LINEAR LINEAR LINEAR
LINEAR LINEAR LINEAR LINEAR LINEAR LINEAR LINEAR LINEAR LINEAR LINEAR LINEAR LINEAR
LINEAR LINEAR LINEAR LINEAR LINEAR LINEAR LINEAR LINEAR LINEAR LINEAR LINEAR</Name_array><technique_common><accessor source="#mixamorig7_Spine-Interpolations-array" count="94"><param type="name"/></accessor></technique_common></source><sampler id="mixamorig7_Spine-Matrix-animation-transform"><input semantic="INPUT" source="#mixamorig7_Spine-Matrix-animation-input"/><input semantic="OUTPUT" source="#mixamorig7_Spine-Matrix-animation-output-transform"/><input semantic="INTERPOLATION" source="#mixamorig7_Spine-Interpolations"/></sampler><channel source="#mixamorig7_Spine-Matrix-animation-transform" target="mixamorig7_Spine/matrix"/></animation>
    <animation id="mixamorig7_Spine1-anim" name="mixamorig7_Spine1"><source id="mixamorig7_Spine1-Matrix-animation-input"><float_array id="mixamorig7_Spine1-Matrix-animation-input-array" count="94">

0.000000 0.033333 0.066667 0.100000 0.133333 0.166667 0.200000 0.233333 0.266667 0.300000 0.333333 0.366667 0.400000 0.433333 0.466667 0.500000
0.533333 0.566667 0.600000 0.633333 0.666667 0.700000 0.733333 0.766667 0.800000 0.833333 0.866667 0.900000 0.933333 0.966667 1.000000 1.033333
1.066667 1.100000 1.133333 1.166667 1.200000 1.233333 1.266667 1.300000 1.333333 1.366667 1.400000 1.433333 1.466667 1.500000 1.533333 1.566667
1.600000 1.633333 1.666667 1.700000 1.733333 1.766667 1.800000 1.833333 1.866667 1.900000 1.933333 1.966667 2.000000 2.033333 2.066667 2.100000
2.133333 2.166667 2.200000 2.233333 2.266667 2.300000 2.333333 2.366667 2.400000 2.433333 2.466667 2.500000 2.533333 2.566667 2.600000 2.633333
2.666667 2.700000 2.733333 2.766667 2.800000 2.833333 2.866667 2.900000 2.933333 2.966667 3.000000 3.033333 3.066667 3.100000</float_array><technique_common><accessor source="#mixamorig7_Spine1-Matrix-animation-input-array" count="94"><param name="TIME" type="float"/></accessor></technique_common></source><source id="mixamorig7_Spine1-Matrix-animation-output-transform"><float_array id="mixamorig7_Spine1-Matrix-animation-output-transform-array" count="1504">

0.999389 -0.007841 -0.034058 -0.000000 -0.004812 0.934354 -0.356313 11.384000 0.034616 0.356259 0.933746 0.000000 0.000000 0.000000 0.000000 1.000000
0.999391 -0.007761 -0.034032 0.000000 -0.004760 0.935556 -0.353146 11.384000 0.034580 0.353093 0.934949 0.000000 0.000000 0.000000 0.000000 1.000000
0.999413 -0.007441 -0.033433 0.000000 -0.004779 0.936276 -0.351232 11.384000 0.033916 0.351186 0.935691 -0.000000 0.000000 0.000000 0.000000 1.000000
0.999431 -0.007328 -0.032922 0.000000 -0.004661 0.936737 -0.350002 11.384000 0.033404 0.349957 0.936170 0.000000 0.000000 0.000000 0.000000 1.000000
0.999435 -0.007391 -0.032776 -0.000000 -0.004527 0.936987 -0.349336 11.384000 0.033292 0.349287 0.936424 0.000000 0.000000 0.000000 0.000000 1.000000
0.999440 -0.007380 -0.032642 0.000000 -0.004484 0.937054 -0.349155 11.384000 0.033164 0.349106 0.936496 0.000000 0.000000 0.000000 0.000000 1.000000
0.999441 -0.007467 -0.032581 0.000000 -0.004377 0.937096 -0.349044 11.384000 0.033138 0.348991 0.936540 0.000000 0.000000 0.000000 0.000000 1.000000
0.999437 -0.007661 -0.032658 0.000000 -0.004204 0.937283 -0.348545 11.384000 0.033280 0.348486 0.936723 0.000000 0.000000 0.000000 0.000000 1.000000
0.999446 -0.007644 -0.032387 0.000000 -0.004086 0.937705 -0.347407 11.384000 0.033025 0.347347 0.937155 -0.000000 0.000000 0.000000 0.000000 1.000000
0.999461 -0.007481 -0.031952 0.000000 -0.004007 0.938567 -0.345074 11.384000 0.032571 0.345016 0.938031 0.000000 0.000000 0.000000 0.000000 1.000000
0.999468 -0.007532 -0.031747 0.000000 -0.003748 0.940039 -0.341047 11.384000 0.032412 0.340984 0.939510 0.000000 0.000000 0.000000 0.000000 1.000000
0.999477 -0.007839 -0.031380 -0.000000 -0.003190 0.941569 -0.336805 11.384000 0.032187 0.336728 0.941052 0.000000 0.000000 0.000000 0.000000 1.000000
0.999505 -0.007245 -0.030628 0.000000 -0.003337 0.943258 -0.332045 11.384000 0.031296 0.331983 0.942766 0.000000 0.000000 0.000000 0.000000 1.000000
0.999541 -0.004487 -0.029964 0.000000 -0.005486 0.945823 -0.324638 11.384000 0.029797 0.324653 0.945364 -0.000000 0.000000 0.000000 0.000000 1.000000
0.999576 -0.002515 -0.029014 0.000000 -0.006834 0.948192 -0.317623 11.384000 0.028309 0.317686 0.947773 0.000000 0.000000 0.000000 0.000000 1.000000
0.999616 -0.002025 -0.027653 0.000000 -0.006747 0.949587 -0.313431 11.384000 0.026893 0.313497 0.949208 0.000000 0.000000 0.000000 0.000000 1.000000
0.999652 -0.001008 -0.026357 0.000000 -0.007190 0.951005 -0.309092 11.384000 0.025377 0.309174 0.950667 0.000000 0.000000 0.000000 0.000000 1.000000
0.999707 -0.001163 -0.024194 0.000000 -0.006194 0.953354 -0.301792 11.384000 0.023416 0.301853 0.953067 0.000000 0.000000 0.000000 0.000000 1.000000
0.999768 -0.002014 -0.021451 0.000000 -0.004251 0.957603 -0.288061 11.384000 0.021122 0.288085 0.957372 0.000000 0.000000 0.000000 0.000000 1.000000
0.999809 -0.001250 -0.019492 0.000000 -0.004026 0.963332 -0.268283 11.384000 0.019113 0.268310 0.963143 0.000000 0.000000 0.000000 0.000000 1.000000
0.999841 -0.000227 -0.017847 0.000000 -0.004103 0.970215 -0.242210 11.384000 0.017370 0.242245 0.970060 0.000000 0.000000 0.000000 0.000000 1.000000
0.999849 -0.000511 -0.017364 0.000000 -0.003155 0.977602 -0.210438 11.384000 0.017083 0.210461 0.977453 -0.000000 0.000000 0.000000 0.000000 1.000000
0.999808 -0.001247 -0.019545 0.000000 -0.002233 0.984208 -0.177003 11.384000 0.019457 0.177012 0.984016 -0.000000 0.000000 0.000000 0.000000 1.000000
0.999783 -0.001194 -0.020800 0.000000 -0.001807 0.989623 -0.143679 11.384000 0.020756 0.143685 0.989406 0.000000 0.000000 0.000000 0.000000 1.000000
0.999794 -0.001854 -0.020222 0.000000 -0.000445 0.993583 -0.113108 11.384000 0.020302 0.113093 0.993377 0.000000 0.000000 0.000000 0.000000 1.000000
0.999808 -0.002672 -0.019419 0.000000 0.000996 0.996314 -0.085780 11.384000 0.019576 0.085744 0.996125 0.000000 0.000000 0.000000 0.000000 1.000000
0.999859 -0.000083 -0.016779 0.000000 -0.000887 0.998330 -0.057770 11.384000 0.016756 0.057777 0.998189 -0.000000 0.000000 0.000000 0.000000 1.000000
0.999900 0.000412 -0.014123 0.000000 -0.000883 0.999444 -0.033330 11.384000 0.014101 0.033339 0.999345 -0.000000 0.000000 0.000000 0.000000 1.000000
0.999909 -0.001969 -0.013365 0.000000 0.001383 0.999043 -0.043719 11.384000 0.013438 0.043697 0.998954 0.000000 0.000000 0.000000 0.000000 1.000000
