<?xml version="1.0" encoding="utf-8"?>
<COLLADA xmlns="http://www.collada.org/2005/11/COLLADASchema" version="1.4.1">
  <asset><contributor><author>Mixamo</author><authoring_tool>COLLADA Mixamo exporter</authoring_tool><comments></comments></contributor><created>2020-02-25T10:27:48Z</created><modified>2020-02-25T10:27:48Z</modified><revision></revision><title></title><unit meter="0.010000"/><up_axis>Y_UP</up_axis></asset>
  <library_animations>
    <animation id="mixamorig7_Hips-anim" name="mixamorig7_Hips"><source id="mixamorig7_Hips-Matrix-animation-input"><float_array id="mixamorig7_Hips-Matrix-animation-input-array" count="72">

0.000000 0.033333 0.066667 0.100000 0.133333 0.166667 0.200000 0.233333 0.266667 0.300000 0.333333 0.366667 0.400000 0.433333 0.466667 0.500000
0.533333 0.566667 0.600000 0.633333 0.666667 0.700000 0.733333 0.766667 0.800000 0.833333 0.866667 0.900000 0.933333 0.966667 1.000000 1.033333
1.066667 1.100000 1.133333 1.166667 1.200000 1.233333 1.266667 1.300000 1.333333 1.366667 1.400000 1.433333 1.466667 1.500000 1.533333 1.566667
1.600000 1.633333 1.666667 1.700000 1.733333 1.766667 1.800000 1.833333 1.866667 1.900000 1.933333 1.966667 2.000000 2.033333 2.066667 2.100000
2.133333 2.166667 2.200000 2.233333 2.266667 2.300000 2.333333 2.366667</float_array><technique_common><accessor source="#mixamorig7_Hips-Matrix-animation-input-array" count="72"><param name="TIME" type="float"/></accessor></technique_common></source><source id="mixamorig7_Hips-Matrix-animation-output-transform"><float_array id="mixamorig7_Hips-Matrix-animation-output-transform-array" count="1152">

0.730069 0.052154 -0.681380 -0.293805 0.001120 0.996991 0.077512 93.101059 0.683372 -0.057352 0.727814 0.183458 0.000000 0.000000 0.000000 1.000000
0.747235 0.030123 -0.663876 -0.368182 -0.005394 0.999214 0.039267 92.515846 0.664538 -0.025761 0.746811 1.998860 0.000000 0.000000 0.000000 1.000000
0.761716 0.007296 -0.647870 -0.352860 -0.011233 0.999935 -0.001945 91.757874 0.647814 0.008759 0.761748 4.221699 0.000000 0.000000 0.000000 1.000000
0.773854 -0.018038 -0.633107 -0.339838 -0.013309 0.998911 -0.044728 91.011749 0.633225 0.043039 0.772771 6.971910 0.000000 0.000000 0.000000 1.000000
0.788326 -0.045068 -0.613605 -0.431159 -0.011156 0.996103 -0.087494 90.456345 0.615157 0.075819 0.784751 10.345275 0.000000 0.000000 0.000000 1.000000
0.811340 -0.062633 -0.581209 -0.640116 -0.013720 0.991930 -0.126046 90.100090 0.584413 0.110240 0.803933 14.374734 0.000000 0.000000 0.000000 1.000000
0.839010 -0.070025 -0.539592 -0.667598 -0.027721 0.984895 -0.170916 89.977654 0.543410 0.158358 0.824396 18.635582 0.000000 0.000000 0.000000 1.000000
0.860116 -0.073861 -0.504722 -0.249100 -0.048687 0.973057 -0.225367 90.174316 0.507769 0.218415 0.833346 22.575397 0.000000 0.000000 0.000000 1.000000
0.873267 -0.076075 -0.481266 0.289444 -0.072532 0.956434 -0.282797 90.248299 0.481813 0.281864 0.829704 25.853802 0.000000 0.000000 0.000000 1.000000
0.896243 -0.065789 -0.438657 0.793586 -0.111351 0.923901 -0.366072 89.632118 0.429359 0.376934 0.820714 28.715382 0.000000 0.000000 0.000000 1.000000
0.922030 -0.045471 -0.384439 1.141978 -0.152388 0.870266 -0.468417 87.972572 0.355864 0.490478 0.795482 30.903488 0.000000 0.000000 0.000000 1.000000
0.931187 -0.029233 -0.363367 0.975481 -0.190528 0.810772 -0.553487 86.117996 0.310788 0.584631 0.749411 33.777111 0.000000 0.000000 0.000000 1.000000
0.925374 -0.015059 -0.378757 0.753454 -0.245976 0.736402 -0.630244 84.460335 0.288408 0.676376 0.677743 37.085728 0.000000 0.000000 0.000000 1.000000
0.918585 -0.002712 -0.395214 0.116956 -0.290139 0.674382 -0.678990 82.050781 0.268367 0.738378 0.618690 40.821556 0.000000 0.000000 0.000000 1.000000
0.917306 0.019176 -0.397721 -0.946282 -0.315045 0.645792 -0.695485 79.016510 0.243508 0.763273 0.598430 45.877628 0.000000 0.000000 0.000000 1.000000
0.922217 0.044066 -0.384153 -1.879945 -0.327203 0.618324 -0.714573 76.105179 0.206043 0.784687 0.584647 51.996483 0.000000 0.000000 0.000000 1.000000
0.935011 0.047908 -0.351368 -2.538171 -0.314260 0.571013 -0.758409 73.921326 0.164302 0.819542 0.548959 59.316906 0.000000 0.000000 0.000000 1.000000
0.941097 0.039267 -0.335850 -2.917732 -0.309257 0.501600 -0.807934 73.935539 0.136737 0.864208 0.484197 67.563980 0.000000 0.000000 0.000000 1.000000
0.940722 0.034343 -0.337437 -3.400122 -0.318078 0.434757 -0.842504 75.810928 0.117769 0.899893 0.419909 77.837341 0.000000 0.000000 0.000000 1.000000
0.943941 0.024113 -0.329233 -4.207993 -0.313342 0.379305 -0.870600 78.325890 0.103887 0.924957 0.365597 90.825813 0.000000 0.000000 0.000000 1.000000
0.950013 0.002859 -0.312197 -5.113736 -0.297414 0.312474 -0.902167 80.674034 0.094974 0.949922 0.297704 106.466415 0.000000 0.000000 0.000000 1.000000
0.953189 0.015751 -0.301966 -6.024839 -0.297250 0.231925 -0.926204 81.943062 0.055445 0.972606 0.225750 120.326218 0.000000 0.000000 0.000000 1.000000
0.962356 0.015761 -0.271336 -6.805845 -0.271207 0.121213 -0.954858 83.781776 0.017840 0.992501 0.120925 133.872467 0.000000 0.000000 0.000000 1.000000
0.972837 -0.011402 -0.231212 -7.578032 -0.231355 -0.013402 -0.972777 85.878181 0.007993 0.999845 -0.015675 147.757538 0.000000 0.000000 0.000000 1.000000
0.979192 -0.040792 -0.198795 -8.408759 -0.202742 -0.153684 -0.967097 86.758698 0.008898 0.987278 -0.158757 162.023010 0.000000 0.000000 0.000000 1.000000
0.982134 -0.061883 -0.177716 -9.171470 -0.187985 -0.279465 -0.941574 85.927887 0.008602 0.958160 -0.286105 176.694153 0.000000 0.000000 0.000000 1.000000
0.979375 -0.070876 -0.189212 -9.509365 -0.201653 -0.401654 -0.893314 83.581635 -0.012683 0.913045 -0.407662 191.897812 0.000000 0.000000 0.000000 1.000000
0.965530 -0.092011 -0.243489 -8.997155 -0.254104 -0.535963 -0.805093 80.153938 -0.056424 0.839212 -0.540869 207.000488 0.000000 0.000000 0.000000 1.000000
0.937408 -0.155428 -0.311621 -7.911636 -0.335028 -0.646614 -0.685308 75.965317 -0.094983 0.746815 -0.658214 221.665146 0.000000 0.000000 0.000000 1.000000
0.889820 -0.222271 -0.398517 -6.253344 -0.425960 -0.717796 -0.550751 70.946098 -0.163638 0.659821 -0.733388 236.074661 0.000000 0.000000 0.000000 1.000000
0.825064 -0.288696 -0.485720 -4.145388 -0.502465 -0.768065 -0.396995 64.884995 -0.258454 0.571603 -0.778763 250.312698 0.000000 0.000000 0.000000 1.000000
0.750200 -0.356412 -0.556930 -2.194205 -0.543856 -0.811654 -0.213164 57.723984 -0.376060 0.462805 -0.802740 264.537445 0.000000 0.000000 0.000000 1.000000
0.669390 -0.420215 -0.612647 -0.716368 -0.540542 -0.841207 -0.013622 49.124313 -0.509638 0.340280 -0.790239 278.572601 0.000000 0.000000 0.000000 1.000000
0.584622 -0.475098 -0.657647 0.288678 -0.491416 -0.852351 0.178906 39.003712 -0.645544 0.218586 -0.731774 291.934601 0.000000 0.000000 0.000000 1.000000
0.496983 -0.566212 -0.657581 1.018584 -0.351151 -0.824198 0.444287 29.103975 -0.793537 0.010107 -0.608438 304.437439 0.000000 0.000000 0.000000 1.000000
0.443666 -0.673659 -0.591054 2.310462 -0.115811 -0.697084 0.707575 21.114246 -0.888678 -0.245476 -0.387290 315.540100 0.000000 0.000000 0.000000 1.000000
0.436353 -0.757838 -0.485055 2.571026 0.122866 -0.483849 0.866484 15.687090 -0.891347 -0.437690 -0.118016 324.081360 0.000000 0.000000 0.000000 1.000000
0.462769 -0.752518 -0.468574 1.261867 0.349845 -0.330645 0.876517 13.454844 -0.814527 -0.569553 0.110252 331.016479 0.000000 0.000000 0.000000 1.000000
0.501067 -0.662571 -0.556714 -1.990529 0.570330 -0.231014 0.788262 14.615220 -0.650889 -0.712483 0.262131 336.841431 0.000000 0.000000 0.000000 1.000000
0.512046 -0.529203 -0.676574 -5.486197 0.749766 -0.108966 0.652670 18.668217 -0.419119 -0.841469 0.340983 343.368561 0.000000 0.000000 0.000000 1.000000
0.536694 -0.455878 -0.710025 -6.214699 0.821293 0.089277 0.563478 19.582031 -0.193488 -0.885554 0.422324 350.043335 0.000000 0.000000 0.000000 1.000000
0.583109 -0.436769 -0.684994 -5.262019 0.812134 0.334708 0.477921 18.672688 0.020532 -0.834987 0.549887 355.463715 0.000000 0.000000 0.000000 1.000000
0.571022 -0.443404 -0.690888 -1.876121 0.790968 0.522471 0.318423 19.344103 0.219780 -0.728297 0.649061 360.275177 0.000000 0.000000 0.000000 1.000000
0.519988 -0.478851 -0.707329 1.787233 0.757798 0.640728 0.123326 22.177448 0.394151 -0.600140 0.696044 365.824982 0.000000 0.000000 0.000000 1.000000
0.509367 -0.483790 -0.711682 4.320131 0.674394 0.738125 -0.019087 25.457331 0.534545 -0.470232 0.702242 372.613251 0.000000 0.000000 0.000000 1.000000
0.534802 -0.421198 -0.732515 5.610507 0.551092 0.831023 -0.075493 29.435852 0.640534 -0.363309 0.676552 380.241669 0.000000 0.000000 0.000000 1.000000
0.543054 -0.366007 -0.755733 7.314351 0.452204 0.885823 -0.104066 34.277500 0.707534 -0.285232 0.646559 387.859009 0.000000 0.000000 0.000000 1.000000
0.527366 -0.347127 -0.775492 9.232309 0.389113 0.910062 -0.142750 39.527710 0.755299 -0.226473 0.615007 394.620392 0.000000 0.000000 0.000000 1.000000
0.542385 -0.313087 -0.779612 9.772623 0.326011 0.933685 -0.148152 45.204304 0.774297 -0.173807 0.608486 400.877136 0.000000 0.000000 0.000000 1.000000
0.580513 -0.275311 -0.766295 9.109958 0.266963 0.953438 -0.140307 50.696831 0.769243 -0.123123 0.626982 406.669525 0.000000 0.000000 0.000000 1.000000
0.606580 -0.254310 -0.753251 8.080672 0.217614 0.964385 -0.150352 55.603973 0.764660 -0.072717 0.640318 411.343719 0.000000 0.000000 0.000000 1.000000
0.612139 -0.234794 -0.755088 7.036202 0.173368 0.971518 -0.161546 60.591759 0.771511 -0.032019 0.635410 415.159302 0.000000 0.000000 0.000000 1.000000
0.602749 -0.208825 -0.770121 6.277440 0.136669 0.977903 -0.158200 65.642975 0.786139 -0.009897 0.617970 418.462189 0.000000 0.000000 0.000000 1.000000
0.595761 -0.175518 -0.783749 5.729310 0.100437 0.984450 -0.144118 70.590370 0.796857 0.007142 0.604126 421.448639 0.000000 0.000000 0.000000 1.000000
0.593761 -0.143115 -0.791812 5.333475 0.067391 0.989443 -0.128301 75.204384 0.801814 0.022819 0.597137 424.159637 0.000000 0.000000 0.000000 1.000000
0.582552 -0.123220 -0.803399 5.139390 0.043607 0.991756 -0.120489 79.322021 0.811623 0.035157 0.583123 426.378204 0.000000 0.000000 0.000000 1.000000
0.567851 -0.106443 -0.816220 5.018102 0.022468 0.993239 -0.113897 83.059143 0.822825 0.046337 0.566403 428.066772 0.000000 0.000000 0.000000 1.000000
0.559106 -0.085444 -0.824682 4.813017 0.001186 0.994757 -0.102261 86.545563 0.829095 0.056197 0.556276 429.410858 0.000000 0.000000 0.000000 1.000000
0.555567 -0.068671 -0.828631 4.530020 -0.013038 0.995742 -0.091261 89.586655 0.831369 0.061506 0.552306 430.414124 0.000000 0.000000 0.000000 1.000000
0.557490 -0.054183 -0.828413 4.051916 -0.017683 0.996867 -0.077100 91.840775 0.829995 0.057631 0.554785 430.975555 0.000000 0.000000 0.000000 1.000000
0.570217 -0.035995 -0.820705 3.217833 -0.015757 0.998377 -0.054735 93.185631 0.821343 0.044142 0.568724 431.000946 0.000000 0.000000 0.000000 1.000000
0.598176 -0.014740 -0.801229 2.140057 -0.017030 0.999371 -0.031099 93.979446 0.801184 0.032248 0.597548 430.859100 0.000000 0.000000 0.000000 1.000000
0.631342 0.000223 -0.775505 1.135125 -0.018361 0.999724 -0.014660 94.468384 0.775287 0.023495 0.631172 430.842834 0.000000 0.000000 0.000000 1.000000
0.655537 0.007791 -0.755123 0.297155 -0.014095 0.999899 -0.001920 94.545319 0.755032 0.011903 0.655580 430.878387 0.000000 0.000000 0.000000 1.000000
0.670667 0.015138 -0.741604 -0.272802 -0.009701 0.999885 0.011637 94.364197 0.741695 -0.000611 0.670737 431.006256 0.000000 0.000000 0.000000 1.000000
0.681444 0.021281 -0.731561 -0.543798 -0.007089 0.999722 0.022479 94.140106 0.731836 -0.010132 0.681405 431.191284 0.000000 0.000000 0.000000 1.000000
0.691468 0.025996 -0.721939 -0.604957 -0.006669 0.999539 0.029604 93.876854 0.722376 -0.015656 0.691323 431.351288 0.000000 0.000000 0.000000 1.000000
0.703343 0.032422 -0.710111 -0.549640 -0.007818 0.999252 0.037880 93.556374 0.710807 -0.021091 0.703070 431.513336 0.000000 0.000000 0.000000 1.000000
0.712636 0.039922 -0.700397 -0.472992 -0.006945 0.998732 0.049860 93.321663 0.701499 -0.030668 0.712010 431.707825 0.000000 0.000000 0.000000 1.000000
0.716370 0.045147 -0.696258 -0.419905 -0.003514 0.998125 0.061105 93.235214 0.697711 -0.041327 0.715186 431.915314 0.000000 0.000000 0.000000 1.000000
0.720552 0.048630 -0.691693 -0.371328 -0.000425 0.997568 0.069693 93.183350 0.693401 -0.049924 0.718821 432.097504 0.000000 0.000000 0.000000 1.000000
0.730069 0.052154 -0.681380 -0.293808 0.001120 0.996991 0.077511 93.101044 0.683372 -0.057352 0.727814 432.230957 0.000000 0.000000 0.000000 1.000000</float_array><technique_common><accessor source="#mixamorig7_Hips-Matrix-animation-output-transform-array" count="72" stride="16"><param type="float4x4"/></accessor></technique_common></source><source id="mixamorig7_Hips-Interpolations"><Name_array id="mixamorig7_Hips-Interpolations-array" count="72">
 LINEAR LINEAR LINEAR LINEAR LINEAR LINEAR LINEAR LINEAR LINEAR LINEAR LINEAR
LINEAR LINEAR LINEAR LINEAR LINEAR LINEAR LINEAR LINEAR LINEAR LINEAR LINEAR LINEAR
LINEAR LINEAR LINEAR LINEAR LINEAR LINEAR LINEAR LINEAR LINEAR LINEAR LINEAR LINEAR
LINEAR LINEAR LINEAR LINEAR LINEAR LINEAR LINEAR LINEAR LINEAR LINEAR LINEAR LINEAR
LINEAR LINEAR LINEAR LINEAR LINEAR LINEAR LINEAR LINEAR LINEAR LINEAR LINEAR LINEAR
LINEAR LINEAR LINEAR LINEAR LINEAR LINEAR LINEAR LINEAR LINEAR LINEAR LINEAR LINEAR
LINEAR</Name_array><technique_common><accessor source="#mixamorig7_Hips-Interpolations-array" count="72"><param type="name"/></accessor></technique_common></source><sampler id="mixamorig7_Hips-Matrix-animation-transform"><input semantic="INPUT" source="#mixamorig7_Hips-Matrix-animation-input"/><input semantic="OUTPUT" source="#mixamorig7_Hips-Matrix-animation-output-transform"/><input semantic="INTERPOLATION" source="#mixamorig7_Hips-Interpolations"/></sampler><channel source="#mixamorig7_Hips-Matrix-animation-transform" target="mixamorig7_Hips/matrix"/></animation>
    <animation id="mixamorig7_Spine-anim" name="mixamorig7_Spine"><source id="mixamorig7_Spine-Matrix-animation-input"><float_array id="mixamorig7_Spine-Matrix-animation-input-array" count="72">

0.000000 0.033333 0.066667 0.100000 0.133333 0.166667 0.200000 0.233333 0.266667 0.300000 0.333333 0.366667 0.400000 0.433333 0.466667 0.500000
0.533333 0.566667 0.600000 0.633333 0.666667 0.700000 0.733333 0.766667 0.800000 0.833333 0.866667 0.900000 0.933333 0.966667 1.000000 1.033333
1.066667 1.100000 1.133333 1.166667 1.200000 1.233333 1.266667 1.300000 1.333333 1.366667 1.400000 1.433333 1.466667 1.500000 1.533333 1.566667
1.600000 1.633333 1.666667 1.700000 1.733333 1.766667 1.800000 1.833333 1.866667 1.900000 1.933333 1.966667 2.000000 2.033333 2.066667 2.100000
2.133333 2.166667 2.200000 2.233333 2.266667 2.300000 2.333333 2.366667</float_array><technique_common><accessor source="#mixamorig7_Spine-Matrix-animation-input-array" count="72"><param name="TIME" type="float"/></accessor></technique_common></source><source id="mixamorig7_Spine-Matrix-animation-output-transform"><float_array id="mixamorig7_Spine-Matrix-animation-output-transform-array" count="1152">

0.996617 0.011004 0.081451 -0.000000 -0.012069 0.999848 0.012588 9.694400 -0.081300 -0.013528 0.996598 -1.109700 0.000000 0.000000 0.000000 1.000000
0.997372 0.010044 0.071749 0.000000 -0.011626 0.999698 0.021672 9.694400 -0.071510 -0.022449 0.997187 -1.109700 0.000000 0.000000 0.000000 1.000000
0.997970 0.008403 0.063127 0.000000 -0.010335 0.999486 0.030340 9.694400 -0.062839 -0.030931 0.997544 -1.109700 0.000000 0.000000 0.000000 1.000000
0.998402 0.008294 0.055898 0.000000 -0.010487 0.999182 0.039054 9.694400 -0.055528 -0.039578 0.997672 -1.109700 0.000000 0.000000 0.000000 1.000000
0.998765 0.010817 0.048484 -0.000000 -0.013170 0.998738 0.048472 9.694400 -0.047898 -0.049050 0.997647 -1.109700 0.000000 0.000000 0.000000 1.000000
0.999133 0.011219 0.040091 -0.000000 -0.013470 0.998322 0.056320 9.694400 -0.039392 -0.056811 0.997608 -1.109700 0.000000 0.000000 0.000000 1.000000
0.999445 0.006489 0.032678 -0.000000 -0.008491 0.998072 0.061491 9.694400 -0.032215 -0.061735 0.997573 -1.109700 0.000000 0.000000 0.000000 1.000000
0.999646 0.000497 0.026585 0.000000 -0.002063 0.998261 0.058910 9.694400 -0.026510 -0.058944 0.997909 -1.109700 0.000000 0.000000 0.000000 1.000000
0.999771 -0.001403 0.021373 0.000000 0.000364 0.998821 0.048538 9.694400 -0.021416 -0.048519 0.998593 -1.109700 0.000000 0.000000 0.000000 1.000000
0.999878 -0.006579 0.014170 0.000000 0.005943 0.998995 0.044436 9.694400 -0.014448 -0.044347 0.998912 -1.109700 0.000000 0.000000 0.000000 1.000000
0.999849 -0.015830 0.007203 0.000000 0.015502 0.998932 0.043515 9.694400 -0.007884 -0.043397 0.999027 -1.109700 0.000000 0.000000 0.000000 1.000000
0.999703 -0.022370 0.009633 -0.000000 0.021986 0.999027 0.038220 9.694400 -0.010478 -0.037997 0.999223 -1.109700 0.000000 0.000000 0.000000 1.000000
0.999368 -0.027587 0.022428 -0.000000 0.026676 0.998846 0.039932 9.694400 -0.023504 -0.039309 0.998951 -1.109700 0.000000 0.000000 0.000000 1.000000
0.999041 -0.029402 0.032457 -0.000000 0.028045 0.998745 0.041503 9.694400 -0.033636 -0.040553 0.998611 -1.109700 0.000000 0.000000 0.000000 1.000000
0.998853 -0.031782 0.035805 0.000000 0.030402 0.998799 0.038432 9.694400 -0.036983 -0.037299 0.998620 -1.109700 0.000000 0.000000 0.000000 1.000000
0.998601 -0.038624 0.036120 -0.000000 0.037151 0.998485 0.040599 9.694400 -0.037633 -0.039201 0.998522 -1.109700 0.000000 0.000000 0.000000 1.000000
0.998516 -0.043235 0.033101 0.000000 0.041533 0.997861 0.050473 9.694400 -0.035212 -0.049023 0.998177 -1.109700 0.000000 0.000000 0.000000 1.000000
0.998520 -0.043925 0.032074 0.000000 0.042024 0.997448 0.057711 9.694400 -0.034527 -0.056278 0.997818 -1.109700 0.000000 0.000000 0.000000 1.000000
0.998552 -0.043351 0.031866 0.000000 0.041611 0.997708 0.053364 9.694400 -0.034106 -0.051961 0.998067 -1.109700 0.000000 0.000000 0.000000 1.000000
0.998708 -0.043256 0.026683 0.000000 0.042015 0.998083 0.045440 9.694400 -0.028598 -0.044260 0.998611 -1.109700 0.000000 0.000000 0.000000 1.000000
0.998804 -0.044696 0.019809 0.000000 0.043882 0.998243 0.039815 9.694400 -0.021553 -0.038898 0.999011 -1.109700 0.000000 0.000000 0.000000 1.000000
0.998286 -0.054380 0.021646 0.000000 0.053632 0.997991 0.033738 9.694400 -0.023437 -0.032519 0.999196 -1.109700 0.000000 0.000000 0.000000 1.000000
0.997695 -0.063289 0.024462 0.000000 0.062362 0.997370 0.036942 9.694400 -0.026736 -0.035331 0.999018 -1.109700 0.000000 0.000000 0.000000 1.000000
0.997643 -0.064448 0.023571 0.000000 0.063348 0.996987 0.044768 9.694400 -0.026385 -0.043169 0.998719 -1.109700 0.000000 0.000000 0.000000 1.000000
0.997833 -0.062124 0.021660 0.000000 0.060914 0.996754 0.052641 9.694400 -0.024860 -0.051208 0.998379 -1.109700 0.000000 0.000000 0.000000 1.000000
0.997955 -0.061361 0.017906 0.000000 0.060248 0.996545 0.057170 9.694400 -0.021352 -0.055974 0.998204 -1.109700 0.000000 0.000000 0.000000 1.000000
0.997639 -0.067999 0.009642 -0.000000 0.067315 0.995979 0.059116 9.694400 -0.013623 -0.058327 0.998205 -1.109700 0.000000 0.000000 0.000000 1.000000
0.996921 -0.078373 0.002405 0.000000 0.078081 0.995074 0.061081 9.694400 -0.007181 -0.060705 0.998130 -1.109700 0.000000 0.000000 0.000000 1.000000
0.997061 -0.076583 0.002093 0.000000 0.076320 0.995283 0.059895 9.694400 -0.006670 -0.059559 0.998202 -1.109700 0.000000 0.000000 0.000000 1.000000
0.997079 -0.076146 0.005938 0.000000 0.075765 0.995915 0.049116 9.694400 -0.009654 -0.048523 0.998775 -1.109700 0.000000 0.000000 0.000000 1.000000
0.996884 -0.078576 0.006964 0.000000 0.078321 0.996433 0.031415 9.694400 -0.009408 -0.030772 0.999482 -1.109700 0.000000 0.000000 0.000000 1.000000
0.996975 -0.077666 0.003063 -0.000000 0.077631 0.996928 0.010415 9.694400 -0.003863 -0.010146 0.999941 -1.109700 0.000000 0.000000 0.000000 1.000000
0.997495 -0.070733 -0.000329 0.000000 0.070722 0.997403 -0.013638 9.694400 0.001292 0.013580 0.999907 -1.109700 0.000000 0.000000 0.000000 1.000000
0.998819 -0.048428 -0.003943 -0.000000 0.048236 0.998060 -0.039365 9.694400 0.005842 0.039129 0.999217 -1.109700 0.000000 0.000000 0.000000 1.000000
0.999808 -0.015683 -0.011746 -0.000000 0.015110 0.998759 -0.047451 9.694400 0.012475 0.047264 0.998805 -1.109700 0.000000 0.000000 0.000000 1.000000
0.999933 0.006541 -0.009515 0.000000 -0.006832 0.999500 -0.030857 9.694400 0.009309 0.030920 0.999479 -1.109700 0.000000 0.000000 0.000000 1.000000
0.999780 0.020954 0.000741 0.000000 -0.020960 0.999739 0.009056 9.694400 -0.000551 -0.009070 0.999959 -1.109700 0.000000 0.000000 0.000000 1.000000
0.999760 0.020540 0.007675 0.000000 -0.020762 0.999332 0.030088 9.694400 -0.007052 -0.030240 0.999518 -1.109700 0.000000 0.000000 0.000000 1.000000
0.999891 0.010634 0.010231 0.000000 -0.010741 0.999888 0.010425 9.694400 -0.010119 -0.010534 0.999893 -1.109700 0.000000 0.000000 0.000000 1.000000
0.999782 0.015359 0.014176 0.000000 -0.014988 0.999551 -0.025953 9.694400 -0.014569 0.025735 0.999563 -1.109700 0.000000 0.000000 0.000000 1.000000
0.999678 0.020194 0.015348 -0.000000 -0.019541 0.998945 -0.041552 9.694400 -0.016171 0.041239 0.999018 -1.109700 0.000000 0.000000 0.000000 1.000000
0.999733 0.020019 0.011544 -0.000000 -0.019557 0.999052 -0.038882 9.694400 -0.012312 0.038646 0.999177 -1.109700 0.000000 0.000000 0.000000 1.000000
0.999523 0.029631 0.008694 0.000000 -0.029303 0.998933 -0.035703 9.694400 -0.009742 0.035432 0.999325 -1.109700 0.000000 0.000000 0.000000 1.000000
0.998767 0.048648 0.009925 0.000000 -0.048362 0.998458 -0.027258 9.694400 -0.011236 0.026744 0.999579 -1.109700 0.000000 0.000000 0.000000 1.000000
0.997903 0.063868 0.010497 0.000000 -0.063721 0.997873 -0.013763 9.694400 -0.011354 0.013066 0.999850 -1.109700 0.000000 0.000000 0.000000 1.000000
0.997702 0.066513 0.012898 0.000000 -0.066375 0.997736 -0.010850 9.694400 -0.013591 0.009969 0.999858 -1.109700 0.000000 0.000000 0.000000 1.000000
0.997793 0.063341 0.019929 0.000000 -0.063114 0.997936 -0.011805 9.694400 -0.020636 0.010522 0.999732 -1.109700 0.000000 0.000000 0.000000 1.000000
0.997722 0.061580 0.027543 0.000000 -0.061438 0.998093 -0.005985 9.694400 -0.027859 0.004279 0.999603 -1.109700 0.000000 0.000000 0.000000 1.000000
0.997886 0.056773 0.031616 0.000000 -0.056846 0.998382 0.001401 9.694400 -0.031485 -0.003195 0.999499 -1.109700 0.000000 0.000000 0.000000 1.000000
0.998137 0.047651 0.038113 -0.000000 -0.048128 0.998773 0.011696 9.694400 -0.037509 -0.013508 0.999205 -1.109700 0.000000 0.000000 0.000000 1.000000
0.998161 0.041205 0.044470 0.000000 -0.042250 0.998846 0.022821 9.694400 -0.043478 -0.024657 0.998750 -1.109700 0.000000 0.000000 0.000000 1.000000
0.997938 0.039527 0.050568 0.000000 -0.041106 0.998687 0.030583 9.694400 -0.049293 -0.032598 0.998252 -1.109700 0.000000 0.000000 0.000000 1.000000
0.997457 0.039650 0.059215 0.000000 -0.041634 0.998599 0.032654 9.694400 -0.057838 -0.035037 0.997711 -1.109700 0.000000 0.000000 0.000000 1.000000
0.997001 0.036195 0.068401 0.000000 -0.038461 0.998744 0.032111 9.694400 -0.067153 -0.034645 0.997141 -1.109700 0.000000 0.000000 0.000000 1.000000
0.996671 0.031283 0.075290 -0.000000 -0.033876 0.998868 0.033405 9.694400 -0.074160 -0.035845 0.996602 -1.109700 0.000000 0.000000 0.000000 1.000000
0.996294 0.029936 0.080641 0.000000 -0.033058 0.998744 0.037662 9.694400 -0.079412 -0.040188 0.996031 -1.109700 0.000000 0.000000 0.000000 1.000000
0.996050 0.027133 0.084550 0.000000 -0.030799 0.998628 0.042359 9.694400 -0.083285 -0.044796 0.995518 -1.109700 0.000000 0.000000 0.000000 1.000000
0.996075 0.021310 0.085910 0.000000 -0.025192 0.998698 0.044354 9.694400 -0.084853 -0.046344 0.995315 -1.109700 0.000000 0.000000 0.000000 1.000000
0.996104 0.017383 0.086459 0.000000 -0.021296 0.998781 0.044539 9.694400 -0.085579 -0.046207 0.995259 -1.109700 0.000000 0.000000 0.000000 1.000000
0.996091 0.015542 0.086955 -0.000000 -0.019347 0.998884 0.043091 9.694400 -0.086188 -0.044605 0.995280 -1.109700 0.000000 0.000000 0.000000 1.000000
0.996055 0.016127 0.087264 0.000000 -0.019663 0.999014 0.039806 9.694400 -0.086536 -0.041365 0.995390 -1.109700 0.000000 0.000000 0.000000 1.000000
0.996104 0.015854 0.086746 0.000000 -0.019163 0.999115 0.037436 9.694400 -0.086076 -0.038953 0.995527 -1.109700 0.000000 0.000000 0.000000 1.000000
0.996158 0.015800 0.086141 0.000000 -0.019134 0.999094 0.038015 9.694400 -0.085462 -0.039517 0.995557 -1.109700 0.000000 0.000000 0.000000 1.000000
0.996141 0.018194 0.085856 0.000000 -0.021570 0.999024 0.038556 9.694400 -0.085071 -0.040259 0.995561 -1.109700 0.000000 0.000000 0.000000 1.000000
0.996136 0.020092 0.085498 0.000000 -0.023310 0.999050 0.036818 9.694400 -0.084677 -0.038669 0.995658 -1.109700 0.000000 0.000000 0.000000 1.000000
0.996138 0.020317 0.085413 -0.000000 -0.023292 0.999151 0.033972 9.694400 -0.084650 -0.035830 0.995766 -1.109700 0.000000 0.000000 0.000000 1.000000
0.996151 0.018868 0.085600 0.000000 -0.021613 0.999278 0.031244 9.694400 -0.084948 -0.032974 0.995840 -1.109700 0.000000 0.000000 0.000000 1.000000
0.996263 0.016240 0.084827 0.000000 -0.018658 0.999440 0.027788 9.694400 -0.084328 -0.029267 0.996008 -1.109700 0.000000 0.000000 0.000000 1.000000
0.996393 0.014292 0.083651 -0.000000 -0.016277 0.999601 0.023088 9.694400 -0.083287 -0.024366 0.996228 -1.109700 0.000000 0.000000 0.000000 1.000000
0.996409 0.013566 0.083576 0.000000 -0.015193 0.999707 0.018859 9.694400 -0.083296 -0.020061 0.996323 -1.109700 0.000000 0.000000 0.000000 1.000000
0.996451 0.012668 0.083220 0.000000 -0.014028 0.999777 0.015775 9.694400 -0.083002 -0.016886 0.996406 -1.109700 0.000000 0.000000 0.000000 1.000000
0.996617 0.011004 0.081450 0.000000 -0.012069 0.999848 0.012588 9.694400 -0.081299 -0.013528 0.996598 -1.109700 0.000000 0.000000 0.000000 1.000000</float_array><technique_common><accessor source="#mixamorig7_Spine-Matrix-animation-output-transform-array" count="72" stride="16"><param type="float4x4"/></accessor></technique_common></source><source id="mixamorig7_Spine-Interpolations"><Name_array id="mixamorig7_Spine-Interpolations-array" count="72">
 LINEAR LINEAR LINEAR LINEAR LINEAR LINEAR LINEAR LINEAR LINEAR LINEAR LINEAR
LINEAR LINEAR LINEAR LINEAR LINEAR LINEAR LINEAR LINEAR LINEAR LINEAR LINEAR LINEAR
LINEAR LINEAR LINEAR LINEAR LINEAR LINEAR LINEAR LINEAR LINEAR LINEAR LINEAR LINEAR
LINEAR LINEAR LINEAR LINEAR LINEAR LINEAR LINEAR LINEAR LINEAR LINEAR LINEAR LINEAR
LINEAR LINEAR LINEAR LINEAR LINEAR LINEAR LINEAR LINEAR LINEAR LINEAR LINEAR LINEAR
LINEAR LINEAR LINEAR LINEAR LINEAR LINEAR LINEAR LINEAR LINEAR LINEAR LINEAR LINEAR
LINEAR</Name_array><technique_common><accessor source="#mixamorig7_Spine-Interpolations-array" count="72"><param type="name"/></accessor></technique_common></source><sampler id="mixamorig7_Spine-Matrix-animation-transform"><input semantic="INPUT" source="#mixamorig7_Spine-Matrix-animation-input"/><input semantic="OUTPUT" source="#mixamorig7_Spine-Matrix-animation-output-transform"/><input semantic="INTERPOLATION" source="#mixamorig7_Spine-Interpolations"/></sampler><channel source="#mixamorig7_Spine-Matrix-animation-transform" target="mixamorig7_Spine/matrix"/></animation>
    <animation id="mixamorig7_Spine1-anim" name="mixamorig7_Spine1"><source id="mixamorig7_Spine1-Matrix-animation-input"><float_array id="mixamorig7_Spine1-Matrix-animation-input-array" count="72">

0.000000 0.033333 0.066667 0.100000 0.133333 0.166667 0.200000 0.233333 0.266667 0.300000 0.333333 0.366667 0.400000 0.433333 0.466667 0.500000
0.533333 0.566667 0.600000 0.633333 0.666667 0.700000 0.733333 0.766667 0.800000 0.833333 0.866667 0.900000 0.933333 0.966667 1.000000 1.033333
1.066667 1.100000 1.133333 1.166667 1.200000 1.233333 1.266667 1.300000 1.333333 1.366667 1.400000 1.433333 1.466667 1.500000 1.533333 1.566667
1.600000 1.633333 1.666667 1.700000 1.733333 1.766667 1.800000 1.833333 1.866667 1.900000 1.933333 1.966667 2.000000 2.033333 2.066667 2.100000
2.133333 2.166667 2.200000 2.233333 2.266667 2.300000 2.333333 2.366667</float_array><technique_common><accessor source="#mixamorig7_Spine1-Matrix-animation-input-array" count="72"><param name="TIME" type="float"/></accessor></technique_common></source><source id="mixamorig7_Spine1-Matrix-animation-output-transform"><float_array id="mixamorig7_Spine1-Matrix-animation-output-transform-array" count="1152">

0.986155 0.034922 0.162106 0.000000 -0.001634 0.979572 -0.201087 11.384000 -0.165817 0.198039 0.966067 0.000000 0.000000 0.000000 0.000000 1.000000
0.989123 0.033607 0.143200 0.000000 -0.006800 0.982956 -0.183716 11.384000 -0.146933 0.180744 0.972493 0.000000 0.000000 0.000000 0.000000 1.000000
0.991487 0.031828 0.126254 0.000000 -0.010387 0.985906 -0.166977 11.384000 -0.129790 0.164245 0.977844 0.000000 0.000000 0.000000 0.000000 1.000000
0.993168 0.033567 0.111758 0.000000 -0.016520 0.988534 -0.150094 11.384000 -0.115514 0.147222 0.982335 0.000000 0.000000 0.000000 0.000000 1.000000
0.994516 0.039919 0.096670 -0.000000 -0.026970 0.990919 -0.131728 11.384000 -0.101050 0.128398 0.986561 0.000000 0.000000 0.000000 0.000000 1.000000
0.995871 0.042705 0.080110 0.000000 -0.033218 0.992668 -0.116217 11.384000 -0.084486 0.113076 0.989988 0.000000 0.000000 0.000000 0.000000 1.000000
0.997197 0.035906 0.065642 0.000000 -0.028828 0.993973 -0.105763 11.384000 -0.069044 0.103574 0.992222 0.000000 0.000000 0.000000 0.000000 1.000000
0.998276 0.025743 0.052749 -0.000000 -0.019777 0.993662 -0.110656 11.384000 -0.055263 0.109422 0.992458 0.000000 0.000000 0.000000 0.000000 1.000000
0.999006 0.020638 0.039516 -0.000000 -0.015295 0.991259 -0.131039 11.384000 -0.041875 0.130304 0.990589 -0.000000 0.000000 0.000000 0.000000 1.000000
0.999723 0.008016 0.022121 -0.000000 -0.004867 0.990297 -0.138883 11.384000 -0.023019 0.138737 0.990062 -0.000000 0.000000 0.000000 0.000000 1.000000
0.999909 -0.012305 0.005512 -0.000000 0.012958 0.989994 -0.140515 11.384000 -0.003728 0.140573 0.990063 0.000000 0.000000 0.000000 0.000000 1.000000
0.999691 -0.023814 0.007171 0.000000 0.024624 0.988226 -0.151010 11.384000 -0.003490 0.151140 0.988506 0.000000 0.000000 0.000000 0.000000 1.000000
0.999274 -0.028467 0.025329 0.000000 0.031905 0.988510 -0.147749 11.384000 -0.020833 0.148450 0.988701 -0.000000 0.000000 0.000000 0.000000 1.000000
0.998929 -0.027167 0.037444 0.000000 0.032324 0.988930 -0.144823 11.384000 -0.033095 0.145878 0.988749 -0.000000 0.000000 0.000000 0.000000 1.000000
0.998817 -0.027489 0.040120 0.000000 0.033258 0.987966 -0.151050 11.384000 -0.035485 0.152206 0.987712 0.000000 0.000000 0.000000 0.000000 1.000000
0.998480 -0.037148 0.040704 0.000000 0.042750 0.988246 -0.146776 11.384000 -0.034773 0.148293 0.988332 0.000000 0.000000 0.000000 0.000000 1.000000
0.998170 -0.046372 0.038821 0.000000 0.050962 0.990584 -0.127072 11.384000 -0.032563 0.128817 0.991134 0.000000 0.000000 0.000000 0.000000 1.000000
0.997968 -0.049380 0.040255 -0.000000 0.053636 0.992193 -0.112585 11.384000 -0.034381 0.114515 0.992826 0.000000 0.000000 0.000000 0.000000 1.000000
0.997740 -0.050762 0.044029 0.000000 0.055767 0.991071 -0.121113 11.384000 -0.037488 0.123295 0.991662 -0.000000 0.000000 0.000000 0.000000 1.000000
0.997664 -0.055862 0.039330 0.000000 0.060750 0.988757 -0.136633 11.384000 -0.031255 0.138703 0.989841 -0.000000 0.000000 0.000000 0.000000 1.000000
0.997469 -0.064787 0.029279 0.000000 0.068419 0.986674 -0.147627 11.384000 -0.019324 0.149257 0.988610 -0.000000 0.000000 0.000000 0.000000 1.000000
0.995903 -0.083894 0.033746 0.000000 0.088231 0.983258 -0.159432 11.384000 -0.019806 0.161756 0.986632 0.000000 0.000000 0.000000 0.000000 1.000000
0.994589 -0.096947 0.037325 -0.000000 0.101559 0.982988 -0.153036 11.384000 -0.021853 0.155999 0.987515 0.000000 0.000000 0.000000 0.000000 1.000000
0.994431 -0.099425 0.034950 0.000000 0.103326 0.985089 -0.137561 11.384000 -0.020751 0.140406 0.989877 -0.000000 0.000000 0.000000 0.000000 1.000000
0.994298 -0.101156 0.033748 -0.000000 0.104551 0.987032 -0.121807 11.384000 -0.020989 0.124640 0.991980 0.000000 0.000000 0.000000 0.000000 1.000000
0.993419 -0.109974 0.032007 -0.000000 0.112913 0.987208 -0.112562 11.384000 -0.019218 0.115436 0.993129 0.000000 0.000000 0.000000 0.000000 1.000000
0.990801 -0.133519 0.022058 0.000000 0.135136 0.984848 -0.108685 11.384000 -0.007212 0.110666 0.993831 0.000000 0.000000 0.000000 0.000000 1.000000
0.986545 -0.162848 0.014487 0.000000 0.163466 0.980958 -0.104885 11.384000 0.002869 0.105842 0.994379 0.000000 0.000000 0.000000 0.000000 1.000000
0.985303 -0.169158 0.023723 0.000000 0.170735 0.979519 -0.106736 11.384000 -0.005181 0.109218 0.994004 0.000000 0.000000 0.000000 0.000000 1.000000
0.984151 -0.172847 0.039643 0.000000 0.176547 0.976032 -0.127251 11.384000 -0.016698 0.132233 0.991078 0.000000 0.000000 0.000000 0.000000 1.000000
0.982561 -0.179206 0.049599 0.000000 0.184958 0.969364 -0.161629 11.384000 -0.019115 0.167984 0.985604 0.000000 0.000000 0.000000 0.000000 1.000000
0.983519 -0.174887 0.045887 0.000000 0.180601 0.962329 -0.203238 11.384000 -0.008615 0.208175 0.978054 0.000000 0.000000 0.000000 0.000000 1.000000
0.986919 -0.156689 0.037934 0.000000 0.161186 0.954541 -0.250740 11.384000 0.003079 0.253575 0.967311 0.000000 0.000000 0.000000 0.000000 1.000000
0.993670 -0.109392 0.025552 0.000000 0.111996 0.946985 -0.301124 11.384000 0.008743 0.302080 0.953243 0.000000 0.000000 0.000000 0.000000 1.000000
0.999222 -0.039204 -0.004340 0.000000 0.035801 0.947616 -0.317399 11.384000 0.016556 0.316997 0.948282 0.000000 0.000000 0.000000 0.000000 1.000000
0.999773 0.011175 -0.018114 0.000000 -0.015884 0.958229 -0.285562 11.384000 0.014166 0.285785 0.958189 0.000000 0.000000 0.000000 0.000000 1.000000
0.998847 0.044389 -0.018282 0.000000 -0.047225 0.976974 -0.208066 11.384000 0.008625 0.208690 0.977944 0.000000 0.000000 0.000000 0.000000 1.000000
0.997976 0.056953 -0.028290 -0.000000 -0.060885 0.984159 -0.166503 11.384000 0.018359 0.167888 0.985635 0.000000 0.000000 0.000000 0.000000 1.000000
0.997877 0.059904 -0.025551 0.000000 -0.063883 0.976629 -0.205219 11.384000 0.012660 0.206416 0.978382 0.000000 0.000000 0.000000 0.000000 1.000000
0.997375 0.072308 -0.003913 0.000000 -0.070569 0.958420 -0.276499 11.384000 -0.016243 0.276049 0.961006 0.000000 0.000000 0.000000 0.000000 1.000000
0.997078 0.076280 0.004155 -0.000000 -0.071338 0.949178 -0.306550 11.384000 -0.027328 0.305358 0.951845 0.000000 0.000000 0.000000 0.000000 1.000000
0.997748 0.067068 -0.001041 0.000000 -0.064266 0.951398 -0.301183 11.384000 -0.019209 0.300572 0.953566 0.000000 0.000000 0.000000 0.000000 1.000000
0.997208 0.074648 -0.001773 0.000000 -0.071849 0.952797 -0.294983 11.384000 -0.020331 0.294287 0.955501 0.000000 0.000000 0.000000 0.000000 1.000000
0.994649 0.103072 0.007004 0.000000 -0.097039 0.955390 -0.278952 11.384000 -0.035444 0.276779 0.960280 0.000000 0.000000 0.000000 0.000000 1.000000
0.991754 0.127361 0.014255 -0.000000 -0.119646 0.960008 -0.253121 11.384000 -0.045922 0.249328 0.967330 0.000000 0.000000 0.000000 0.000000 1.000000
0.991322 0.129495 0.022619 -0.000000 -0.119934 0.961393 -0.247667 11.384000 -0.053817 0.242805 0.968581 0.000000 0.000000 0.000000 0.000000 1.000000
0.991883 0.121693 0.036871 0.000000 -0.108766 0.962185 -0.249738 11.384000 -0.065868 0.243701 0.967611 0.000000 0.000000 0.000000 0.000000 1.000000
0.991847 0.116693 0.051200 0.000000 -0.101314 0.965821 -0.238592 11.384000 -0.077292 0.231459 0.969769 0.000000 0.000000 0.000000 0.000000 1.000000
0.992414 0.108730 0.057370 0.000000 -0.093316 0.970053 -0.224254 11.384000 -0.080035 0.217200 0.972840 0.000000 0.000000 0.000000 0.000000 1.000000
0.992647 0.102005 0.065166 -0.000000 -0.086762 0.975001 -0.204562 11.384000 -0.084403 0.197404 0.976682 0.000000 0.000000 0.000000 0.000000 1.000000
0.992217 0.099045 0.075466 0.000000 -0.083833 0.979480 -0.183280 11.384000 -0.092070 0.175527 0.980160 0.000000 0.000000 0.000000 0.000000 1.000000
0.990986 0.101240 0.087737 0.000000 -0.085397 0.981985 -0.168559 11.384000 -0.103222 0.159547 0.981779 0.000000 0.000000 0.000000 0.000000 1.000000
0.988915 0.103495 0.106473 0.000000 -0.085071 0.982617 -0.165005 11.384000 -0.121699 0.154119 0.980529 0.000000 0.000000 0.000000 0.000000 1.000000
0.987361 0.094428 0.127282 0.000000 -0.072657 0.983449 -0.165981 11.384000 -0.140848 0.154635 0.977880 -0.000000 0.000000 0.000000 0.000000 1.000000
0.986471 0.079406 0.143419 0.000000 -0.055645 0.985109 -0.162678 11.384000 -0.154201 0.152497 0.976200 0.000000 0.000000 0.000000 0.000000 1.000000
0.985394 0.069812 0.155319 0.000000 -0.045747 0.987098 -0.153443 11.384000 -0.164027 0.144097 0.975875 0.000000 0.000000 0.000000 0.000000 1.000000
0.984757 0.058924 0.163650 0.000000 -0.035365 0.989045 -0.143313 11.384000 -0.170302 0.135341 0.976053 -0.000000 0.000000 0.000000 0.000000 1.000000
0.984810 0.047067 0.167136 0.000000 -0.023752 0.990029 -0.138850 11.384000 -0.172005 0.132771 0.976108 -0.000000 0.000000 0.000000 0.000000 1.000000
0.984762 0.041632 0.168853 0.000000 -0.018125 0.990205 -0.138440 11.384000 -0.172963 0.133270 0.975870 0.000000 0.000000 0.000000 0.000000 1.000000
0.984489 0.040554 0.170697 0.000000 -0.016251 0.989815 -0.141432 11.384000 -0.174694 0.136464 0.975120 0.000000 0.000000 0.000000 0.000000 1.000000
0.984199 0.042589 0.171866 0.000000 -0.016943 0.988840 -0.148013 11.384000 -0.176252 0.142762 0.973937 0.000000 0.000000 0.000000 0.000000 1.000000
0.984318 0.042263 0.171265 0.000000 -0.015866 0.988151 -0.152663 11.384000 -0.175688 0.147552 0.973325 0.000000 0.000000 0.000000 0.000000 1.000000
0.984459 0.042211 0.170464 0.000000 -0.016136 0.988318 -0.151546 11.384000 -0.174870 0.146440 0.973640 0.000000 0.000000 0.000000 0.000000 1.000000
0.984317 0.046915 0.170055 0.000000 -0.021074 0.988357 -0.150688 11.384000 -0.175145 0.144741 0.973845 0.000000 0.000000 0.000000 0.000000 1.000000
0.984248 0.050797 0.169339 0.000000 -0.024434 0.987726 -0.154272 11.384000 -0.175097 0.147704 0.973409 0.000000 0.000000 0.000000 0.000000 1.000000
0.984242 0.051467 0.169170 0.000000 -0.024123 0.986841 -0.159882 11.384000 -0.175173 0.153282 0.972532 0.000000 0.000000 0.000000 0.000000 1.000000
0.984285 0.049048 0.169641 0.000000 -0.020675 0.986054 -0.165139 11.384000 -0.175375 0.159036 0.971571 0.000000 0.000000 0.000000 0.000000 1.000000
0.984729 0.044488 0.168314 0.000000 -0.015143 0.985023 -0.171759 11.384000 -0.173434 0.166587 0.970654 0.000000 0.000000 0.000000 0.000000 1.000000
0.985246 0.041118 0.166129 0.000000 -0.010549 0.983455 -0.180847 11.384000 -0.170817 0.176427 0.969379 0.000000 0.000000 0.000000 0.000000 1.000000
0.985316 0.039873 0.166018 0.000000 -0.007885 0.981938 -0.189038 11.384000 -0.170557 0.184953 0.967834 0.000000 0.000000 0.000000 0.000000 1.000000
0.985488 0.038153 0.165401 0.000000 -0.005248 0.980795 -0.194970 11.384000 -0.169663 0.191272 0.966762 -0.000000 0.000000 0.000000 0.000000 1.000000
0.986155 0.034922 0.162106 0.000000 -0.001634 0.979572 -0.201087 11.384000 -0.165817 0.198039 0.966067 0.000000 0.000000 0.000000 0.000000 1.000000</float_array><technique_common><accessor source="#mixamorig7_Spine1-Matrix-animation-output-transform-array" count="72" stride="16"><param type="float4x4"/></accessor></technique_common></source><source id="mixamorig7_Spine1-Interpolations"><Name_array id="mixamorig7_Spine1-Interpolations-array" count="72">
 LINEAR LINEAR LINEAR LINEAR LINEAR LINEAR LINEAR LINEAR LINEAR LINEAR LINEAR
LINEAR LINEAR LINEAR LINEAR LINEAR LINEAR LINEAR LINEAR LINEAR LINEAR LINEAR LINEAR
LINEAR LINEAR LINEAR LINEAR LINEAR LINEAR LINEAR LINEAR LINEAR LINEAR LINEAR LINEAR
LINEAR LINEAR LINEAR LINEAR LINEAR LINEAR LINEAR LINEAR LINEAR LINEAR LINEAR LINEAR
LINEAR LINEAR LINEAR LINEAR LINEAR LINEAR LINEAR LINEAR LINEAR LINEAR LINEAR LINEAR
LINEAR LINEAR LINEAR LINEAR LINEAR LINEAR LINEAR LINEAR LINEAR LINEAR LINEAR LINEAR
