<?xml version="1.0" encoding="utf-8"?>
<COLLADA xmlns="http://www.collada.org/2005/11/COLLADASchema" version="1.4.1">
  <asset><contributor><author>Mixamo</author><authoring_tool>COLLADA Mixamo exporter</authoring_tool><comments></comments></contributor><created>2020-02-25T10:30:29Z</created><modified>2020-02-25T10:30:29Z</modified><revision></revision><title></title><unit meter="0.010000"/><up_axis>Y_UP</up_axis></asset>
  <library_animations>
    <animation id="mixamorig7_Hips-anim" name="mixamorig7_Hips"><source id="mixamorig7_Hips-Matrix-animation-input"><float_array id="mixamorig7_Hips-Matrix-animation-input-array" count="101">

0.000000 0.033333 0.066667 0.100000 0.133333 0.166667 0.200000 0.233333 0.266667 0.300000 0.333333 0.366667 0.400000 0.433333 0.466667 0.500000
0.533333 0.566667 0.600000 0.633333 0.666667 0.700000 0.733333 0.766667 0.800000 0.833333 0.866667 0.900000 0.933333 0.966667 1.000000 1.033333
1.066667 1.100000 1.133333 1.166667 1.200000 1.233333 1.266667 1.300000 1.333333 1.366667 1.400000 1.433333 1.466667 1.500000 1.533333 1.566667
1.600000 1.633333 1.666667 1.700000 1.733333 1.766667 1.800000 1.833333 1.866667 1.900000 1.933333 1.966667 2.000000 2.033333 2.066667 2.100000
2.133333 2.166667 2.200000 2.233333 2.266667 2.300000 2.333333 2.366667 2.400000 2.433333 2.466667 2.500000 2.533333 2.566667 2.600000 2.633333
2.666667 2.700000 2.733333 2.766667 2.800000 2.833333 2.866667 2.900000 2.933333 2.966667 3.000000 3.033333 3.066667 3.100000 3.133333 3.166667
3.200000 3.233333 3.266667 3.300000 3.333333</float_array><technique_common><accessor source="#mixamorig7_Hips-Matrix-animation-input-array" count="101"><param name="TIME" type="float"/></accessor></technique_common></source><source id="mixamorig7_Hips-Matrix-animation-output-transform"><float_array id="mixamorig7_Hips-Matrix-animation-output-transform-array" count="1616">

0.992780 -0.052187 0.108003 -0.319106 0.049657 0.998428 0.025985 94.032043 -0.109190 -0.020434 0.993811 -0.056903 0.000000 0.000000 0.000000 1.000000
0.992759 -0.052038 0.108266 -0.197843 0.049507 0.998437 0.025940 93.954926 -0.109446 -0.020392 0.993784 -0.323670 0.000000 0.000000 0.000000 1.000000
0.992690 -0.052116 0.108857 -0.114865 0.049532 0.998426 0.026312 93.883904 -0.110057 -0.020728 0.993709 -0.633299 0.000000 0.000000 0.000000 1.000000
0.992891 -0.052287 0.106926 -0.031779 0.049736 0.998414 0.026393 93.814804 -0.108137 -0.020887 0.993917 -0.987850 0.000000 0.000000 0.000000 1.000000
0.993565 -0.052629 0.100289 0.089294 0.050299 0.998405 0.025623 93.743195 -0.101478 -0.020413 0.994628 -1.393421 0.000000 0.000000 0.000000 1.000000
0.994401 -0.054347 0.090628 0.280022 0.052344 0.998332 0.024338 93.664146 -0.091800 -0.019458 0.995587 -1.857370 0.000000 0.000000 0.000000 1.000000
0.995258 -0.058921 0.077390 0.570078 0.057295 0.998091 0.023078 93.573196 -0.078602 -0.018534 0.996734 -2.378021 0.000000 0.000000 0.000000 1.000000
0.996041 -0.068504 0.056649 0.980230 0.067297 0.997469 0.022940 93.433983 -0.058077 -0.019037 0.998131 -3.008427 0.000000 0.000000 0.000000 1.000000
0.996304 -0.082781 0.022931 1.410792 0.082185 0.996283 0.025817 93.162163 -0.024983 -0.023837 0.999404 -3.845403 0.000000 0.000000 0.000000 1.000000
0.994620 -0.100771 -0.023989 1.773999 0.101530 0.994289 0.032878 92.742813 0.020538 -0.035136 0.999171 -4.867768 0.000000 0.000000 0.000000 1.000000
0.989363 -0.120768 -0.081097 2.000679 0.124860 0.991040 0.047425 92.183281 0.074643 -0.057046 0.995577 -6.041735 0.000000 0.000000 0.000000 1.000000
0.982110 -0.139079 -0.126957 2.035836 0.149070 0.986137 0.072877 91.504128 0.115061 -0.090499 0.989227 -7.324969 0.000000 0.000000 0.000000 1.000000
0.978452 -0.153214 -0.138409 1.799386 0.169259 0.979107 0.112696 90.703064 0.118251 -0.133694 0.983942 -8.659245 0.000000 0.000000 0.000000 1.000000
0.979624 -0.163705 -0.116354 1.269782 0.181145 0.970381 0.159833 89.900223 0.086742 -0.177653 0.980263 -9.922149 0.000000 0.000000 0.000000 1.000000
0.981829 -0.173094 -0.077788 0.782651 0.185539 0.961661 0.201949 89.423157 0.039850 -0.212712 0.976302 -11.040494 0.000000 0.000000 0.000000 1.000000
0.982288 -0.184750 -0.031257 0.357502 0.186900 0.954201 0.233599 88.975883 -0.013332 -0.235304 0.971830 -12.445861 0.000000 0.000000 0.000000 1.000000
0.979923 -0.197461 0.027577 -0.066014 0.184219 0.949619 0.253549 88.065536 -0.076254 -0.243378 0.966929 -14.673003 0.000000 0.000000 0.000000 1.000000
0.972072 -0.196812 0.127831 -0.377450 0.155247 0.947763 0.278647 86.190674 -0.175994 -0.251019 0.951848 -18.091904 0.000000 0.000000 0.000000 1.000000
0.950829 -0.175521 0.255179 -0.675541 0.087125 0.942223 0.323458 83.692245 -0.297209 -0.285321 0.911186 -22.112755 0.000000 0.000000 0.000000 1.000000
0.921033 -0.157085 0.356401 -1.288850 0.011157 0.925326 0.379009 81.035240 -0.389324 -0.345103 0.854009 -26.157343 0.000000 0.000000 0.000000 1.000000
0.893066 -0.161041 0.420119 -2.534915 -0.040730 0.900979 0.431947 78.731995 -0.448079 -0.402869 0.798074 -30.263676 0.000000 0.000000 0.000000 1.000000
0.855788 -0.179370 0.485235 -4.509429 -0.074324 0.885606 0.458452 78.150688 -0.511959 -0.428402 0.744560 -34.923100 0.000000 0.000000 0.000000 1.000000
0.816001 -0.184422 0.547841 -6.402913 -0.112002 0.879338 0.462839 79.710945 -0.567096 -0.439037 0.696886 -39.100437 0.000000 0.000000 0.000000 1.000000
0.790726 -0.157412 0.591586 -7.459248 -0.158900 0.880475 0.446670 82.696884 -0.591188 -0.447197 0.671202 -42.609440 0.000000 0.000000 0.000000 1.000000
0.787677 -0.114429 0.605368 -7.958633 -0.193344 0.887047 0.419244 85.458298 -0.584964 -0.447273 0.676583 -46.163441 0.000000 0.000000 0.000000 1.000000
0.812137 -0.071296 0.579094 -8.150461 -0.208965 0.891128 0.402771 86.999435 -0.544763 -0.448116 0.708820 -50.744801 0.000000 0.000000 0.000000 1.000000
0.854711 -0.048188 0.516863 -8.194507 -0.197099 0.890993 0.409002 86.616951 -0.480231 -0.451452 0.752044 -56.819321 0.000000 0.000000 0.000000 1.000000
0.889389 -0.028080 0.456289 -8.075850 -0.182319 0.893512 0.410360 85.136993 -0.419222 -0.448160 0.789560 -63.352001 0.000000 0.000000 0.000000 1.000000
0.903344 0.002661 0.428909 -7.691115 -0.184118 0.905568 0.382161 82.712914 -0.387389 -0.424193 0.818529 -69.618469 0.000000 0.000000 0.000000 1.000000
0.903805 0.049783 0.425039 -6.979181 -0.205529 0.921661 0.329088 78.980690 -0.375359 -0.384789 0.843234 -75.789314 0.000000 0.000000 0.000000 1.000000
0.901813 0.104586 0.419279 -6.355440 -0.236574 0.931441 0.276497 74.212944 -0.361616 -0.348539 0.864728 -82.827728 0.000000 0.000000 0.000000 1.000000
0.876838 0.152334 0.456014 -6.119162 -0.282733 0.930518 0.232804 68.979668 -0.388866 -0.333061 0.858984 -89.590294 0.000000 0.000000 0.000000 1.000000
0.821244 0.203028 0.533234 -6.556007 -0.348655 0.918343 0.187313 63.404778 -0.451662 -0.339745 0.824970 -95.327118 0.000000 0.000000 0.000000 1.000000
0.760982 0.252973 0.597420 -6.940300 -0.412502 0.899409 0.144589 58.132988 -0.500747 -0.356466 0.788786 -100.895370 0.000000 0.000000 0.000000 1.000000
0.735945 0.293857 0.609946 -7.036262 -0.451569 0.884289 0.118822 53.376568 -0.504451 -0.362879 0.783484 -106.869713 0.000000 0.000000 0.000000 1.000000
0.758200 0.327343 0.563897 -6.634076 -0.459693 0.881698 0.106263 48.976093 -0.462403 -0.339788 0.818980 -113.201523 0.000000 0.000000 0.000000 1.000000
0.799037 0.338304 0.497081 -5.851882 -0.444795 0.888844 0.110058 44.047878 -0.404595 -0.309040 0.860696 -119.735550 0.000000 0.000000 0.000000 1.000000
0.830078 0.310547 0.463175 -4.765785 -0.426319 0.888817 0.168098 38.324730 -0.359476 -0.336995 0.870179 -127.107895 0.000000 0.000000 0.000000 1.000000
0.840559 0.247950 0.481645 -3.587822 -0.426587 0.850968 0.306395 32.060787 -0.333893 -0.463006 0.821061 -135.528244 0.000000 0.000000 0.000000 1.000000
0.835918 0.185818 0.516443 -2.879630 -0.450622 0.769536 0.452497 26.268042 -0.313339 -0.610971 0.727003 -143.266373 0.000000 0.000000 0.000000 1.000000
0.841276 0.193268 0.504878 -2.041373 -0.472932 0.715543 0.514134 21.129230 -0.261896 -0.671302 0.693372 -150.151917 0.000000 0.000000 0.000000 1.000000
0.858430 0.239412 0.453630 -1.066020 -0.470875 0.718538 0.511840 16.549202 -0.203409 -0.652982 0.729547 -155.856445 0.000000 0.000000 0.000000 1.000000
0.866440 0.220445 0.447980 -1.054395 -0.451665 0.728477 0.515092 13.622722 -0.212793 -0.648633 0.730749 -158.466171 0.000000 0.000000 0.000000 1.000000
0.895588 0.160693 0.414850 -0.357878 -0.403515 0.686083 0.605364 11.122269 -0.187344 -0.709555 0.679289 -162.140045 0.000000 0.000000 0.000000 1.000000
0.942539 0.129189 0.308108 0.778864 -0.322816 0.589766 0.740247 8.965692 -0.086080 -0.797174 0.597582 -167.029160 0.000000 0.000000 0.000000 1.000000
0.961611 0.095038 0.257434 1.046389 -0.270520 0.485821 0.831142 8.454721 -0.046077 -0.868876 0.492881 -169.246338 0.000000 0.000000 0.000000 1.000000
0.970855 0.090984 0.221727 0.820789 -0.239609 0.389111 0.889483 7.961296 -0.005347 -0.916687 0.399571 -171.280182 0.000000 0.000000 0.000000 1.000000
0.975718 0.108247 0.190411 0.561365 -0.214350 0.293183 0.931718 6.858820 0.045030 -0.949909 0.309266 -174.437088 0.000000 0.000000 0.000000 1.000000
0.979038 0.125312 0.160567 0.760382 -0.182249 0.186987 0.965309 6.033295 0.090941 -0.974337 0.205905 -177.892532 0.000000 0.000000 0.000000 1.000000
0.983023 0.125958 0.133418 1.210553 -0.143007 0.070389 0.987216 5.805654 0.114957 -0.989535 0.087207 -181.037964 0.000000 0.000000 0.000000 1.000000
0.988284 0.105479 0.110311 1.600595 -0.105288 -0.052071 0.993078 6.125008 0.110493 -0.993057 -0.040355 -183.660141 0.000000 0.000000 0.000000 1.000000
0.994174 0.077993 0.074402 1.857876 -0.060683 -0.165497 0.984342 6.960046 0.089085 -0.983121 -0.159800 -185.326660 0.000000 0.000000 0.000000 1.000000
0.997953 0.060925 0.019418 2.062734 -0.003217 -0.255443 0.966819 8.104021 0.063864 -0.964903 -0.254725 -186.407715 0.000000 0.000000 0.000000 1.000000
0.997713 0.053160 -0.041737 2.161996 0.056413 -0.314898 0.947448 9.223892 0.037224 -0.947636 -0.317177 -187.089798 0.000000 0.000000 0.000000 1.000000
0.995428 0.052022 -0.080105 1.997695 0.093333 -0.351520 0.931516 9.710541 0.020300 -0.934734 -0.354768 -187.735916 0.000000 0.000000 0.000000 1.000000
0.994626 0.058654 -0.085313 1.677744 0.101262 -0.379584 0.919599 9.557220 0.021554 -0.923296 -0.383483 -188.431183 0.000000 0.000000 0.000000 1.000000
0.994337 0.076204 -0.074068 1.198568 0.098651 -0.402767 0.909971 9.255603 0.039511 -0.912125 -0.408004 -189.049713 0.000000 0.000000 0.000000 1.000000
0.991829 0.100678 -0.078347 0.499242 0.113472 -0.415591 0.902446 9.415969 0.058296 -0.903962 -0.423619 -189.449265 0.000000 0.000000 0.000000 1.000000
0.987882 0.122747 -0.094981 -0.378552 0.138266 -0.418024 0.897852 10.088412 0.070505 -0.900105 -0.429930 -189.678848 0.000000 0.000000 0.000000 1.000000
0.984173 0.137963 -0.111219 -1.245577 0.159217 -0.412868 0.896766 10.862221 0.077802 -0.900281 -0.428300 -189.762512 0.000000 0.000000 0.000000 1.000000
0.982946 0.142725 -0.115958 -1.786936 0.164603 -0.401718 0.900849 11.279800 0.081992 -0.904573 -0.418360 -189.568466 0.000000 0.000000 0.000000 1.000000
0.980806 0.136287 -0.139449 -1.978805 0.180699 -0.366564 0.912677 11.094045 0.073269 -0.920357 -0.384155 -189.142212 0.000000 0.000000 0.000000 1.000000
0.981099 0.117633 -0.153648 -1.850952 0.184357 -0.326913 0.926898 10.756331 0.058805 -0.937705 -0.342420 -188.421631 0.000000 0.000000 0.000000 1.000000
0.985545 0.082318 -0.148072 -1.500549 0.165485 -0.280606 0.945450 10.336065 0.036278 -0.956287 -0.290172 -187.484512 0.000000 0.000000 0.000000 1.000000
0.993159 0.030923 -0.112605 -1.035279 0.116694 -0.227117 0.966851 9.876616 0.004324 -0.973377 -0.229171 -186.627426 0.000000 0.000000 0.000000 1.000000
0.997839 -0.030392 -0.058263 -0.521818 0.052305 -0.169397 0.984159 9.474677 -0.039780 -0.985079 -0.167441 -186.102448 0.000000 0.000000 0.000000 1.000000
0.995465 -0.095108 0.001825 0.090437 -0.012470 -0.111453 0.993691 9.214021 -0.094304 -0.989208 -0.112133 -185.916870 0.000000 0.000000 0.000000 1.000000
0.987111 -0.149945 0.055932 0.714698 -0.063969 -0.049323 0.996732 9.211246 -0.146697 -0.987463 -0.058279 -185.880966 0.000000 0.000000 0.000000 1.000000
0.976510 -0.188362 0.104636 1.290544 -0.103372 0.016548 0.994505 9.371865 -0.189058 -0.981960 -0.003312 -185.807632 0.000000 0.000000 0.000000 1.000000
0.967484 -0.206405 0.146190 1.753661 -0.131943 0.081254 0.987921 9.616384 -0.215790 -0.975087 0.051378 -185.580063 0.000000 0.000000 0.000000 1.000000
0.962441 -0.208819 0.173497 1.918562 -0.148500 0.130068 0.980321 9.896624 -0.227276 -0.969266 0.094173 -185.282059 0.000000 0.000000 0.000000 1.000000
0.961184 -0.203295 0.186539 1.842965 -0.153544 0.167603 0.973824 10.246685 -0.229238 -0.964666 0.129882 -184.966934 0.000000 0.000000 0.000000 1.000000
0.963527 -0.193241 0.185133 1.582609 -0.145595 0.201929 0.968518 10.674314 -0.224541 -0.960147 0.166429 -184.632095 0.000000 0.000000 0.000000 1.000000
0.968111 -0.180211 0.174029 1.217285 -0.127373 0.244106 0.961347 11.172697 -0.215727 -0.952857 0.213367 -184.242355 0.000000 0.000000 0.000000 1.000000
0.972263 -0.168407 0.162310 0.856668 -0.108641 0.289381 0.951029 11.638288 -0.207130 -0.942283 0.263059 -183.786865 0.000000 0.000000 0.000000 1.000000
0.974272 -0.161954 0.156735 0.599451 -0.095932 0.331290 0.938639 11.974975 -0.203941 -0.929526 0.307230 -183.381500 0.000000 0.000000 0.000000 1.000000
0.971617 -0.169293 0.165225 0.428267 -0.094821 0.361175 0.927665 12.152840 -0.216722 -0.917002 0.334872 -183.165649 0.000000 0.000000 0.000000 1.000000
0.966299 -0.184132 0.179892 0.284397 -0.097870 0.383561 0.918315 12.265661 -0.238091 -0.904973 0.352614 -182.986984 0.000000 0.000000 0.000000 1.000000
0.960611 -0.198866 0.194108 0.196925 -0.101035 0.400765 0.910593 12.350401 -0.258878 -0.894338 0.364887 -182.769958 0.000000 0.000000 0.000000 1.000000
0.958135 -0.204992 0.199891 0.206168 -0.100720 0.412210 0.905504 12.399268 -0.268018 -0.887728 0.374306 -182.581451 0.000000 0.000000 0.000000 1.000000
0.958064 -0.204517 0.200713 0.259728 -0.099975 0.417862 0.902993 12.415088 -0.268548 -0.885192 0.379892 -182.492172 0.000000 0.000000 0.000000 1.000000
0.958883 -0.199886 0.201469 0.324042 -0.102200 0.419064 0.902187 12.400237 -0.264763 -0.885681 0.381405 -182.468521 0.000000 0.000000 0.000000 1.000000
0.959370 -0.192348 0.206426 0.383661 -0.110554 0.416852 0.902226 12.355766 -0.259591 -0.888390 0.378651 -182.460297 0.000000 0.000000 0.000000 1.000000
0.959690 -0.183729 0.212696 0.454545 -0.120993 0.412985 0.902665 12.287856 -0.253685 -0.892013 0.374107 -182.457001 0.000000 0.000000 0.000000 1.000000
0.959910 -0.176666 0.217627 0.533323 -0.129994 0.407282 0.904004 12.205286 -0.248343 -0.896052 0.367989 -182.467224 0.000000 0.000000 0.000000 1.000000
0.960072 -0.173937 0.219107 0.611373 -0.134572 0.399500 0.906802 12.119482 -0.245259 -0.900081 0.360141 -182.506989 0.000000 0.000000 0.000000 1.000000
0.960112 -0.174200 0.218722 0.693733 -0.136587 0.390364 0.910472 12.038614 -0.243985 -0.904030 0.351000 -182.553162 0.000000 0.000000 0.000000 1.000000
0.960265 -0.174625 0.217708 0.787800 -0.138077 0.380651 0.914352 11.966369 -0.242539 -0.908081 0.341414 -182.594513 0.000000 0.000000 0.000000 1.000000
0.960729 -0.172872 0.217061 0.889473 -0.140546 0.371329 0.917803 11.908829 -0.239264 -0.912266 0.332450 -182.625015 0.000000 0.000000 0.000000 1.000000
0.961154 -0.170033 0.217422 0.969481 -0.143815 0.363836 0.920294 11.871316 -0.235586 -0.915812 0.325249 -182.648010 0.000000 0.000000 0.000000 1.000000
0.961477 -0.166960 0.218374 1.029955 -0.147221 0.358114 0.921998 11.854031 -0.232139 -0.918629 0.319738 -182.663712 0.000000 0.000000 0.000000 1.000000
0.961742 -0.163917 0.219506 1.073475 -0.150349 0.353990 0.923085 11.857097 -0.229012 -0.920773 0.315802 -182.670227 0.000000 0.000000 0.000000 1.000000
0.962030 -0.161045 0.220370 1.105056 -0.152790 0.351275 0.923721 11.877149 -0.226171 -0.922318 0.313331 -182.665100 0.000000 0.000000 0.000000 1.000000
0.962365 -0.158704 0.220607 1.124995 -0.154135 0.349819 0.924050 11.908792 -0.223823 -0.923277 0.312191 -182.651459 0.000000 0.000000 0.000000 1.000000
0.962757 -0.157270 0.219923 1.132339 -0.154034 0.349448 0.924208 11.947412 -0.222201 -0.923663 0.312208 -182.633072 0.000000 0.000000 0.000000 1.000000
0.963122 -0.156466 0.218894 1.127616 -0.153353 0.349257 0.924393 11.988173 -0.221086 -0.923871 0.312382 -182.614792 0.000000 0.000000 0.000000 1.000000
0.963438 -0.156042 0.217805 1.112706 -0.152536 0.348875 0.924672 12.026892 -0.220274 -0.924087 0.312317 -182.597717 0.000000 0.000000 0.000000 1.000000
0.963709 -0.155919 0.216691 1.089207 -0.151640 0.348314 0.925031 12.059996 -0.219706 -0.924320 0.312029 -182.581924 0.000000 0.000000 0.000000 1.000000
0.963941 -0.156017 0.215585 1.058818 -0.150720 0.347584 0.925456 12.083855 -0.219321 -0.924578 0.311536 -182.567535 0.000000 0.000000 0.000000 1.000000
0.964139 -0.156257 0.214522 1.023252 -0.149832 0.346697 0.925933 12.094795 -0.219058 -0.924870 0.310852 -182.554657 0.000000 0.000000 0.000000 1.000000
0.964309 -0.156559 0.213534 0.984270 -0.149030 0.345665 0.926448 12.089107 -0.218855 -0.925206 0.309996 -182.543304 0.000000 0.000000 0.000000 1.000000</float_array><technique_common><accessor source="#mixamorig7_Hips-Matrix-animation-output-transform-array" count="101" stride="16"><param type="float4x4"/></accessor></technique_common></source><source id="mixamorig7_Hips-Interpolations"><Name_array id="mixamorig7_Hips-Interpolations-array" count="101">
 LINEAR LINEAR LINEAR LINEAR LINEAR LINEAR LINEAR LINEAR LINEAR LINEAR LINEAR
LINEAR LINEAR LINEAR LINEAR LINEAR LINEAR LINEAR LINEAR LINEAR LINEAR LINEAR LINEAR
LINEAR LINEAR LINEAR LINEAR LINEAR LINEAR LINEAR LINEAR LINEAR LINEAR LINEAR LINEAR
LINEAR LINEAR LINEAR LINEAR LINEAR LINEAR LINEAR LINEAR LINEAR LINEAR LINEAR LINEAR
LINEAR LINEAR LINEAR LINEAR LINEAR LINEAR LINEAR LINEAR LINEAR LINEAR LINEAR LINEAR
LINEAR LINEAR LINEAR LINEAR LINEAR LINEAR LINEAR LINEAR LINEAR LINEAR LINEAR LINEAR
LINEAR LINEAR LINEAR LINEAR LINEAR LINEAR LINEAR LINEAR LINEAR LINEAR LINEAR LINEAR
LINEAR LINEAR LINEAR LINEAR LINEAR LINEAR LINEAR LINEAR LINEAR LINEAR LINEAR LINEAR
LINEAR LINEAR LINEAR LINEAR LINEAR LINEAR</Name_array><technique_common><accessor source="#mixamorig7_Hips-Interpolations-array" count="101"><param type="name"/></accessor></technique_common></source><sampler id="mixamorig7_Hips-Matrix-animation-transform"><input semantic="INPUT" source="#mixamorig7_Hips-Matrix-animation-input"/><input semantic="OUTPUT" source="#mixamorig7_Hips-Matrix-animation-output-transform"/><input semantic="INTERPOLATION" source="#mixamorig7_Hips-Interpolations"/></sampler><channel source="#mixamorig7_Hips-Matrix-animation-transform" target="mixamorig7_Hips/matrix"/></animation>
    <animation id="mixamorig7_Spine-anim" name="mixamorig7_Spine"><source id="mixamorig7_Spine-Matrix-animation-input"><float_array id="mixamorig7_Spine-Matrix-animation-input-array" count="101">

0.000000 0.033333 0.066667 0.100000 0.133333 0.166667 0.200000 0.233333 0.266667 0.300000 0.333333 0.366667 0.400000 0.433333 0.466667 0.500000
0.533333 0.566667 0.600000 0.633333 0.666667 0.700000 0.733333 0.766667 0.800000 0.833333 0.866667 0.900000 0.933333 0.966667 1.000000 1.033333
1.066667 1.100000 1.133333 1.166667 1.200000 1.233333 1.266667 1.300000 1.333333 1.366667 1.400000 1.433333 1.466667 1.500000 1.533333 1.566667
1.600000 1.633333 1.666667 1.700000 1.733333 1.766667 1.800000 1.833333 1.866667 1.900000 1.933333 1.966667 2.000000 2.033333 2.066667 2.100000
2.133333 2.166667 2.200000 2.233333 2.266667 2.300000 2.333333 2.366667 2.400000 2.433333 2.466667 2.500000 2.533333 2.566667 2.600000 2.633333
2.666667 2.700000 2.733333 2.766667 2.800000 2.833333 2.866667 2.900000 2.933333 2.966667 3.000000 3.033333 3.066667 3.100000 3.133333 3.166667
3.200000 3.233333 3.266667 3.300000 3.333333</float_array><technique_common><accessor source="#mixamorig7_Spine-Matrix-animation-input-array" count="101"><param name="TIME" type="float"/></accessor></technique_common></source><source id="mixamorig7_Spine-Matrix-animation-output-transform"><float_array id="mixamorig7_Spine-Matrix-animation-output-transform-array" count="1616">

0.999961 0.008799 0.001073 0.000000 -0.008816 0.999815 0.017099 9.694400 -0.000923 -0.017108 0.999853 -1.109700 0.000000 0.000000 0.000000 1.000000
0.999961 0.008752 0.001187 0.000000 -0.008771 0.999822 0.016718 9.694400 -0.001041 -0.016727 0.999860 -1.109700 0.000000 0.000000 0.000000 1.000000
0.999960 0.008810 0.001745 0.000000 -0.008838 0.999825 0.016460 9.694400 -0.001600 -0.016475 0.999863 -1.109700 0.000000 0.000000 0.000000 1.000000
0.999957 0.008953 0.002502 -0.000000 -0.008993 0.999824 0.016436 9.694400 -0.002355 -0.016458 0.999862 -1.109700 0.000000 0.000000 0.000000 1.000000
0.999953 0.009176 0.003212 0.000000 -0.009229 0.999817 0.016753 9.694400 -0.003058 -0.016781 0.999855 -1.109700 0.000000 0.000000 0.000000 1.000000
0.999948 0.009549 0.003628 -0.000000 -0.009611 0.999800 0.017519 9.694400 -0.003460 -0.017552 0.999840 -1.109700 0.000000 0.000000 0.000000 1.000000
0.999942 0.010144 0.003506 0.000000 -0.010208 0.999770 0.018843 9.694400 -0.003314 -0.018877 0.999816 -1.109700 0.000000 0.000000 0.000000 1.000000
0.999933 0.011350 0.002419 0.000000 -0.011397 0.999731 0.020207 9.694400 -0.002189 -0.020233 0.999793 -1.109700 0.000000 0.000000 0.000000 1.000000
0.999907 0.013619 -0.000012 0.000000 -0.013616 0.999709 0.019908 9.694400 0.000283 -0.019906 0.999802 -1.109700 0.000000 0.000000 0.000000 1.000000
0.999850 0.016666 -0.004670 0.000000 -0.016580 0.999700 0.018052 9.694400 0.004969 -0.017972 0.999826 -1.109700 0.000000 0.000000 0.000000 1.000000
0.999729 0.019648 -0.012486 -0.000000 -0.019462 0.999700 0.014863 9.694400 0.012774 -0.014616 0.999812 -1.109700 0.000000 0.000000 0.000000 1.000000
0.999482 0.021311 -0.024126 0.000000 -0.021062 0.999723 0.010541 9.694400 0.024344 -0.010028 0.999653 -1.109700 0.000000 0.000000 0.000000 1.000000
0.998984 0.020633 -0.040078 -0.000000 -0.020440 0.999777 0.005224 9.694400 0.040177 -0.004399 0.999183 -1.109700 0.000000 0.000000 0.000000 1.000000
0.998155 0.017265 -0.058212 0.000000 -0.017310 0.999850 -0.000264 9.694400 0.058199 0.001271 0.998304 -1.109700 0.000000 0.000000 0.000000 1.000000
0.997809 0.011662 -0.065117 0.000000 -0.011889 0.999925 -0.003098 9.694400 0.065076 0.003865 0.997873 -1.109700 0.000000 0.000000 0.000000 1.000000
0.998583 0.007633 -0.052674 0.000000 -0.007794 0.999966 -0.002838 9.694400 0.052651 0.003245 0.998608 -1.109700 0.000000 0.000000 0.000000 1.000000
0.999553 0.005081 -0.029449 0.000000 -0.005221 0.999975 -0.004683 9.694400 0.029424 0.004835 0.999555 -1.109700 0.000000 0.000000 0.000000 1.000000
0.999971 -0.005051 -0.005753 0.000000 0.004974 0.999898 -0.013375 9.694400 0.005820 0.013346 0.999894 -1.109700 0.000000 0.000000 0.000000 1.000000
0.999555 -0.023237 0.018680 0.000000 0.023707 0.999398 -0.025325 9.694400 -0.018080 0.025757 0.999505 -1.109700 0.000000 0.000000 0.000000 1.000000
0.998052 -0.043577 0.044645 0.000000 0.045227 0.998304 -0.036648 9.694400 -0.042973 0.038595 0.998330 -1.109700 0.000000 0.000000 0.000000 1.000000
0.995973 -0.053989 0.071572 0.000000 0.057382 0.997281 -0.046234 9.694400 -0.068882 0.050155 0.996363 -1.109700 0.000000 0.000000 0.000000 1.000000
0.994880 -0.050251 0.087689 0.000000 0.055394 0.996823 -0.057240 9.694400 -0.084534 0.061804 0.994502 -1.109700 0.000000 0.000000 0.000000 1.000000
0.995043 -0.038729 0.091598 -0.000000 0.044196 0.997312 -0.058439 9.694400 -0.089088 0.062198 0.994080 -1.109700 0.000000 0.000000 0.000000 1.000000
0.996180 -0.018840 0.085262 0.000000 0.023053 0.998548 -0.048693 9.694400 -0.084221 0.050473 0.995168 -1.109700 0.000000 0.000000 0.000000 1.000000
0.997283 0.003887 0.073567 0.000000 -0.001061 0.999261 -0.038420 9.694400 -0.073662 0.038237 0.996550 -1.109700 0.000000 0.000000 0.000000 1.000000
0.998057 0.021713 0.058409 0.000000 -0.019720 0.999211 -0.034483 9.694400 -0.059112 0.033264 0.997697 -1.109700 0.000000 0.000000 0.000000 1.000000
0.998705 0.036322 0.035632 0.000000 -0.034851 0.998548 -0.041073 9.694400 -0.037072 0.039778 0.998521 -1.109700 0.000000 0.000000 0.000000 1.000000
0.998607 0.051649 0.010788 0.000000 -0.051048 0.997441 -0.050057 9.694400 -0.013346 0.049437 0.998688 -1.109700 0.000000 0.000000 0.000000 1.000000
0.998021 0.062519 -0.006765 0.000000 -0.062815 0.996181 -0.060640 9.694400 0.002948 0.060945 0.998137 -1.109700 0.000000 0.000000 0.000000 1.000000
0.997992 0.062827 -0.008011 0.000000 -0.063260 0.994967 -0.077712 9.694400 0.003088 0.078063 0.996944 -1.109700 0.000000 0.000000 0.000000 1.000000
0.998415 0.056230 -0.002309 0.000000 -0.056170 0.993135 -0.102607 9.694400 -0.003477 0.102574 0.994719 -1.109700 0.000000 0.000000 0.000000 1.000000
0.999000 0.044690 -0.001366 -0.000000 -0.044495 0.990709 -0.128513 9.694400 -0.004390 0.128445 0.991707 -1.109700 0.000000 0.000000 0.000000 1.000000
0.999425 0.033794 -0.002583 0.000000 -0.033794 0.987786 -0.152110 9.694400 -0.002589 0.152110 0.988360 -1.109700 0.000000 0.000000 0.000000 1.000000
0.999618 0.025834 0.009785 -0.000000 -0.023706 0.984049 -0.176311 9.694400 -0.014183 0.176012 0.984286 -1.109700 0.000000 0.000000 0.000000 1.000000
0.999152 0.028820 0.029391 0.000000 -0.022596 0.980817 -0.193619 9.694400 -0.034407 0.192790 0.980637 -1.109700 0.000000 0.000000 0.000000 1.000000
0.997599 0.047540 0.050351 -0.000000 -0.036905 0.980243 -0.194324 9.694400 -0.058595 0.191999 0.979644 -1.109700 0.000000 0.000000 0.000000 1.000000
0.995428 0.071991 0.062774 0.000000 -0.059244 0.980870 -0.185431 9.694400 -0.074923 0.180864 0.980650 -1.109700 0.000000 0.000000 0.000000 1.000000
0.994108 0.085184 0.067035 0.000000 -0.070800 0.978538 -0.193523 9.694400 -0.082081 0.187637 0.978803 -1.109700 0.000000 0.000000 0.000000 1.000000
0.994482 0.081006 0.066664 -0.000000 -0.063253 0.969935 -0.235002 9.694400 -0.083696 0.229489 0.969706 -1.109700 0.000000 0.000000 0.000000 1.000000
0.996405 0.062199 0.057523 0.000000 -0.043636 0.958758 -0.280854 9.694400 -0.072619 0.277334 0.958025 -1.109700 0.000000 0.000000 0.000000 1.000000
0.998409 0.034218 0.044825 0.000000 -0.020381 0.960094 -0.278934 9.694400 -0.052580 0.277577 0.959263 -1.109700 0.000000 0.000000 0.000000 1.000000
0.999552 0.009950 0.028241 0.000000 -0.003036 0.971997 -0.234974 9.694400 -0.029788 0.234783 0.971591 -1.109700 0.000000 0.000000 0.000000 1.000000
0.999694 0.005365 -0.024148 -0.000000 -0.009546 0.984249 -0.176531 9.694400 0.022821 0.176708 0.983999 -1.109700 0.000000 0.000000 0.000000 1.000000
0.997173 0.006754 -0.074838 0.000000 -0.017257 0.989917 -0.140595 9.694400 0.073134 0.141489 0.987235 -1.109700 0.000000 0.000000 0.000000 1.000000
0.996089 0.001927 -0.088334 0.000000 -0.013430 0.991448 -0.129811 9.694400 0.087328 0.130490 0.987596 -1.109700 0.000000 0.000000 0.000000 1.000000
0.995943 0.006425 -0.089755 -0.000000 -0.015973 0.994231 -0.106068 9.694400 0.088556 0.107072 0.990300 -1.109700 0.000000 0.000000 0.000000 1.000000
0.997493 0.009811 -0.070078 0.000000 -0.016159 0.995756 -0.090601 9.694400 0.068891 0.091506 0.993419 -1.109700 0.000000 0.000000 0.000000 1.000000
0.998799 0.011001 -0.047742 0.000000 -0.015208 0.995946 -0.088663 9.694400 0.046574 0.089283 0.994917 -1.109700 0.000000 0.000000 0.000000 1.000000
0.999238 0.013028 -0.036791 0.000000 -0.016608 0.994975 -0.098742 9.694400 0.035320 0.099277 0.994433 -1.109700 0.000000 0.000000 0.000000 1.000000
0.999342 0.017408 -0.031810 0.000000 -0.020877 0.993469 -0.112180 9.694400 0.029649 0.112771 0.993179 -1.109700 0.000000 0.000000 0.000000 1.000000
0.999332 0.024261 -0.027324 0.000000 -0.027408 0.992225 -0.121401 9.694400 0.024166 0.122069 0.992227 -1.109700 0.000000 0.000000 0.000000 1.000000
0.999441 0.029128 -0.016436 0.000000 -0.030830 0.992870 -0.115148 9.694400 0.012965 0.115590 0.993212 -1.109700 0.000000 0.000000 0.000000 1.000000
0.999582 0.028751 -0.002904 0.000000 -0.028897 0.994637 -0.099310 9.694400 0.000034 0.099353 0.995052 -1.109700 0.000000 0.000000 0.000000 1.000000
0.999598 0.027003 0.008604 0.000000 -0.026226 0.996428 -0.080275 9.694400 -0.010741 0.080017 0.996736 -1.109700 0.000000 0.000000 0.000000 1.000000
0.999609 0.024947 0.012646 0.000000 -0.024023 0.997355 -0.068601 9.694400 -0.014324 0.068270 0.997564 -1.109700 0.000000 0.000000 0.000000 1.000000
0.999664 0.023943 0.009935 0.000000 -0.023214 0.997423 -0.067880 9.694400 -0.011535 0.067626 0.997644 -1.109700 0.000000 0.000000 0.000000 1.000000
0.999664 0.025502 0.004548 0.000000 -0.025100 0.996996 -0.073270 9.694400 -0.006403 0.073131 0.997302 -1.109700 0.000000 0.000000 0.000000 1.000000
0.999506 0.031438 -0.000112 0.000000 -0.031348 0.996385 -0.078951 9.694400 -0.002370 0.078916 0.996878 -1.109700 0.000000 0.000000 0.000000 1.000000
0.999223 0.039234 -0.003724 0.000000 -0.039407 0.995830 -0.082278 9.694400 0.000480 0.082361 0.996602 -1.109700 0.000000 0.000000 0.000000 1.000000
0.998879 0.046778 -0.007210 -0.000000 -0.047226 0.995145 -0.086347 9.694400 0.003136 0.086591 0.996239 -1.109700 0.000000 0.000000 0.000000 1.000000
0.998607 0.051037 -0.013394 0.000000 -0.052072 0.994223 -0.093859 9.694400 0.008527 0.094426 0.995495 -1.109700 0.000000 0.000000 0.000000 1.000000
0.998484 0.050533 -0.021830 0.000000 -0.052512 0.993356 -0.102401 9.694400 0.016510 0.103392 0.994504 -1.109700 0.000000 0.000000 0.000000 1.000000
0.998553 0.043991 -0.030929 0.000000 -0.047175 0.992684 -0.111143 9.694400 0.025813 0.112441 0.993323 -1.109700 0.000000 0.000000 0.000000 1.000000
0.998801 0.031929 -0.037121 0.000000 -0.036178 0.992107 -0.120063 9.694400 0.032995 0.121262 0.992072 -1.109700 0.000000 0.000000 0.000000 1.000000
0.999142 0.019561 -0.036501 0.000000 -0.024109 0.991397 -0.128648 9.694400 0.033670 0.129418 0.991018 -1.109700 0.000000 0.000000 0.000000 1.000000
0.999433 0.011963 -0.031477 -0.000000 -0.016124 0.990650 -0.135474 9.694400 0.029562 0.135905 0.990281 -1.109700 0.000000 0.000000 0.000000 1.000000
0.999655 0.008473 -0.024879 0.000000 -0.011863 0.990154 -0.139481 9.694400 0.023453 0.139728 0.989912 -1.109700 0.000000 0.000000 0.000000 1.000000
0.999813 0.006873 -0.018088 0.000000 -0.009334 0.990153 -0.139680 9.694400 0.016949 0.139823 0.990031 -1.109700 0.000000 0.000000 0.000000 1.000000
0.999926 0.004414 -0.011325 0.000000 -0.005904 0.990821 -0.135053 9.694400 0.010625 0.135110 0.990774 -1.109700 0.000000 0.000000 0.000000 1.000000
0.999988 -0.000396 -0.004856 -0.000000 -0.000216 0.992124 -0.125260 9.694400 0.004867 0.125259 0.992112 -1.109700 0.000000 0.000000 0.000000 1.000000
0.999993 -0.002624 -0.002729 0.000000 0.002284 0.993037 -0.117784 9.694400 0.003019 0.117777 0.993035 -1.109700 0.000000 0.000000 0.000000 1.000000
0.999990 -0.001450 -0.004342 0.000000 0.000949 0.993567 -0.113238 9.694400 0.004478 0.113233 0.993558 -1.109700 0.000000 0.000000 0.000000 1.000000
0.999959 0.003283 -0.008442 0.000000 -0.004192 0.993927 -0.109964 9.694400 0.008030 0.109995 0.993900 -1.109700 0.000000 0.000000 0.000000 1.000000
0.999871 0.011182 -0.011529 -0.000000 -0.012354 0.994159 -0.107218 9.694400 0.010263 0.107346 0.994169 -1.109700 0.000000 0.000000 0.000000 1.000000
0.999736 0.018385 -0.013754 0.000000 -0.019727 0.994296 -0.104813 9.694400 0.011748 0.105057 0.994397 -1.109700 0.000000 0.000000 0.000000 1.000000
0.999610 0.022368 -0.016699 0.000000 -0.023964 0.994451 -0.102437 9.694400 0.014315 0.102798 0.994599 -1.109700 0.000000 0.000000 0.000000 1.000000
0.999526 0.021496 -0.022029 0.000000 -0.023589 0.994742 -0.099660 9.694400 0.019771 0.100133 0.994778 -1.109700 0.000000 0.000000 0.000000 1.000000
0.999455 0.019155 -0.026874 0.000000 -0.021655 0.995140 -0.096056 9.694400 0.024904 0.096586 0.995013 -1.109700 0.000000 0.000000 0.000000 1.000000
0.999459 0.015808 -0.028857 0.000000 -0.018387 0.995642 -0.091423 9.694400 0.027286 0.091904 0.995394 -1.109700 0.000000 0.000000 0.000000 1.000000
0.999585 0.012297 -0.026064 0.000000 -0.014487 0.996229 -0.085551 9.694400 0.024914 0.085893 0.995993 -1.109700 0.000000 0.000000 0.000000 1.000000
0.999690 0.010297 -0.022671 -0.000000 -0.012062 0.996790 -0.079152 9.694400 0.021784 0.079401 0.996605 -1.109700 0.000000 0.000000 0.000000 1.000000
0.999752 0.009228 -0.020254 0.000000 -0.010678 0.997298 -0.072682 9.694400 0.019529 0.072880 0.997149 -1.109700 0.000000 0.000000 0.000000 1.000000
0.999776 0.008352 -0.019431 0.000000 -0.009642 0.997689 -0.067265 9.694400 0.018824 0.067438 0.997546 -1.109700 0.000000 0.000000 0.000000 1.000000
0.999789 0.007484 -0.019122 0.000000 -0.008702 0.997885 -0.064421 9.694400 0.018599 0.064573 0.997740 -1.109700 0.000000 0.000000 0.000000 1.000000
0.999791 0.006884 -0.019227 0.000000 -0.008100 0.997926 -0.063866 9.694400 0.018747 0.064009 0.997773 -1.109700 0.000000 0.000000 0.000000 1.000000
0.999775 0.007207 -0.019929 -0.000000 -0.008494 0.997832 -0.065259 9.694400 0.019416 0.065414 0.997669 -1.109700 0.000000 0.000000 0.000000 1.000000
0.999744 0.008362 -0.021006 0.000000 -0.009779 0.997619 -0.068271 9.694400 0.020385 0.068459 0.997446 -1.109700 0.000000 0.000000 0.000000 1.000000
0.999711 0.009752 -0.021959 0.000000 -0.011323 0.997298 -0.072583 9.694400 0.021192 0.072811 0.997121 -1.109700 0.000000 0.000000 0.000000 1.000000
0.999692 0.010824 -0.022335 -0.000000 -0.012525 0.996916 -0.077467 9.694400 0.021428 0.077723 0.996745 -1.109700 0.000000 0.000000 0.000000 1.000000
0.999679 0.011486 -0.022590 -0.000000 -0.013279 0.996635 -0.080889 9.694400 0.021584 0.081163 0.996467 -1.109700 0.000000 0.000000 0.000000 1.000000
0.999667 0.011865 -0.022933 0.000000 -0.013727 0.996470 -0.082817 9.694400 0.021869 0.083104 0.996301 -1.109700 0.000000 0.000000 0.000000 1.000000
0.999656 0.011994 -0.023339 0.000000 -0.013904 0.996413 -0.083479 9.694400 0.022254 0.083775 0.996236 -1.109700 0.000000 0.000000 0.000000 1.000000
0.999649 0.011790 -0.023734 0.000000 -0.013725 0.996447 -0.083100 9.694400 0.022669 0.083396 0.996259 -1.109700 0.000000 0.000000 0.000000 1.000000
0.999643 0.011395 -0.024157 0.000000 -0.013339 0.996551 -0.081901 9.694400 0.023141 0.082194 0.996348 -1.109700 0.000000 0.000000 0.000000 1.000000
0.999635 0.010984 -0.024664 0.000000 -0.012928 0.996703 -0.080102 9.694400 0.023703 0.080392 0.996481 -1.109700 0.000000 0.000000 0.000000 1.000000
0.999626 0.010563 -0.025217 0.000000 -0.012500 0.996881 -0.077929 9.694400 0.024315 0.078215 0.996640 -1.109700 0.000000 0.000000 0.000000 1.000000
0.999617 0.010114 -0.025772 0.000000 -0.012037 0.997065 -0.075606 9.694400 0.024932 0.075887 0.996805 -1.109700 0.000000 0.000000 0.000000 1.000000
0.999607 0.009663 -0.026313 0.000000 -0.011571 0.997239 -0.073357 9.694400 0.025532 0.073632 0.996959 -1.109700 0.000000 0.000000 0.000000 1.000000
0.999598 0.009235 -0.026822 0.000000 -0.011130 0.997385 -0.071406 9.694400 0.026092 0.071676 0.997087 -1.109700 0.000000 0.000000 0.000000 1.000000
0.999589 0.008858 -0.027281 0.000000 -0.010749 0.997491 -0.069977 9.694400 0.026593 0.070242 0.997175 -1.109700 0.000000 0.000000 0.000000 1.000000
0.999580 0.008555 -0.027672 0.000000 -0.010456 0.997541 -0.069295 9.694400 0.027011 0.069555 0.997212 -1.109700 0.000000 0.000000 0.000000 1.000000</float_array><technique_common><accessor source="#mixamorig7_Spine-Matrix-animation-output-transform-array" count="101" stride="16"><param type="float4x4"/></accessor></technique_common></source><source id="mixamorig7_Spine-Interpolations"><Name_array id="mixamorig7_Spine-Interpolations-array" count="101">
 LINEAR LINEAR LINEAR LINEAR LINEAR LINEAR LINEAR LINEAR LINEAR LINEAR LINEAR
LINEAR LINEAR LINEAR LINEAR LINEAR LINEAR LINEAR LINEAR LINEAR LINEAR LINEAR LINEAR
LINEAR LINEAR LINEAR LINEAR LINEAR LINEAR LINEAR LINEAR LINEAR LINEAR LINEAR LINEAR
LINEAR LINEAR LINEAR LINEAR LINEAR LINEAR LINEAR LINEAR LINEAR LINEAR LINEAR LINEAR
LINEAR LINEAR LINEAR LINEAR LINEAR LINEAR LINEAR LINEAR LINEAR LINEAR LINEAR LINEAR
LINEAR LINEAR LINEAR LINEAR LINEAR LINEAR LINEAR LINEAR LINEAR LINEAR LINEAR LINEAR
LINEAR LINEAR LINEAR LINEAR LINEAR LINEAR LINEAR LINEAR LINEAR LINEAR LINEAR LINEAR
LINEAR LINEAR LINEAR LINEAR LINEAR LINEAR LINEAR LINEAR LINEAR LINEAR LINEAR LINEAR
LINEAR LINEAR LINEAR LINEAR LINEAR LINEAR</Name_array><technique_common><accessor source="#mixamorig7_Spine-Interpolations-array" count="101"><param type="name"/></accessor></technique_common></source><sampler id="mixamorig7_Spine-Matrix-animation-transform"><input semantic="INPUT" source="#mixamorig7_Spine-Matrix-animation-input"/><input semantic="OUTPUT" source="#mixamorig7_Spine-Matrix-animation-output-transform"/><input semantic="INTERPOLATION" source="#mixamorig7_Spine-Interpolations"/></sampler><channel source="#mixamorig7_Spine-Matrix-animation-transform" target="mixamorig7_Spine/matrix"/></animation>
    <animation id="mixamorig7_Spine1-anim" name="mixamorig7_Spine1"><source id="mixamorig7_Spine1-Matrix-animation-input"><float_array id="mixamorig7_Spine1-Matrix-animation-input-array" count="101">

0.000000 0.033333 0.066667 0.100000 0.133333 0.166667 0.200000 0.233333 0.266667 0.300000 0.333333 0.366667 0.400000 0.433333 0.466667 0.500000
0.533333 0.566667 0.600000 0.633333 0.666667 0.700000 0.733333 0.766667 0.800000 0.833333 0.866667 0.900000 0.933333 0.966667 1.000000 1.033333
1.066667 1.100000 1.133333 1.166667 1.200000 1.233333 1.266667 1.300000 1.333333 1.366667 1.400000 1.433333 1.466667 1.500000 1.533333 1.566667
1.600000 1.633333 1.666667 1.700000 1.733333 1.766667 1.800000 1.833333 1.866667 1.900000 1.933333 1.966667 2.000000 2.033333 2.066667 2.100000
2.133333 2.166667 2.200000 2.233333 2.266667 2.300000 2.333333 2.366667 2.400000 2.433333 2.466667 2.500000 2.533333 2.566667 2.600000 2.633333
2.666667 2.700000 2.733333 2.766667 2.800000 2.833333 2.866667 2.900000 2.933333 2.966667 3.000000 3.033333 3.066667 3.100000 3.133333 3.166667
3.200000 3.233333 3.266667 3.300000 3.333333</float_array><technique_common><accessor source="#mixamorig7_Spine1-Matrix-animation-input-array" count="101"><param name="TIME" type="float"/></accessor></technique_common></source><source id="mixamorig7_Spine1-Matrix-animation-output-transform"><float_array id="mixamorig7_Spine1-Matrix-animation-output-transform-array" count="1616">

0.999918 0.012725 0.001628 0.000000 -0.012174 0.981214 -0.192536 11.384000 -0.004047 0.192501 0.981288 0.000000 0.000000 0.000000 0.000000 1.000000
0.999920 0.012510 0.001869 0.000000 -0.011913 0.981070 -0.193285 11.384000 -0.004252 0.193248 0.981141 0.000000 0.000000 0.000000 0.000000 1.000000
0.999917 0.012520 0.002983 0.000000 -0.011705 0.980973 -0.193790 11.384000 -0.005352 0.193739 0.981039 0.000000 0.000000 0.000000 0.000000 1.000000
0.999909 0.012699 0.004485 -0.000000 -0.011589 0.980965 -0.193836 11.384000 -0.006861 0.193767 0.981024 0.000000 0.000000 0.000000 0.000000 1.000000
0.999898 0.012989 0.005890 0.000000 -0.011607 0.981088 -0.193215 11.384000 -0.008288 0.193127 0.981139 -0.000000 0.000000 0.000000 0.000000 1.000000
0.999889 0.013329 0.006715 0.000000 -0.011795 0.981381 -0.191709 11.384000 -0.009146 0.191609 0.981429 0.000000 0.000000 0.000000 0.000000 1.000000
0.999886 0.013660 0.006480 0.000000 -0.012189 0.981881 -0.189107 11.384000 -0.008946 0.189006 0.981935 0.000000 0.000000 0.000000 0.000000 1.000000
0.999888 0.014307 0.004329 0.000000 -0.013250 0.982380 -0.186424 11.384000 -0.006920 0.186345 0.982460 0.000000 0.000000 0.000000 0.000000 1.000000
0.999876 0.015761 -0.000454 0.000000 -0.015568 0.982234 -0.187012 11.384000 -0.002501 0.186996 0.982358 -0.000000 0.000000 0.000000 0.000000 1.000000
0.999808 0.017188 -0.009404 0.000000 -0.018666 0.981475 -0.190680 11.384000 0.005953 0.190819 0.981607 0.000000 0.000000 0.000000 0.000000 1.000000
0.999552 0.017616 -0.024191 0.000000 -0.022042 0.980155 -0.197005 11.384000 0.020240 0.197450 0.980104 0.000000 0.000000 0.000000 0.000000 1.000000
0.998794 0.015971 -0.046430 0.000000 -0.025200 0.978316 -0.205578 11.384000 0.042140 0.206500 0.977539 0.000000 0.000000 0.000000 0.000000 1.000000
