<?xml version="1.0" encoding="utf-8"?>
<COLLADA xmlns="http://www.collada.org/2005/11/COLLADASchema" version="1.4.1">
  <asset><contributor><author>Mixamo</author><authoring_tool>COLLADA Mixamo exporter</authoring_tool><comments></comments></contributor><created>2020-05-20T15:23:34Z</created><modified>2020-05-20T15:23:34Z</modified><revision></revision><title></title><unit meter="0.010000"/><up_axis>Y_UP</up_axis></asset>
  <library_animations>
    <animation id="mixamorig_Hips-anim" name="mixamorig_Hips"><source id="mixamorig_Hips-Matrix-animation-input"><float_array id="mixamorig_Hips-Matrix-animation-input-array" count="110">

0.000000 0.033333 0.066667 0.100000 0.133333 0.166667 0.200000 0.233333 0.266667 0.300000 0.333333 0.366667 0.400000 0.433333 0.466667 0.500000
0.533333 0.566667 0.600000 0.633333 0.666667 0.700000 0.733333 0.766667 0.800000 0.833333 0.866667 0.900000 0.933333 0.966667 1.000000 1.033333
1.066667 1.100000 1.133333 1.166667 1.200000 1.233333 1.266667 1.300000 1.333333 1.366667 1.400000 1.433333 1.466667 1.500000 1.533333 1.566667
1.600000 1.633333 1.666667 1.700000 1.733333 1.766667 1.800000 1.833333 1.866667 1.900000 1.933333 1.966667 2.000000 2.033333 2.066667 2.100000
2.133333 2.166667 2.200000 2.233333 2.266667 2.300000 2.333333 2.366667 2.400000 2.433333 2.466667 2.500000 2.533333 2.566667 2.600000 2.633333
2.666667 2.700000 2.733333 2.766667 2.800000 2.833333 2.866667 2.900000 2.933333 2.966667 3.000000 3.033333 3.066667 3.100000 3.133333 3.166667
3.200000 3.233333 3.266667 3.300000 3.333333 3.366667 3.400000 3.433333 3.466667 3.500000 3.533333 3.566667 3.600000 3.633333</float_array><technique_common><accessor source="#mixamorig_Hips-Matrix-animation-input-array" count="110"><param name="TIME" type="float"/></accessor></technique_common></source><source id="mixamorig_Hips-Matrix-animation-output-transform"><float_array id="mixamorig_Hips-Matrix-animation-output-transform-array" count="1760">

0.567308 0.059173 0.821377 -0.417375 -0.048371 0.998087 -0.038495 97.283638 -0.822084 -0.017892 0.569085 -0.653116 0.000000 0.000000 0.000000 1.000000
0.569057 0.060311 0.820084 -0.278445 -0.048164 0.998039 -0.039977 97.324768 -0.820887 -0.016750 0.570846 -0.724075 0.000000 0.000000 0.000000 1.000000
0.570739 0.061380 0.818834 -0.144251 -0.047961 0.997992 -0.041380 97.364166 -0.819730 -0.015655 0.572537 -0.792444 0.000000 0.000000 0.000000 1.000000
0.572350 0.062378 0.817633 -0.015018 -0.047765 0.997946 -0.042698 97.401482 -0.818617 -0.014616 0.574154 -0.858229 0.000000 0.000000 0.000000 1.000000
0.573886 0.063303 0.816485 0.109012 -0.047582 0.997901 -0.043924 97.436554 -0.817551 -0.013642 0.575694 -0.921415 0.000000 0.000000 0.000000 1.000000
0.575335 0.064141 0.815399 0.226924 -0.047410 0.997859 -0.045042 97.468971 -0.816543 -0.012743 0.577144 -0.981518 0.000000 0.000000 0.000000 1.000000
0.576677 0.064883 0.814391 0.337694 -0.047254 0.997822 -0.046035 97.498436 -0.815604 -0.011936 0.578487 -1.038255 0.000000 0.000000 0.000000 1.000000
0.577918 0.065532 0.813459 0.441729 -0.047112 0.997787 -0.046911 97.524582 -0.814734 -0.011213 0.579727 -1.092100 0.000000 0.000000 0.000000 1.000000
0.579090 0.066124 0.812578 0.541502 -0.046998 0.997755 -0.047699 97.547867 -0.813908 -0.010567 0.580898 -1.144525 0.000000 0.000000 0.000000 1.000000
0.580182 0.066578 0.811761 0.634050 -0.046820 0.997732 -0.048367 97.563637 -0.813140 -0.009945 0.581983 -1.192114 0.000000 0.000000 0.000000 1.000000
0.581031 0.066754 0.811139 0.707973 -0.046590 0.997724 -0.048736 97.569832 -0.812546 -0.009474 0.582819 -1.229140 0.000000 0.000000 0.000000 1.000000
0.581417 0.066577 0.810877 0.751370 -0.046432 0.997737 -0.048625 97.569580 -0.812279 -0.009379 0.583193 -1.252379 0.000000 0.000000 0.000000 1.000000
0.581282 0.066013 0.811020 0.763268 -0.046241 0.997773 -0.048072 97.563728 -0.812387 -0.009559 0.583040 -1.264593 0.000000 0.000000 0.000000 1.000000
0.580996 0.065304 0.811282 0.778064 -0.045840 0.997819 -0.047492 97.555962 -0.812614 -0.009596 0.582723 -1.289971 0.000000 0.000000 0.000000 1.000000
0.580720 0.064475 0.811546 0.801303 -0.045545 0.997871 -0.046687 97.544609 -0.812828 -0.009850 0.582420 -1.323551 0.000000 0.000000 0.000000 1.000000
0.580614 0.063518 0.811697 0.835959 -0.045370 0.997927 -0.045637 97.528671 -0.812914 -0.010329 0.582293 -1.364947 0.000000 0.000000 0.000000 1.000000
0.580852 0.062397 0.811614 0.882959 -0.045122 0.997993 -0.044433 97.507629 -0.812758 -0.010813 0.582502 -1.416178 0.000000 0.000000 0.000000 1.000000
0.581468 0.061107 0.811271 0.942485 -0.044678 0.998069 -0.043154 97.480423 -0.812341 -0.011153 0.583075 -1.477642 0.000000 0.000000 0.000000 1.000000
0.582360 0.059657 0.810739 1.015646 -0.044074 0.998154 -0.041789 97.445946 -0.811736 -0.011396 0.583914 -1.546656 0.000000 0.000000 0.000000 1.000000
0.583446 0.058036 0.810076 1.103558 -0.043360 0.998247 -0.040288 97.405037 -0.810994 -0.011619 0.584939 -1.620385 0.000000 0.000000 0.000000 1.000000
0.584685 0.056299 0.809305 1.205518 -0.042433 0.998346 -0.038794 97.359955 -0.810150 -0.011659 0.586107 -1.700998 0.000000 0.000000 0.000000 1.000000
0.585991 0.054635 0.808474 1.319966 -0.041051 0.998445 -0.037719 97.312973 -0.809277 -0.011086 0.587322 -1.798337 0.000000 0.000000 0.000000 1.000000
0.587369 0.053128 0.807574 1.446252 -0.039024 0.998542 -0.037308 97.262756 -0.808378 -0.009601 0.588586 -1.920520 0.000000 0.000000 0.000000 1.000000
0.589034 0.051582 0.806461 1.586768 -0.036507 0.998640 -0.037209 97.205452 -0.807283 -0.007524 0.590116 -2.061780 0.000000 0.000000 0.000000 1.000000
0.591115 0.049923 0.805041 1.746978 -0.033916 0.998738 -0.037032 97.141563 -0.805874 -0.005414 0.592062 -2.203523 0.000000 0.000000 0.000000 1.000000
0.593247 0.048542 0.803555 1.928053 -0.031664 0.998815 -0.036960 97.076500 -0.804397 -0.003517 0.594081 -2.324106 0.000000 0.000000 0.000000 1.000000
0.594619 0.047473 0.802605 2.105449 -0.029729 0.998871 -0.037057 96.992950 -0.803458 -0.001826 0.595359 -2.393439 0.000000 0.000000 0.000000 1.000000
0.594302 0.046627 0.802889 2.231724 -0.028822 0.998911 -0.036677 96.874329 -0.803725 -0.001344 0.594999 -2.386358 0.000000 0.000000 0.000000 1.000000
0.591350 0.046052 0.805099 2.245640 -0.029995 0.998933 -0.035107 96.700096 -0.805857 -0.003388 0.592101 -2.270672 0.000000 0.000000 0.000000 1.000000
0.584361 0.045857 0.810197 2.105744 -0.034067 0.998908 -0.031967 96.463684 -0.810778 -0.008920 0.585285 -2.005702 0.000000 0.000000 0.000000 1.000000
0.571099 0.045547 0.819616 1.799644 -0.040962 0.998797 -0.026962 96.166374 -0.819858 -0.018175 0.572278 -1.534240 0.000000 0.000000 0.000000 1.000000
0.548578 0.044957 0.834890 1.327146 -0.050864 0.998498 -0.020347 95.837555 -0.834551 -0.031304 0.550041 -0.803074 0.000000 0.000000 0.000000 1.000000
0.513717 0.045931 0.856729 0.697504 -0.064391 0.997814 -0.014884 95.578636 -0.855540 -0.047520 0.515552 0.203324 0.000000 0.000000 0.000000 1.000000
0.467251 0.051311 0.882635 -0.055733 -0.079525 0.996707 -0.015843 95.556580 -0.880541 -0.062789 0.469793 1.477760 0.000000 0.000000 0.000000 1.000000
0.421634 0.060245 0.904763 -0.865788 -0.089693 0.995668 -0.024500 95.899033 -0.902319 -0.070821 0.425211 3.018742 0.000000 0.000000 0.000000 1.000000
0.394546 0.067029 0.916428 -1.667259 -0.088727 0.995455 -0.034609 96.570740 -0.914582 -0.067657 0.398700 4.755179 0.000000 0.000000 0.000000 1.000000
0.386902 0.067991 0.919611 -2.466400 -0.077586 0.996142 -0.041007 97.353905 -0.918851 -0.055484 0.390684 6.484386 0.000000 0.000000 0.000000 1.000000
0.385687 0.065629 0.920293 -3.338815 -0.062223 0.997046 -0.045025 97.977020 -0.920529 -0.039897 0.388631 7.961123 0.000000 0.000000 0.000000 1.000000
0.383598 0.065228 0.921194 -4.341430 -0.048463 0.997550 -0.050454 98.290108 -0.922228 -0.025290 0.385819 9.027027 0.000000 0.000000 0.000000 1.000000
0.385216 0.068535 0.920278 -5.429282 -0.037863 0.997572 -0.058442 98.307213 -0.922049 -0.012332 0.386876 9.676590 0.000000 0.000000 0.000000 1.000000
0.398323 0.072785 0.914353 -6.457160 -0.028509 0.997347 -0.066972 98.191483 -0.916802 0.000609 0.399341 10.071897 0.000000 0.000000 0.000000 1.000000
0.422689 0.075349 0.903137 -7.290564 -0.018901 0.997054 -0.074339 98.107468 -0.906078 0.014353 0.422868 10.455028 0.000000 0.000000 0.000000 1.000000
0.446731 0.076624 0.891381 -7.889239 -0.008837 0.996655 -0.081245 98.123283 -0.894625 0.028417 0.445914 10.998932 0.000000 0.000000 0.000000 1.000000
0.456168 0.078595 0.886416 -8.265116 0.001068 0.996043 -0.088865 98.181343 -0.889893 0.041485 0.454279 11.709123 0.000000 0.000000 0.000000 1.000000
0.446097 0.080414 0.891365 -8.439000 0.009553 0.995471 -0.094587 98.181305 -0.894934 0.050710 0.443308 12.502611 0.000000 0.000000 0.000000 1.000000
0.424811 0.078288 0.901890 -8.462420 0.014228 0.995553 -0.093120 98.047050 -0.905170 0.052390 0.421808 13.282804 0.000000 0.000000 0.000000 1.000000
0.404855 0.070633 0.911649 -8.441585 0.014844 0.996373 -0.083790 97.777985 -0.914261 0.047455 0.402338 13.989922 0.000000 0.000000 0.000000 1.000000
0.392414 0.060687 0.917784 -8.452918 0.014124 0.997306 -0.071984 97.445602 -0.919680 0.041211 0.390500 14.593169 0.000000 0.000000 0.000000 1.000000
0.387046 0.052994 0.920536 -8.490726 0.013965 0.997896 -0.063319 97.128632 -0.921955 0.037362 0.385491 15.081936 0.000000 0.000000 0.000000 1.000000
0.387187 0.048966 0.920700 -8.522033 0.014408 0.998145 -0.059144 96.863724 -0.921889 0.036166 0.385764 15.446307 0.000000 0.000000 0.000000 1.000000
0.391639 0.047102 0.918912 -8.539904 0.015131 0.998224 -0.057617 96.621231 -0.919994 0.036469 0.390231 15.663259 0.000000 0.000000 0.000000 1.000000
0.398184 0.046454 0.916129 -8.571020 0.016004 0.998213 -0.057572 96.311623 -0.917166 0.037586 0.396729 15.733934 0.000000 0.000000 0.000000 1.000000
0.402909 0.048114 0.913975 -8.653248 0.016855 0.998058 -0.059970 95.831131 -0.915085 0.039567 0.401315 15.693514 0.000000 0.000000 0.000000 1.000000
0.402488 0.054359 0.913810 -8.810075 0.017082 0.997616 -0.066868 95.104965 -0.915266 0.042523 0.400600 15.574879 0.000000 0.000000 0.000000 1.000000
0.398035 0.066264 0.914974 -9.050191 0.016934 0.996687 -0.079549 94.169197 -0.917214 0.047157 0.395595 15.441647 0.000000 0.000000 0.000000 1.000000
0.393925 0.082010 0.915477 -9.331091 0.016972 0.995193 -0.096453 93.115387 -0.918986 0.053532 0.390639 15.350922 0.000000 0.000000 0.000000 1.000000
0.392561 0.097921 0.914499 -9.584195 0.017359 0.993350 -0.113815 92.035873 -0.919562 0.060554 0.388251 15.357688 0.000000 0.000000 0.000000 1.000000
0.393352 0.111273 0.912629 -9.758026 0.017500 0.991563 -0.128440 90.973389 -0.919221 0.066493 0.388086 15.507895 0.000000 0.000000 0.000000 1.000000
0.394880 0.120128 0.910845 -9.846969 0.016120 0.990356 -0.137603 89.961639 -0.918591 0.069019 0.389135 15.833375 0.000000 0.000000 0.000000 1.000000
0.394316 0.121816 0.910865 -9.865045 0.011961 0.990411 -0.137632 89.089294 -0.918897 0.065165 0.389078 16.325775 0.000000 0.000000 0.000000 1.000000
0.387094 0.113971 0.914969 -9.802809 0.005073 0.992053 -0.125719 88.489059 -0.922026 0.053307 0.383440 16.931856 0.000000 0.000000 0.000000 1.000000
0.370555 0.096942 0.923737 -9.631155 -0.003580 0.994680 -0.102951 88.242729 -0.928803 0.034843 0.368931 17.574482 0.000000 0.000000 0.000000 1.000000
0.346965 0.073722 0.934976 -9.357241 -0.013048 0.997189 -0.073786 88.296234 -0.937787 0.013401 0.346952 18.183907 0.000000 0.000000 0.000000 1.000000
0.321849 0.047677 0.945590 -9.044874 -0.022722 0.998833 -0.042628 88.521080 -0.946518 -0.007766 0.322556 18.723528 0.000000 0.000000 0.000000 1.000000
0.299662 0.021283 0.953808 -8.764614 -0.032488 0.999399 -0.012094 88.831131 -0.953492 -0.027363 0.300174 19.179913 0.000000 0.000000 0.000000 1.000000
0.281864 -0.003367 0.959448 -8.546410 -0.042232 0.998981 0.015912 89.222946 -0.958524 -0.045004 0.281435 19.540009 0.000000 0.000000 0.000000 1.000000
0.267940 -0.024378 0.963127 -8.377029 -0.051480 0.997889 0.039579 89.709259 -0.962059 -0.060187 0.266119 19.789562 0.000000 0.000000 0.000000 1.000000
0.256347 -0.040721 0.965727 -8.236101 -0.059688 0.996539 0.057864 90.257721 -0.964740 -0.072476 0.253029 19.926785 0.000000 0.000000 0.000000 1.000000
0.245506 -0.052695 0.967962 -8.123347 -0.066574 0.995248 0.071066 90.814423 -0.967106 -0.081888 0.240831 19.969177 0.000000 0.000000 0.000000 1.000000
0.235372 -0.061507 0.969957 -8.042904 -0.072270 0.994125 0.080577 91.352875 -0.969215 -0.089065 0.229544 19.955359 0.000000 0.000000 0.000000 1.000000
0.227568 -0.068199 0.971371 -7.988392 -0.077611 0.993101 0.087907 91.865204 -0.970664 -0.095394 0.220705 19.918318 0.000000 0.000000 0.000000 1.000000
0.223324 -0.073216 0.971991 -7.961962 -0.083989 0.992021 0.094022 92.326637 -0.971119 -0.102634 0.215393 19.859003 0.000000 0.000000 0.000000 1.000000
0.222233 -0.076897 0.971956 -7.983767 -0.092082 0.990774 0.099440 92.715294 -0.970635 -0.111599 0.213102 19.767323 0.000000 0.000000 0.000000 1.000000
0.223381 -0.079947 0.971447 -8.055668 -0.100593 0.989418 0.104557 93.052460 -0.969527 -0.121077 0.212975 19.659006 0.000000 0.000000 0.000000 1.000000
0.225921 -0.082868 0.970615 -8.137423 -0.107616 0.988154 0.109414 93.391449 -0.968183 -0.129172 0.214327 19.562468 0.000000 0.000000 0.000000 1.000000
0.228428 -0.085130 0.969832 -8.190047 -0.112864 0.987137 0.113232 93.760849 -0.966997 -0.135325 0.215882 19.483389 0.000000 0.000000 0.000000 1.000000
0.229692 -0.086298 0.969430 -8.210754 -0.117505 0.986316 0.115643 94.141998 -0.966144 -0.140475 0.216408 19.405174 0.000000 0.000000 0.000000 1.000000
0.230117 -0.087520 0.969219 -8.200700 -0.122488 0.985422 0.118065 94.503624 -0.965424 -0.145886 0.216043 19.319036 0.000000 0.000000 0.000000 1.000000
0.230985 -0.090053 0.968781 -8.144749 -0.127969 0.984246 0.122002 94.845703 -0.964505 -0.152154 0.215822 19.240587 0.000000 0.000000 0.000000 1.000000
0.232631 -0.093401 0.968070 -8.024427 -0.133286 0.982924 0.126864 95.204697 -0.963389 -0.158542 0.216210 19.159370 0.000000 0.000000 0.000000 1.000000
0.234492 -0.096611 0.967305 -7.861938 -0.137004 0.981833 0.131274 95.593437 -0.962415 -0.163308 0.216996 19.052353 0.000000 0.000000 0.000000 1.000000
0.236496 -0.099837 0.966490 -7.684105 -0.138501 0.981086 0.135235 96.002296 -0.961710 -0.165842 0.218196 18.906630 0.000000 0.000000 0.000000 1.000000
0.239394 -0.103028 0.965441 -7.499790 -0.138559 0.980551 0.138999 96.409004 -0.960985 -0.167046 0.220462 18.735743 0.000000 0.000000 0.000000 1.000000
0.243409 -0.104824 0.964243 -7.327072 -0.137895 0.980304 0.141380 96.788658 -0.960071 -0.167377 0.224160 18.568176 0.000000 0.000000 0.000000 1.000000
0.247245 -0.104284 0.963325 -7.204475 -0.136526 0.980524 0.141186 97.113556 -0.959287 -0.166427 0.228192 18.429886 0.000000 0.000000 0.000000 1.000000
0.249201 -0.102509 0.963011 -7.150607 -0.134789 0.981033 0.139307 97.356270 -0.959026 -0.164519 0.230657 18.332243 0.000000 0.000000 0.000000 1.000000
0.249179 -0.101586 0.963115 -7.149584 -0.133486 0.981389 0.138050 97.492393 -0.959214 -0.162962 0.230981 18.270746 0.000000 0.000000 0.000000 1.000000
0.248579 -0.102622 0.963160 -7.184840 -0.133334 0.981280 0.138964 97.520004 -0.959391 -0.162965 0.230243 18.236437 0.000000 0.000000 0.000000 1.000000
0.249088 -0.105154 0.962755 -7.261329 -0.134318 0.980730 0.141868 97.465782 -0.959122 -0.164653 0.230164 18.229784 0.000000 0.000000 0.000000 1.000000
0.251763 -0.107880 0.961757 -7.385095 -0.135818 0.979995 0.145479 97.371513 -0.958211 -0.167250 0.232075 18.259691 0.000000 0.000000 0.000000 1.000000
0.256104 -0.109781 0.960395 -7.546015 -0.137288 0.979328 0.148555 97.277344 -0.956850 -0.169896 0.235739 18.329250 0.000000 0.000000 0.000000 1.000000
0.260186 -0.110665 0.959196 -7.728540 -0.138639 0.978835 0.150538 97.205284 -0.955553 -0.172150 0.239337 18.423122 0.000000 0.000000 0.000000 1.000000
0.262361 -0.111066 0.958557 -7.922499 -0.139965 0.978469 0.151682 97.165741 -0.954765 -0.173959 0.241167 18.527502 0.000000 0.000000 0.000000 1.000000
0.262354 -0.111666 0.958489 -8.118716 -0.141188 0.978151 0.152602 97.159378 -0.954587 -0.175363 0.240856 18.639317 0.000000 0.000000 0.000000 1.000000
0.260762 -0.112708 0.958802 -8.309496 -0.142077 0.977867 0.153589 97.177406 -0.954891 -0.176274 0.238977 18.752676 0.000000 0.000000 0.000000 1.000000
0.258218 -0.113948 0.959343 -8.497146 -0.142384 0.977687 0.154452 97.207115 -0.955537 -0.176477 0.236232 18.855066 0.000000 0.000000 0.000000 1.000000
0.255098 -0.115242 0.960023 -8.690762 -0.141808 0.977677 0.155042 97.235077 -0.956460 -0.175690 0.233062 18.936255 0.000000 0.000000 0.000000 1.000000
0.251610 -0.116711 0.960766 -8.890200 -0.140185 0.977839 0.155497 97.250237 -0.957622 -0.173809 0.229673 18.991652 0.000000 0.000000 0.000000 1.000000
0.248295 -0.118060 0.961463 -9.083241 -0.137827 0.978142 0.155701 97.248329 -0.958829 -0.171175 0.226596 19.023392 0.000000 0.000000 0.000000 1.000000
0.245809 -0.118502 0.962047 -9.258935 -0.135519 0.978550 0.155160 97.235527 -0.959798 -0.168515 0.224477 19.043032 0.000000 0.000000 0.000000 1.000000
0.243668 -0.117919 0.962664 -9.416309 -0.133903 0.978985 0.153811 97.230843 -0.960571 -0.166382 0.222758 19.062429 0.000000 0.000000 0.000000 1.000000
0.240108 -0.117398 0.963621 -9.562712 -0.132741 0.979366 0.152391 97.255692 -0.961628 -0.164502 0.219570 19.081675 0.000000 0.000000 0.000000 1.000000
0.234227 -0.118033 0.964990 -9.705208 -0.131119 0.979698 0.151657 97.317276 -0.963299 -0.162051 0.213995 19.091833 0.000000 0.000000 0.000000 1.000000
0.227870 -0.119594 0.966319 -9.841243 -0.128243 0.980096 0.151541 97.409431 -0.965209 -0.158456 0.207997 19.076830 0.000000 0.000000 0.000000 1.000000
0.224588 -0.120537 0.966970 -9.963284 -0.123466 0.980803 0.150938 97.522964 -0.966600 -0.153287 0.205395 19.009939 0.000000 0.000000 0.000000 1.000000
0.227201 -0.119285 0.966515 -10.078000 -0.115964 0.982095 0.148467 97.642288 -0.966919 -0.145813 0.209300 18.858551 0.000000 0.000000 0.000000 1.000000
0.236584 -0.115517 0.964720 -10.215435 -0.104835 0.984076 0.143544 97.744804 -0.965939 -0.135097 0.220706 18.590200 0.000000 0.000000 0.000000 1.000000
0.251845 -0.110095 0.961485 -10.407747 -0.089277 0.986629 0.136358 97.817680 -0.963641 -0.120180 0.238649 18.175179 0.000000 0.000000 0.000000 1.000000
0.270528 -0.103779 0.957102 -10.667868 -0.069472 0.989476 0.126926 97.862808 -0.960202 -0.100829 0.260472 17.601816 0.000000 0.000000 0.000000 1.000000
0.288972 -0.096070 0.952505 -11.003192 -0.047546 0.992284 0.114506 97.881660 -0.956156 -0.078377 0.282174 16.883369 0.000000 0.000000 0.000000 1.000000</float_array><technique_common><accessor source="#mixamorig_Hips-Matrix-animation-output-transform-array" count="110" stride="16"><param type="float4x4"/></accessor></technique_common></source><source id="mixamorig_Hips-Interpolations"><Name_array id="mixamorig_Hips-Interpolations-array" count="110">
 LINEAR LINEAR LINEAR LINEAR LINEAR LINEAR LINEAR LINEAR LINEAR LINEAR LINEAR
LINEAR LINEAR LINEAR LINEAR LINEAR LINEAR LINEAR LINEAR LINEAR LINEAR LINEAR LINEAR
LINEAR LINEAR LINEAR LINEAR LINEAR LINEAR LINEAR LINEAR LINEAR LINEAR LINEAR LINEAR
LINEAR LINEAR LINEAR LINEAR LINEAR LINEAR LINEAR LINEAR LINEAR LINEAR LINEAR LINEAR
LINEAR LINEAR LINEAR LINEAR LINEAR LINEAR LINEAR LINEAR LINEAR LINEAR LINEAR LINEAR
LINEAR LINEAR LINEAR LINEAR LINEAR LINEAR LINEAR LINEAR LINEAR LINEAR LINEAR LINEAR
LINEAR LINEAR LINEAR LINEAR LINEAR LINEAR LINEAR LINEAR LINEAR LINEAR LINEAR LINEAR
LINEAR LINEAR LINEAR LINEAR LINEAR LINEAR LINEAR LINEAR LINEAR LINEAR LINEAR LINEAR
LINEAR LINEAR LINEAR LINEAR LINEAR LINEAR LINEAR LINEAR LINEAR LINEAR LINEAR LINEAR
LINEAR LINEAR LINEAR</Name_array><technique_common><accessor source="#mixamorig_Hips-Interpolations-array" count="110"><param type="name"/></accessor></technique_common></source><sampler id="mixamorig_Hips-Matrix-animation-transform"><input semantic="INPUT" source="#mixamorig_Hips-Matrix-animation-input"/><input semantic="OUTPUT" source="#mixamorig_Hips-Matrix-animation-output-transform"/><input semantic="INTERPOLATION" source="#mixamorig_Hips-Interpolations"/></sampler><channel source="#mixamorig_Hips-Matrix-animation-transform" target="mixamorig_Hips/matrix"/></animation>
    <animation id="mixamorig_Spine-anim" name="mixamorig_Spine"><source id="mixamorig_Spine-Matrix-animation-input"><float_array id="mixamorig_Spine-Matrix-animation-input-array" count="110">

0.000000 0.033333 0.066667 0.100000 0.133333 0.166667 0.200000 0.233333 0.266667 0.300000 0.333333 0.366667 0.400000 0.433333 0.466667 0.500000
0.533333 0.566667 0.600000 0.633333 0.666667 0.700000 0.733333 0.766667 0.800000 0.833333 0.866667 0.900000 0.933333 0.966667 1.000000 1.033333
1.066667 1.100000 1.133333 1.166667 1.200000 1.233333 1.266667 1.300000 1.333333 1.366667 1.400000 1.433333 1.466667 1.500000 1.533333 1.566667
1.600000 1.633333 1.666667 1.700000 1.733333 1.766667 1.800000 1.833333 1.866667 1.900000 1.933333 1.966667 2.000000 2.033333 2.066667 2.100000
2.133333 2.166667 2.200000 2.233333 2.266667 2.300000 2.333333 2.366667 2.400000 2.433333 2.466667 2.500000 2.533333 2.566667 2.600000 2.633333
2.666667 2.700000 2.733333 2.766667 2.800000 2.833333 2.866667 2.900000 2.933333 2.966667 3.000000 3.033333 3.066667 3.100000 3.133333 3.166667
3.200000 3.233333 3.266667 3.300000 3.333333 3.366667 3.400000 3.433333 3.466667 3.500000 3.533333 3.566667 3.600000 3.633333</float_array><technique_common><accessor source="#mixamorig_Spine-Matrix-animation-input-array" count="110"><param name="TIME" type="float"/></accessor></technique_common></source><source id="mixamorig_Spine-Matrix-animation-output-transform"><float_array id="mixamorig_Spine-Matrix-animation-output-transform-array" count="1760">

0.999243 0.034884 0.017249 -0.000000 -0.035986 0.997010 0.068382 10.997300 -0.014812 -0.068951 0.997510 -0.803100 0.000000 0.000000 0.000000 1.000000
0.999210 0.035471 0.017917 -0.000000 -0.036624 0.996961 0.068753 10.997300 -0.015423 -0.069355 0.997473 -0.803100 0.000000 0.000000 0.000000 1.000000
0.999179 0.036035 0.018537 -0.000000 -0.037235 0.996914 0.069108 10.997300 -0.015990 -0.069742 0.997437 -0.803100 0.000000 0.000000 0.000000 1.000000
0.999148 0.036570 0.019111 0.000000 -0.037815 0.996869 0.069443 10.997300 -0.016512 -0.070107 0.997403 -0.803100 0.000000 0.000000 0.000000 1.000000
0.999120 0.037068 0.019636 0.000000 -0.038354 0.996826 0.069756 10.997300 -0.016988 -0.070448 0.997371 -0.803100 0.000000 0.000000 0.000000 1.000000
0.999093 0.037529 0.020104 0.000000 -0.038852 0.996787 0.070043 10.997300 -0.017411 -0.070761 0.997341 -0.803100 0.000000 0.000000 0.000000 1.000000
0.999070 0.037935 0.020505 0.000000 -0.039290 0.996752 0.070299 10.997300 -0.017771 -0.071039 0.997315 -0.803100 0.000000 0.000000 0.000000 1.000000
0.999049 0.038292 0.020841 0.000000 -0.039674 0.996721 0.070525 10.997300 -0.018072 -0.071284 0.997292 -0.803100 0.000000 0.000000 0.000000 1.000000
0.999031 0.038604 0.021144 0.000000 -0.040011 0.996693 0.070724 10.997300 -0.018343 -0.071501 0.997272 -0.803100 0.000000 0.000000 0.000000 1.000000
0.999009 0.039010 0.021411 0.000000 -0.040437 0.996664 0.070886 10.997300 -0.018575 -0.071681 0.997255 -0.803100 0.000000 0.000000 0.000000 1.000000
0.998991 0.039421 0.021512 0.000000 -0.040857 0.996641 0.070980 10.997300 -0.018642 -0.071787 0.997246 -0.803100 0.000000 0.000000 0.000000 1.000000
0.998995 0.039462 0.021254 0.000000 -0.040879 0.996640 0.070980 10.997300 -0.018381 -0.071777 0.997251 -0.803100 0.000000 0.000000 0.000000 1.000000
0.999022 0.039125 0.020580 -0.000000 -0.040493 0.996661 0.070900 10.997300 -0.017737 -0.071664 0.997271 -0.803100 0.000000 0.000000 0.000000 1.000000
0.999048 0.038874 0.019795 0.000000 -0.040185 0.996679 0.070827 10.997300 -0.016976 -0.071555 0.997292 -0.803100 0.000000 0.000000 0.000000 1.000000
0.999067 0.038775 0.019020 0.000000 -0.040029 0.996693 0.070713 10.997300 -0.016215 -0.071409 0.997315 -0.803100 0.000000 0.000000 0.000000 1.000000
0.999078 0.038836 0.018305 0.000000 -0.040036 0.996706 0.070523 10.997300 -0.015506 -0.071191 0.997342 -0.803100 0.000000 0.000000 0.000000 1.000000
0.999081 0.039067 0.017654 0.000000 -0.040216 0.996719 0.070240 10.997300 -0.014853 -0.070885 0.997374 -0.803100 0.000000 0.000000 0.000000 1.000000
0.999073 0.039525 0.017029 0.000000 -0.040623 0.996729 0.069861 10.997300 -0.014212 -0.070488 0.997411 -0.803100 0.000000 0.000000 0.000000 1.000000
0.999053 0.040301 0.016380 -0.000000 -0.041345 0.996732 0.069404 10.997300 -0.013529 -0.070015 0.997454 -0.803100 0.000000 0.000000 0.000000 1.000000
0.999017 0.041454 0.015707 0.000000 -0.042443 0.996720 0.068908 10.997300 -0.012799 -0.069507 0.997499 -0.803100 0.000000 0.000000 0.000000 1.000000
0.998962 0.042967 0.015126 0.000000 -0.043905 0.996688 0.068454 10.997300 -0.012135 -0.069047 0.997540 -0.803100 0.000000 0.000000 0.000000 1.000000
0.998888 0.044742 0.014894 0.000000 -0.045657 0.996628 0.068171 10.997300 -0.011794 -0.068775 0.997562 -0.803100 0.000000 0.000000 0.000000 1.000000
0.998796 0.046586 0.015345 0.000000 -0.047529 0.996538 0.068215 10.997300 -0.012114 -0.068862 0.997553 -0.803100 0.000000 0.000000 0.000000 1.000000
0.998697 0.048211 0.016718 0.000000 -0.049252 0.996420 0.068718 10.997300 -0.013345 -0.069452 0.997496 -0.803100 0.000000 0.000000 0.000000 1.000000
0.998605 0.049312 0.018904 -0.000000 -0.050517 0.996289 0.069694 10.997300 -0.015397 -0.070551 0.997389 -0.803100 0.000000 0.000000 0.000000 1.000000
0.998541 0.049663 0.021197 0.000000 -0.051051 0.996173 0.070951 10.997300 -0.017592 -0.071930 0.997255 -0.803100 0.000000 0.000000 0.000000 1.000000
0.998503 0.049978 0.022238 -0.000000 -0.051461 0.996072 0.072061 10.997300 -0.018549 -0.073098 0.997152 -0.803100 0.000000 0.000000 0.000000 1.000000
0.998514 0.050641 0.020120 -0.000000 -0.051975 0.996017 0.072454 10.997300 -0.016371 -0.073392 0.997169 -0.803100 0.000000 0.000000 0.000000 1.000000
0.998553 0.052203 0.012915 -0.000000 -0.052997 0.996023 0.071624 10.997300 -0.009125 -0.072205 0.997348 -0.803100 0.000000 0.000000 0.000000 1.000000
0.998491 0.054907 -0.000580 0.000000 -0.054735 0.996088 0.069381 10.997300 0.004388 -0.069244 0.997590 -0.803100 0.000000 0.000000 0.000000 1.000000
0.998063 0.058877 -0.020068 0.000000 -0.057438 0.996164 0.066010 10.997300 0.023877 -0.064729 0.997617 -0.803100 0.000000 0.000000 0.000000 1.000000
0.997016 0.063879 -0.043342 0.000000 -0.061119 0.996187 0.062260 10.997300 0.047154 -0.059425 0.997118 -0.803100 0.000000 0.000000 0.000000 1.000000
0.995366 0.069404 -0.066553 -0.000000 -0.065506 0.996102 0.059068 10.997300 0.070394 -0.054434 0.996033 -0.803100 0.000000 0.000000 0.000000 1.000000
0.993570 0.074540 -0.085221 0.000000 -0.069815 0.995922 0.057148 10.997300 0.089133 -0.050831 0.994722 -0.803100 0.000000 0.000000 0.000000 1.000000
0.992348 0.078069 -0.095662 0.000000 -0.072873 0.995730 0.056667 10.997300 0.099677 -0.049262 0.993800 -0.803100 0.000000 0.000000 0.000000 1.000000
0.992244 0.078594 -0.096303 0.000000 -0.073315 0.995668 0.057185 10.997300 0.100380 -0.049681 0.993708 -0.803100 0.000000 0.000000 0.000000 1.000000
0.993296 0.074634 -0.088280 -0.000000 -0.069690 0.995891 0.057830 10.997300 0.092233 -0.051290 0.994416 -0.803100 0.000000 0.000000 0.000000 1.000000
0.995075 0.064943 -0.074893 0.000000 -0.060690 0.996486 0.057727 10.997300 0.078379 -0.052898 0.995519 -0.803100 0.000000 0.000000 0.000000 1.000000
0.996981 0.049069 -0.060172 -0.000000 -0.045677 0.997357 0.056512 10.997300 0.062786 -0.053593 0.996587 -0.803100 0.000000 0.000000 0.000000 1.000000
0.998492 0.027911 -0.047275 -0.000000 -0.025317 0.998187 0.054611 10.997300 0.048714 -0.053332 0.997388 -0.803100 0.000000 0.000000 0.000000 1.000000
0.999287 0.003787 -0.037570 0.000000 -0.001786 0.998586 0.053138 10.997300 0.037718 -0.053033 0.997880 -0.803100 0.000000 0.000000 0.000000 1.000000
0.999308 -0.020943 -0.030752 0.000000 0.022565 0.998319 0.053394 10.997300 0.029582 -0.054050 0.998100 -0.803100 0.000000 0.000000 0.000000 1.000000
0.998714 -0.043714 -0.025679 -0.000000 0.045103 0.997396 0.056284 10.997300 0.023151 -0.057370 0.998085 -0.803100 0.000000 0.000000 0.000000 1.000000
0.997803 -0.062694 -0.021416 0.000000 0.063910 0.996038 0.061840 10.997300 0.017455 -0.063073 0.997856 -0.803100 0.000000 0.000000 0.000000 1.000000
0.996887 -0.076818 -0.017752 -0.000000 0.077870 0.994562 0.069160 10.997300 0.012342 -0.070327 0.997448 -0.803100 0.000000 0.000000 0.000000 1.000000
0.996184 -0.085968 -0.015050 0.000000 0.086876 0.993257 0.076767 10.997300 0.008349 -0.077781 0.996935 -0.803100 0.000000 0.000000 0.000000 1.000000
0.995784 -0.090701 -0.013694 0.000000 0.091530 0.992321 0.083191 10.997300 0.006043 -0.084094 0.996439 -0.803100 0.000000 0.000000 0.000000 1.000000
0.995678 -0.091878 -0.013566 0.000000 0.092716 0.991838 0.087522 10.997300 0.005413 -0.088402 0.996070 -0.803100 0.000000 0.000000 0.000000 1.000000
0.995805 -0.090432 -0.013926 0.000000 0.091320 0.991778 0.089649 10.997300 0.005704 -0.090545 0.995876 -0.803100 0.000000 0.000000 0.000000 1.000000
0.996085 -0.087328 -0.013754 0.000000 0.088216 0.992014 0.090149 10.997300 0.005772 -0.091009 0.995833 -0.803100 0.000000 0.000000 0.000000 1.000000
0.996441 -0.083393 -0.012252 0.000000 0.084159 0.992385 0.089942 10.997300 0.004658 -0.090653 0.995872 -0.803100 0.000000 0.000000 0.000000 1.000000
0.996804 -0.079350 -0.009193 0.000000 0.079855 0.992741 0.089934 10.997300 0.001990 -0.090381 0.995905 -0.803100 0.000000 0.000000 0.000000 1.000000
0.997121 -0.075663 -0.004936 0.000000 0.075798 0.992981 0.090795 10.997300 -0.001968 -0.090908 0.995857 -0.803100 0.000000 0.000000 0.000000 1.000000
0.997367 -0.072516 -0.000181 0.000000 0.072219 0.993053 0.092897 10.997300 -0.006557 -0.092665 0.995676 -0.803100 0.000000 0.000000 0.000000 1.000000
0.997542 -0.069935 0.004358 0.000000 0.069192 0.992939 0.096359 10.997300 -0.011066 -0.095820 0.995337 -0.803100 0.000000 0.000000 0.000000 1.000000
0.997657 -0.067926 0.008139 0.000000 0.066759 0.992631 0.101126 10.997300 -0.014948 -0.100345 0.994840 -0.803100 0.000000 0.000000 0.000000 1.000000
0.997728 -0.066500 0.010839 0.000000 0.064965 0.992134 0.107002 10.997300 -0.017870 -0.106055 0.994200 -0.803100 0.000000 0.000000 0.000000 1.000000
0.997764 -0.065700 0.012304 0.000000 0.063884 0.991465 0.113647 10.997300 -0.019666 -0.112606 0.993445 -0.803100 0.000000 0.000000 0.000000 1.000000
0.997771 -0.065551 0.012523 0.000000 0.063571 0.990667 0.120576 10.997300 -0.020310 -0.119511 0.992625 -0.803100 0.000000 0.000000 0.000000 1.000000
0.997752 -0.065994 0.011663 0.000000 0.063981 0.989809 0.127217 10.997300 -0.019939 -0.126185 0.991806 -0.803100 0.000000 0.000000 0.000000 1.000000
0.997721 -0.066715 0.010106 0.000000 0.064785 0.989000 0.132977 10.997300 -0.018866 -0.132019 0.991068 -0.803100 0.000000 0.000000 0.000000 1.000000
0.997694 -0.067348 0.008410 0.000000 0.065560 0.988353 0.137336 10.997300 -0.017561 -0.136468 0.990489 -0.803100 0.000000 0.000000 0.000000 1.000000
0.997689 -0.067573 0.007177 -0.000000 0.065907 0.987960 0.139970 10.997300 -0.016549 -0.139173 0.990130 -0.803100 0.000000 0.000000 0.000000 1.000000
0.997717 -0.067184 0.006848 0.000000 0.065553 0.987857 0.140858 10.997300 -0.016228 -0.140088 0.990006 -0.803100 0.000000 0.000000 0.000000 1.000000
0.997775 -0.066239 0.007515 -0.000000 0.064533 0.988000 0.140324 10.997300 -0.016720 -0.139527 0.990077 -0.803100 0.000000 0.000000 0.000000 1.000000
0.997851 -0.064915 0.008935 0.000000 0.063049 0.988289 0.138957 10.997300 -0.017851 -0.138095 0.990258 -0.803100 0.000000 0.000000 0.000000 1.000000
0.997927 -0.063475 0.010647 -0.000000 0.061416 0.988602 0.137453 10.997300 -0.019251 -0.136514 0.990451 -0.803100 0.000000 0.000000 0.000000 1.000000
0.997990 -0.062189 0.012196 0.000000 0.059952 0.988838 0.136400 10.997300 -0.020543 -0.135395 0.990579 -0.803100 0.000000 0.000000 0.000000 1.000000
0.998034 -0.061237 0.013320 0.000000 0.058863 0.988944 0.136106 10.997300 -0.021507 -0.135054 0.990605 -0.803100 0.000000 0.000000 0.000000 1.000000
0.998058 -0.060690 0.014030 -0.000000 0.058215 0.988924 0.136527 10.997300 -0.022161 -0.135445 0.990537 -0.803100 0.000000 0.000000 0.000000 1.000000
0.998060 -0.060544 0.014533 0.000000 0.057984 0.988823 0.137355 10.997300 -0.022687 -0.136246 0.990415 -0.803100 0.000000 0.000000 0.000000 1.000000
0.998038 -0.060765 0.015081 0.000000 0.058108 0.988699 0.138195 10.997300 -0.023308 -0.137048 0.990290 -0.803100 0.000000 0.000000 0.000000 1.000000
0.997997 -0.061254 0.015837 0.000000 0.058475 0.988598 0.138758 10.997300 -0.024156 -0.137554 0.990200 -0.803100 0.000000 0.000000 0.000000 1.000000
0.997943 -0.061862 0.016805 0.000000 0.058939 0.988543 0.138958 10.997300 -0.025208 -0.137681 0.990156 -0.803100 0.000000 0.000000 0.000000 1.000000
0.997889 -0.062442 0.017839 0.000000 0.059373 0.988528 0.138880 10.997300 -0.026306 -0.137528 0.990148 -0.803100 0.000000 0.000000 0.000000 1.000000
0.997840 -0.062969 0.018703 0.000000 0.059782 0.988532 0.138677 10.997300 -0.027220 -0.137259 0.990161 -0.803100 0.000000 0.000000 0.000000 1.000000
0.997795 -0.063530 0.019198 0.000000 0.060276 0.988533 0.138454 10.997300 -0.027774 -0.136992 0.990183 -0.803100 0.000000 0.000000 0.000000 1.000000
0.997735 -0.064462 0.019203 0.000000 0.061204 0.988500 0.138279 10.997300 -0.027896 -0.136791 0.990207 -0.803100 0.000000 0.000000 0.000000 1.000000
0.997641 -0.066013 0.018807 0.000000 0.062798 0.988415 0.138175 10.997300 -0.027710 -0.136668 0.990229 -0.803100 0.000000 0.000000 0.000000 1.000000
0.997502 -0.068235 0.018285 0.000000 0.065070 0.988266 0.138190 10.997300 -0.027500 -0.136655 0.990237 -0.803100 0.000000 0.000000 0.000000 1.000000
0.997314 -0.071014 0.017957 0.000000 0.067861 0.988042 0.138449 10.997300 -0.027574 -0.136858 0.990207 -0.803100 0.000000 0.000000 0.000000 1.000000
0.997091 -0.074039 0.018095 0.000000 0.070821 0.987743 0.139100 10.997300 -0.028172 -0.137414 0.990113 -0.803100 0.000000 0.000000 0.000000 1.000000
0.996864 -0.076858 0.018829 -0.000000 0.073479 0.987392 0.140207 10.997300 -0.029368 -0.138384 0.989943 -0.803100 0.000000 0.000000 0.000000 1.000000
0.996673 -0.078989 0.020100 0.000000 0.075369 0.987043 0.141655 10.997300 -0.031029 -0.139669 0.989712 -0.803100 0.000000 0.000000 0.000000 1.000000
0.996557 -0.080020 0.021690 0.000000 0.076119 0.986770 0.143144 10.997300 -0.032858 -0.141000 0.989464 -0.803100 0.000000 0.000000 0.000000 1.000000
0.996539 -0.079807 0.023241 0.000000 0.075649 0.986641 0.144281 10.997300 -0.034446 -0.142023 0.989264 -0.803100 0.000000 0.000000 0.000000 1.000000
0.996617 -0.078485 0.024394 0.000000 0.074161 0.986687 0.144735 10.997300 -0.035429 -0.142436 0.989170 -0.803100 0.000000 0.000000 0.000000 1.000000
0.996763 -0.076440 0.024898 0.000000 0.072077 0.986894 0.144377 10.997300 -0.035608 -0.142115 0.989209 -0.803100 0.000000 0.000000 0.000000 1.000000
0.996937 -0.074205 0.024711 0.000000 0.069927 0.987201 0.143331 10.997300 -0.035030 -0.141164 0.989366 -0.803100 0.000000 0.000000 0.000000 1.000000
0.997098 -0.072242 0.024010 0.000000 0.068132 0.987531 0.141916 10.997300 -0.033963 -0.139868 0.989588 -0.803100 0.000000 0.000000 0.000000 1.000000
0.997227 -0.070735 0.023146 0.000000 0.066807 0.987826 0.140489 10.997300 -0.032802 -0.138553 0.989812 -0.803100 0.000000 0.000000 0.000000 1.000000
0.997317 -0.069668 0.022456 0.000000 0.065884 0.988055 0.139307 10.997300 -0.031893 -0.137453 0.989995 -0.803100 0.000000 0.000000 0.000000 1.000000
0.997378 -0.068895 0.022148 0.000000 0.065189 0.988225 0.138424 10.997300 -0.031424 -0.136617 0.990125 -0.803100 0.000000 0.000000 0.000000 1.000000
0.997416 -0.068320 0.022212 0.000000 0.064633 0.988361 0.137712 10.997300 -0.031362 -0.135920 0.990223 -0.803100 0.000000 0.000000 0.000000 1.000000
0.997433 -0.068001 0.022444 0.000000 0.064310 0.988488 0.136952 10.997300 -0.031499 -0.135157 0.990323 -0.803100 0.000000 0.000000 0.000000 1.000000
0.997423 -0.068106 0.022566 -0.000000 0.064428 0.988615 0.135975 10.997300 -0.031570 -0.134171 0.990455 -0.803100 0.000000 0.000000 0.000000 1.000000
0.997380 -0.068795 0.022357 0.000000 0.065178 0.988732 0.134761 10.997300 -0.031376 -0.132950 0.990626 -0.803100 0.000000 0.000000 0.000000 1.000000
0.997303 -0.070092 0.021765 0.000000 0.066583 0.988814 0.133467 10.997300 -0.030876 -0.131658 0.990814 -0.803100 0.000000 0.000000 0.000000 1.000000
0.997196 -0.071846 0.020936 0.000000 0.068464 0.988833 0.132373 10.997300 -0.030213 -0.130569 0.990979 -0.803100 0.000000 0.000000 0.000000 1.000000
0.997071 -0.073771 0.020161 0.000000 0.070493 0.988772 0.131760 10.997300 -0.029655 -0.129953 0.991077 -0.803100 0.000000 0.000000 0.000000 1.000000
0.996946 -0.075558 0.019746 0.000000 0.072318 0.988637 0.131787 10.997300 -0.029479 -0.129957 0.991081 -0.803100 0.000000 0.000000 0.000000 1.000000
0.996833 -0.076995 0.019876 0.000000 0.073707 0.988450 0.132415 10.997300 -0.029841 -0.130531 0.990995 -0.803100 0.000000 0.000000 0.000000 1.000000
0.996741 -0.078017 0.020523 0.000000 0.074606 0.988251 0.133394 10.997300 -0.030689 -0.131428 0.990851 -0.803100 0.000000 0.000000 0.000000 1.000000
0.996666 -0.078732 0.021422 0.000000 0.075166 0.988081 0.134334 10.997300 -0.031743 -0.132275 0.990705 -0.803100 0.000000 0.000000 0.000000 1.000000
0.996599 -0.079380 0.022112 0.000000 0.075702 0.987973 0.134825 10.997300 -0.032549 -0.132692 0.990623 -0.803100 0.000000 0.000000 0.000000 1.000000
0.996527 -0.080288 0.022096 0.000000 0.076612 0.987936 0.134585 10.997300 -0.032635 -0.132424 0.990656 -0.803100 0.000000 0.000000 0.000000 1.000000
0.996424 -0.081825 0.021059 0.000000 0.078305 0.987942 0.133565 10.997300 -0.031734 -0.131438 0.990816 -0.803100 0.000000 0.000000 0.000000 1.000000
0.996251 -0.084374 0.019126 0.000000 0.081136 0.987928 0.131969 10.997300 -0.030029 -0.129922 0.991069 -0.803100 0.000000 0.000000 0.000000 1.000000
0.995951 -0.088267 0.017033 0.000000 0.085320 0.987819 0.130127 10.997300 -0.028311 -0.128147 0.991351 -0.803100 0.000000 0.000000 0.000000 1.000000
0.995475 -0.093657 0.016057 0.000000 0.090846 0.987575 0.128231 10.997300 -0.027867 -0.126192 0.991614 -0.803100 0.000000 0.000000 0.000000 1.000000</float_array><technique_common><accessor source="#mixamorig_Spine-Matrix-animation-output-transform-array" count="110" stride="16"><param type="float4x4"/></accessor></technique_common></source><source id="mixamorig_Spine-Interpolations"><Name_array id="mixamorig_Spine-Interpolations-array" count="110">
 LINEAR LINEAR LINEAR LINEAR LINEAR LINEAR LINEAR LINEAR LINEAR LINEAR LINEAR
LINEAR LINEAR LINEAR LINEAR LINEAR LINEAR LINEAR LINEAR LINEAR LINEAR LINEAR LINEAR
LINEAR LINEAR LINEAR LINEAR LINEAR LINEAR LINEAR LINEAR LINEAR LINEAR LINEAR LINEAR
LINEAR LINEAR LINEAR LINEAR LINEAR LINEAR LINEAR LINEAR LINEAR LINEAR LINEAR LINEAR
LINEAR LINEAR LINEAR LINEAR LINEAR LINEAR LINEAR LINEAR LINEAR LINEAR LINEAR LINEAR
LINEAR LINEAR LINEAR LINEAR LINEAR LINEAR LINEAR LINEAR LINEAR LINEAR LINEAR LINEAR
LINEAR LINEAR LINEAR LINEAR LINEAR LINEAR LINEAR LINEAR LINEAR LINEAR LINEAR LINEAR
LINEAR LINEAR LINEAR LINEAR LINEAR LINEAR LINEAR LINEAR LINEAR LINEAR LINEAR LINEAR
LINEAR LINEAR LINEAR LINEAR LINEAR LINEAR LINEAR LINEAR LINEAR LINEAR LINEAR LINEAR
LINEAR LINEAR LINEAR</Name_array><technique_common><accessor source="#mixamorig_Spine-Interpolations-array" count="110"><param type="name"/></accessor></technique_common></source><sampler id="mixamorig_Spine-Matrix-animation-transform"><input semantic="INPUT" source="#mixamorig_Spine-Matrix-animation-input"/><input semantic="OUTPUT" source="#mixamorig_Spine-Matrix-animation-output-transform"/><input semantic="INTERPOLATION" source="#mixamorig_Spine-Interpolations"/></sampler><channel source="#mixamorig_Spine-Matrix-animation-transform" target="mixamorig_Spine/matrix"/></animation>
    <animation id="mixamorig_Spine1-anim" name="mixamorig_Spine1"><source id="mixamorig_Spine1-Matrix-animation-input"><float_array id="mixamorig_Spine1-Matrix-animation-input-array" count="110">

