<?xml version="1.0" encoding="utf-8"?>
<COLLADA xmlns="http://www.collada.org/2005/11/COLLADASchema" version="1.4.1">
  <asset><contributor><author>Mixamo</author><authoring_tool>COLLADA Mixamo exporter</authoring_tool><comments></comments></contributor><created>2020-02-25T10:22:14Z</created><modified>2020-02-25T10:22:14Z</modified><revision></revision><title></title><unit meter="0.010000"/><up_axis>Y_UP</up_axis></asset>
  <library_animations>
    <animation id="mixamorig7_Hips-anim" name="mixamorig7_Hips"><source id="mixamorig7_Hips-Matrix-animation-input"><float_array id="mixamorig7_Hips-Matrix-animation-input-array" count="27">

0.000000 0.033333 0.066667 0.100000 0.133333 0.166667 0.200000 0.233333 0.266667 0.300000 0.333333 0.366667 0.400000 0.433333 0.466667 0.500000
0.533333 0.566667 0.600000 0.633333 0.666667 0.700000 0.733333 0.766667 0.800000 0.833333 0.866667</float_array><technique_common><accessor source="#mixamorig7_Hips-Matrix-animation-input-array" count="27"><param name="TIME" type="float"/></accessor></technique_common></source><source id="mixamorig7_Hips-Matrix-animation-output-transform"><float_array id="mixamorig7_Hips-Matrix-animation-output-transform-array" count="432">

0.995070 -0.061486 0.077817 0.412002 0.062868 0.997903 -0.015431 92.178246 -0.076705 0.020248 0.996848 -0.583085 0.000000 0.000000 0.000000 1.000000
0.995546 -0.045537 0.082550 -0.120820 0.046833 0.998807 -0.013823 91.675728 -0.081822 0.017628 0.996491 5.034777 0.000000 0.000000 0.000000 1.000000
0.997014 -0.025122 0.073016 -0.708071 0.025937 0.999611 -0.010237 91.409935 -0.072731 0.012100 0.997278 10.513494 0.000000 0.000000 0.000000 1.000000
0.998558 0.000201 0.053691 -1.266712 0.000075 0.999987 -0.005141 91.435295 -0.053691 0.005138 0.998544 15.634610 0.000000 0.000000 0.000000 1.000000
0.999129 0.019726 0.036775 -1.782125 -0.019665 0.999805 -0.002016 91.856934 -0.036807 0.001291 0.999322 20.652864 0.000000 0.000000 0.000000 1.000000
0.999106 0.027013 0.032528 -2.214402 -0.026879 0.999628 -0.004559 92.736244 -0.032639 0.003681 0.999460 25.764650 0.000000 0.000000 0.000000 1.000000
0.999013 0.023917 0.037421 -2.488676 -0.023475 0.999650 -0.012212 93.810455 -0.037700 0.011321 0.999225 30.981422 0.000000 0.000000 0.000000 1.000000
0.999280 0.016996 0.033912 -2.543933 -0.016236 0.999614 -0.022562 94.721703 -0.034282 0.021996 0.999170 36.209209 0.000000 0.000000 0.000000 1.000000
0.999932 0.009463 0.006788 -2.400735 -0.009213 0.999312 -0.035924 95.302376 -0.007124 0.035859 0.999331 41.376717 0.000000 0.000000 0.000000 1.000000
0.999203 0.001397 -0.039889 -2.134984 -0.003494 0.998612 -0.052552 95.577293 0.039760 0.052649 0.997821 46.449261 0.000000 0.000000 0.000000 1.000000
0.996257 -0.002796 -0.086399 -1.801092 -0.003035 0.997729 -0.067292 95.440361 0.086391 0.067302 0.993985 51.452374 0.000000 0.000000 0.000000 1.000000
0.992961 0.001496 -0.118433 -1.429622 -0.010222 0.997272 -0.073105 94.766762 0.118000 0.073801 0.990267 56.477753 0.000000 0.000000 0.000000 1.000000
0.990319 0.008478 -0.138548 -1.079476 -0.018390 0.997348 -0.070419 93.730171 0.137584 0.072286 0.987849 61.645760 0.000000 0.000000 0.000000 1.000000
0.987710 0.006157 -0.156179 -0.803281 -0.016626 0.997693 -0.065813 92.843742 0.155414 0.067601 0.985534 66.906876 0.000000 0.000000 0.000000 1.000000
0.985040 -0.012330 -0.171886 -0.570493 0.001697 0.998083 -0.061869 92.381737 0.172320 0.060652 0.983172 72.277351 0.000000 0.000000 0.000000 1.000000
0.983176 -0.043245 -0.177465 -0.304789 0.034004 0.997919 -0.054792 92.174217 0.179465 0.047835 0.982601 77.687561 0.000000 0.000000 0.000000 1.000000
0.980974 -0.086754 -0.173677 -0.026310 0.080445 0.995829 -0.043053 91.837952 0.176687 0.028263 0.983861 82.976509 0.000000 0.000000 0.000000 1.000000
0.977832 -0.121617 -0.170451 0.296387 0.117642 0.992499 -0.033267 91.633736 0.173218 0.012477 0.984804 87.947945 0.000000 0.000000 0.000000 1.000000
0.974946 -0.137349 -0.174973 0.551835 0.133644 0.990485 -0.032841 91.957001 0.177819 0.008634 0.984025 92.995399 0.000000 0.000000 0.000000 1.000000
0.974387 -0.134443 -0.180265 0.662533 0.129436 0.990808 -0.039312 92.758270 0.183893 0.014972 0.982832 98.133316 0.000000 0.000000 0.000000 1.000000
0.977788 -0.120841 -0.171255 0.623311 0.114980 0.992403 -0.043772 93.730057 0.175244 0.023109 0.984254 103.316589 0.000000 0.000000 0.000000 1.000000
0.984631 -0.103876 -0.140399 0.507102 0.098895 0.994210 -0.042018 94.497704 0.143951 0.027488 0.989203 108.438217 0.000000 0.000000 0.000000 1.000000
0.991716 -0.087041 -0.094461 0.415328 0.083883 0.995792 -0.036913 94.823486 0.097277 0.028683 0.994844 113.470154 0.000000 0.000000 0.000000 1.000000
0.996234 -0.073307 -0.046299 0.398079 0.071860 0.996896 -0.032178 94.602783 0.048514 0.028730 0.998409 118.433975 0.000000 0.000000 0.000000 1.000000
0.997878 -0.065057 -0.002711 0.430096 0.064957 0.997498 -0.027892 93.911034 0.004518 0.027657 0.999607 123.360611 0.000000 0.000000 0.000000 1.000000
0.997365 -0.062072 0.037562 0.444649 0.062942 0.997765 -0.022430 92.998947 -0.036086 0.024735 0.999043 128.293121 0.000000 0.000000 0.000000 1.000000
0.995079 -0.061159 0.077960 0.414658 0.062542 0.997923 -0.015423 92.155212 -0.076854 0.020223 0.996837 133.263977 0.000000 0.000000 0.000000 1.000000</float_array><technique_common><accessor source="#mixamorig7_Hips-Matrix-animation-output-transform-array" count="27" stride="16"><param type="float4x4"/></accessor></technique_common></source><source id="mixamorig7_Hips-Interpolations"><Name_array id="mixamorig7_Hips-Interpolations-array" count="27">
 LINEAR LINEAR LINEAR LINEAR LINEAR LINEAR LINEAR LINEAR LINEAR LINEAR LINEAR
LINEAR LINEAR LINEAR LINEAR LINEAR LINEAR LINEAR LINEAR LINEAR LINEAR LINEAR LINEAR
LINEAR LINEAR LINEAR LINEAR</Name_array><technique_common><accessor source="#mixamorig7_Hips-Interpolations-array" count="27"><param type="name"/></accessor></technique_common></source><sampler id="mixamorig7_Hips-Matrix-animation-transform"><input semantic="INPUT" source="#mixamorig7_Hips-Matrix-animation-input"/><input semantic="OUTPUT" source="#mixamorig7_Hips-Matrix-animation-output-transform"/><input semantic="INTERPOLATION" source="#mixamorig7_Hips-Interpolations"/></sampler><channel source="#mixamorig7_Hips-Matrix-animation-transform" target="mixamorig7_Hips/matrix"/></animation>
    <animation id="mixamorig7_Spine-anim" name="mixamorig7_Spine"><source id="mixamorig7_Spine-Matrix-animation-input"><float_array id="mixamorig7_Spine-Matrix-animation-input-array" count="27">

0.000000 0.033333 0.066667 0.100000 0.133333 0.166667 0.200000 0.233333 0.266667 0.300000 0.333333 0.366667 0.400000 0.433333 0.466667 0.500000
0.533333 0.566667 0.600000 0.633333 0.666667 0.700000 0.733333 0.766667 0.800000 0.833333 0.866667</float_array><technique_common><accessor source="#mixamorig7_Spine-Matrix-animation-input-array" count="27"><param name="TIME" type="float"/></accessor></technique_common></source><source id="mixamorig7_Spine-Matrix-animation-output-transform"><float_array id="mixamorig7_Spine-Matrix-animation-output-transform-array" count="432">

0.999563 0.015718 -0.025019 0.000000 -0.013539 0.996287 0.085017 9.694400 0.026263 -0.084642 0.996065 -1.109700 0.000000 0.000000 0.000000 1.000000
0.999573 0.008540 -0.027956 0.000000 -0.006176 0.996482 0.083574 9.694400 0.028571 -0.083365 0.996109 -1.109700 0.000000 0.000000 0.000000 1.000000
0.999546 0.001396 -0.030104 -0.000000 0.001106 0.996555 0.082929 9.694400 0.030116 -0.082924 0.996101 -1.109700 0.000000 0.000000 0.000000 1.000000
0.999544 -0.004320 -0.029883 0.000000 0.006803 0.996485 0.083499 9.694400 0.029418 -0.083664 0.996060 -1.109700 0.000000 0.000000 0.000000 1.000000
0.999532 -0.008882 -0.029273 0.000000 0.011288 0.996479 0.083085 9.694400 0.028432 -0.083376 0.996112 -1.109700 0.000000 0.000000 0.000000 1.000000
0.999524 -0.012103 -0.028392 -0.000000 0.014404 0.996503 0.082305 9.694400 0.027297 -0.082675 0.996203 -1.109700 0.000000 0.000000 0.000000 1.000000
0.999538 -0.013271 -0.027353 0.000000 0.015481 0.996493 0.082230 9.694400 0.026166 -0.082616 0.996238 -1.109700 0.000000 0.000000 0.000000 1.000000
0.999599 -0.014227 -0.024486 0.000000 0.016223 0.996387 0.083360 9.694400 0.023212 -0.083724 0.996219 -1.109700 0.000000 0.000000 0.000000 1.000000
0.999719 -0.016111 -0.017387 0.000000 0.017551 0.996134 0.086075 9.694400 0.015933 -0.086356 0.996137 -1.109700 0.000000 0.000000 0.000000 1.000000
0.999809 -0.018330 -0.006709 0.000000 0.018861 0.995732 0.090346 9.694400 0.005024 -0.090455 0.995888 -1.109700 0.000000 0.000000 0.000000 1.000000
0.999723 -0.023244 0.003676 -0.000000 0.022788 0.995188 0.095296 9.694400 -0.005874 -0.095185 0.995442 -1.109700 0.000000 0.000000 0.000000 1.000000
0.999435 -0.031821 0.010842 0.000000 0.030583 0.994545 0.099726 9.694400 -0.013956 -0.099338 0.994956 -1.109700 0.000000 0.000000 0.000000 1.000000
0.999270 -0.035338 0.014511 -0.000000 0.033674 0.994188 0.102258 9.694400 -0.018041 -0.101695 0.994652 -1.109700 0.000000 0.000000 0.000000 1.000000
0.999560 -0.025425 0.015305 -0.000000 0.023732 0.994486 0.102146 9.694400 -0.017818 -0.101738 0.994652 -1.109700 0.000000 0.000000 0.000000 1.000000
0.999888 -0.006240 0.013569 0.000000 0.004846 0.994932 0.100432 9.694400 -0.014127 -0.100355 0.994851 -1.109700 0.000000 0.000000 0.000000 1.000000
0.999895 0.010596 0.009910 0.000000 -0.011524 0.995046 0.098747 9.694400 -0.008815 -0.098851 0.995063 -1.109700 0.000000 0.000000 0.000000 1.000000
0.999429 0.032291 0.009935 -0.000000 -0.033102 0.994755 0.096786 9.694400 -0.006757 -0.097060 0.995256 -1.109700 0.000000 0.000000 0.000000 1.000000
0.998525 0.052494 0.013854 0.000000 -0.053570 0.994097 0.094342 9.694400 -0.008820 -0.094945 0.995443 -1.109700 0.000000 0.000000 0.000000 1.000000
0.997537 0.067544 0.018911 -0.000000 -0.069010 0.993330 0.092371 9.694400 -0.012545 -0.093449 0.995545 -1.109700 0.000000 0.000000 0.000000 1.000000
0.997098 0.073029 0.021519 0.000000 -0.074706 0.992980 0.091707 9.694400 -0.014671 -0.093049 0.995553 -1.109700 0.000000 0.000000 0.000000 1.000000
0.997321 0.070453 0.019698 -0.000000 -0.071974 0.993167 0.091862 9.694400 -0.013091 -0.093033 0.995577 -1.109700 0.000000 0.000000 0.000000 1.000000
0.997815 0.064695 0.013401 0.000000 -0.065658 0.993575 0.092184 9.694400 -0.007351 -0.092863 0.995652 -1.109700 0.000000 0.000000 0.000000 1.000000
0.998335 0.057532 0.004187 0.000000 -0.057673 0.994052 0.092386 9.694400 0.001153 -0.092473 0.995714 -1.109700 0.000000 0.000000 0.000000 1.000000
0.998813 0.048375 -0.005725 -0.000000 -0.047648 0.994649 0.091666 9.694400 0.010129 -0.091284 0.995773 -1.109700 0.000000 0.000000 0.000000 1.000000
0.999174 0.037742 -0.015046 0.000000 -0.036252 0.995344 0.089314 9.694400 0.018347 -0.088695 0.995890 -1.109700 0.000000 0.000000 0.000000 1.000000
0.999429 0.026519 -0.020956 0.000000 -0.024599 0.995898 0.087078 9.694400 0.023179 -0.086513 0.995981 -1.109700 0.000000 0.000000 0.000000 1.000000
0.999564 0.015403 -0.025190 -0.000000 -0.013210 0.996293 0.085009 9.694400 0.026406 -0.084639 0.996062 -1.109700 0.000000 0.000000 0.000000 1.000000</float_array><technique_common><accessor source="#mixamorig7_Spine-Matrix-animation-output-transform-array" count="27" stride="16"><param type="float4x4"/></accessor></technique_common></source><source id="mixamorig7_Spine-Interpolations"><Name_array id="mixamorig7_Spine-Interpolations-array" count="27">
 LINEAR LINEAR LINEAR LINEAR LINEAR LINEAR LINEAR LINEAR LINEAR LINEAR LINEAR
LINEAR LINEAR LINEAR LINEAR LINEAR LINEAR LINEAR LINEAR LINEAR LINEAR LINEAR LINEAR
LINEAR LINEAR LINEAR LINEAR</Name_array><technique_common><accessor source="#mixamorig7_Spine-Interpolations-array" count="27"><param type="name"/></accessor></technique_common></source><sampler id="mixamorig7_Spine-Matrix-animation-transform"><input semantic="INPUT" source="#mixamorig7_Spine-Matrix-animation-input"/><input semantic="OUTPUT" source="#mixamorig7_Spine-Matrix-animation-output-transform"/><input semantic="INTERPOLATION" source="#mixamorig7_Spine-Interpolations"/></sampler><channel source="#mixamorig7_Spine-Matrix-animation-transform" target="mixamorig7_Spine/matrix"/></animation>
    <animation id="mixamorig7_Spine1-anim" name="mixamorig7_Spine1"><source id="mixamorig7_Spine1-Matrix-animation-input"><float_array id="mixamorig7_Spine1-Matrix-animation-input-array" count="27">

0.000000 0.033333 0.066667 0.100000 0.133333 0.166667 0.200000 0.233333 0.266667 0.300000 0.333333 0.366667 0.400000 0.433333 0.466667 0.500000
0.533333 0.566667 0.600000 0.633333 0.666667 0.700000 0.733333 0.766667 0.800000 0.833333 0.866667</float_array><technique_common><accessor source="#mixamorig7_Spine1-Matrix-animation-input-array" count="27"><param name="TIME" type="float"/></accessor></technique_common></source><source id="mixamorig7_Spine1-Matrix-animation-output-transform"><float_array id="mixamorig7_Spine1-Matrix-animation-output-transform-array" count="432">

0.996790 0.029917 -0.074262 0.000000 -0.034116 0.997851 -0.055937 11.384000 0.072429 0.058291 0.995669 0.000000 0.000000 0.000000 0.000000 1.000000
0.996187 0.022541 -0.084278 0.000000 -0.027516 0.997918 -0.058335 11.384000 0.082787 0.060432 0.994733 0.000000 0.000000 0.000000 0.000000 1.000000
0.995895 0.015266 -0.089217 -0.000000 -0.020673 0.997984 -0.060005 11.384000 0.088121 0.061603 0.994203 0.000000 0.000000 0.000000 0.000000 1.000000
0.996472 0.008682 -0.083478 -0.000000 -0.013807 0.998041 -0.061023 11.384000 0.082785 0.061960 0.994639 0.000000 0.000000 0.000000 0.000000 1.000000
0.997196 0.005577 -0.074624 0.000000 -0.010303 0.997954 -0.063094 11.384000 0.074120 0.063686 0.995214 0.000000 0.000000 0.000000 0.000000 1.000000
0.997721 0.007389 -0.067062 0.000000 -0.011699 0.997875 -0.064100 11.384000 0.066446 0.064738 0.995688 0.000000 0.000000 0.000000 0.000000 1.000000
0.998106 0.012441 -0.060246 0.000000 -0.016232 0.997891 -0.062845 11.384000 0.059338 0.063704 0.996203 0.000000 0.000000 0.000000 0.000000 1.000000
0.998632 0.018242 -0.049013 0.000000 -0.021148 0.998009 -0.059427 11.384000 0.047831 0.060382 0.997029 0.000000 0.000000 0.000000 0.000000 1.000000
0.999286 0.023871 -0.029300 -0.000000 -0.025424 0.998226 -0.053841 11.384000 0.027963 0.054547 0.998120 0.000000 0.000000 0.000000 0.000000 1.000000
0.999564 0.029199 -0.004292 -0.000000 -0.029368 0.998479 -0.046657 11.384000 0.002923 0.046763 0.998902 0.000000 0.000000 0.000000 0.000000 1.000000
0.999292 0.033331 0.017428 -0.000000 -0.032613 0.998669 -0.039964 11.384000 -0.018737 0.039367 0.999049 -0.000000 0.000000 0.000000 0.000000 1.000000
0.998911 0.035105 0.030740 -0.000000 -0.034003 0.998785 -0.035662 11.384000 -0.031955 0.034578 0.998891 -0.000000 0.000000 0.000000 0.000000 1.000000
0.998630 0.035308 0.038623 0.000000 -0.034006 0.998848 -0.033847 11.384000 -0.039774 0.032488 0.998680 0.000000 0.000000 0.000000 0.000000 1.000000
0.998238 0.036952 0.046419 -0.000000 -0.035420 0.998814 -0.033392 11.384000 -0.047598 0.031689 0.998364 0.000000 0.000000 0.000000 0.000000 1.000000
0.997577 0.043658 0.054168 0.000000 -0.041872 0.998555 -0.033691 11.384000 -0.055561 0.031341 0.997963 -0.000000 0.000000 0.000000 0.000000 1.000000
0.996726 0.056801 0.057539 0.000000 -0.054826 0.997870 -0.035338 11.384000 -0.059423 0.032068 0.997718 0.000000 0.000000 0.000000 0.000000 1.000000
0.995769 0.073587 0.055036 -0.000000 -0.071500 0.996678 -0.038992 11.384000 -0.057723 0.034892 0.997723 0.000000 0.000000 0.000000 0.000000 1.000000
0.994933 0.087027 0.050351 -0.000000 -0.084899 0.995463 -0.042949 11.384000 -0.053861 0.038457 0.997808 -0.000000 0.000000 0.000000 0.000000 1.000000
0.994699 0.091461 0.046999 0.000000 -0.089377 0.994995 -0.044685 11.384000 -0.050850 0.040248 0.997895 0.000000 0.000000 0.000000 0.000000 1.000000
0.995225 0.087397 0.043463 0.000000 -0.085485 0.995365 -0.044062 11.384000 -0.047113 0.040136 0.998083 0.000000 0.000000 0.000000 0.000000 1.000000
0.996208 0.079591 0.035144 0.000000 -0.078055 0.996016 -0.043120 11.384000 -0.038436 0.040214 0.998452 0.000000 0.000000 0.000000 0.000000 1.000000
0.997260 0.071319 0.019646 -0.000000 -0.070427 0.996596 -0.042862 11.384000 -0.022636 0.041361 0.998888 0.000000 0.000000 0.000000 0.000000 1.000000
0.998016 0.062955 -0.001056 0.000000 -0.062942 0.997086 -0.043098 11.384000 -0.001660 0.043078 0.999070 -0.000000 0.000000 0.000000 0.000000 1.000000
0.998260 0.054206 -0.023219 0.000000 -0.055206 0.997469 -0.044815 11.384000 0.020731 0.046019 0.998725 0.000000 0.000000 0.000000 0.000000 1.000000
0.997966 0.045398 -0.044746 0.000000 -0.047593 0.997651 -0.049275 11.384000 0.042404 0.051305 0.997782 0.000000 0.000000 0.000000 0.000000 1.000000
0.997465 0.037510 -0.060463 0.000000 -0.040726 0.997771 -0.052871 11.384000 0.058345 0.055199 0.996769 0.000000 0.000000 0.000000 0.000000 1.000000
0.996790 0.029917 -0.074262 -0.000000 -0.034116 0.997851 -0.055937 11.384000 0.072429 0.058291 0.995669 0.000000 0.000000 0.000000 0.000000 1.000000</float_array><technique_common><accessor source="#mixamorig7_Spine1-Matrix-animation-output-transform-array" count="27" stride="16"><param type="float4x4"/></accessor></technique_common></source><source id="mixamorig7_Spine1-Interpolations"><Name_array id="mixamorig7_Spine1-Interpolations-array" count="27">
 LINEAR LINEAR LINEAR LINEAR LINEAR LINEAR LINEAR LINEAR LINEAR LINEAR LINEAR
LINEAR LINEAR LINEAR LINEAR LINEAR LINEAR LINEAR LINEAR LINEAR LINEAR LINEAR LINEAR
LINEAR LINEAR LINEAR LINEAR</Name_array><technique_common><accessor source="#mixamorig7_Spine1-Interpolations-array" count="27"><param type="name"/></accessor></technique_common></source><sampler id="mixamorig7_Spine1-Matrix-animation-transform"><input semantic="INPUT" source="#mixamorig7_Spine1-Matrix-animation-input"/><input semantic="OUTPUT" source="#mixamorig7_Spine1-Matrix-animation-output-transform"/><input semantic="INTERPOLATION" source="#mixamorig7_Spine1-Interpolations"/></sampler><channel source="#mixamorig7_Spine1-Matrix-animation-transform" target="mixamorig7_Spine1/matrix"/></animation>
    <animation id="mixamorig7_Spine2-anim" name="mixamorig7_Spine2"><source id="mixamorig7_Spine2-Matrix-animation-input"><float_array id="mixamorig7_Spine2-Matrix-animation-input-array" count="27">

0.000000 0.033333 0.066667 0.100000 0.133333 0.166667 0.200000 0.233333 0.266667 0.300000 0.333333 0.366667 0.400000 0.433333 0.466667 0.500000
0.533333 0.566667 0.600000 0.633333 0.666667 0.700000 0.733333 0.766667 0.800000 0.833333 0.866667</float_array><technique_common><accessor source="#mixamorig7_Spine2-Matrix-animation-input-array" count="27"><param name="TIME" type="float"/></accessor></technique_common></source><source id="mixamorig7_Spine2-Matrix-animation-output-transform"><float_array id="mixamorig7_Spine2-Matrix-animation-output-transform-array" count="432">

0.996790 0.030002 -0.074225 0.000000 -0.034204 0.997845 -0.055997 13.010300 0.072385 0.058356 0.995668 0.000000 0.000000 0.000000 0.000000 1.000000
0.996193 0.022643 -0.084186 0.000000 -0.027621 0.997908 -0.058448 13.010300 0.082687 0.060551 0.994734 0.000000 0.000000 0.000000 0.000000 1.000000
0.995903 0.015328 -0.089116 0.000000 -0.020740 0.997975 -0.060127 13.010300 0.088014 0.061729 0.994205 0.000000 0.000000 0.000000 0.000000 1.000000
0.996474 0.008599 -0.083463 -0.000000 -0.013726 0.998040 -0.061057 13.010300 0.082775 0.061987 0.994639 0.000000 0.000000 0.000000 0.000000 1.000000
0.997193 0.005418 -0.074680 0.000000 -0.010144 0.997959 -0.063049 13.010300 0.074186 0.063629 0.995212 0.000000 0.000000 0.000000 0.000000 1.000000
0.997717 0.007267 -0.067134 0.000000 -0.011577 0.997880 -0.064041 13.010300 0.066526 0.064672 0.995687 0.000000 0.000000 0.000000 0.000000 1.000000
0.998104 0.012398 -0.060285 -0.000000 -0.016190 0.997893 -0.062821 13.010300 0.059379 0.063678 0.996202 0.000000 0.000000 0.000000 0.000000 1.000000
0.998634 0.018249 -0.048970 0.000000 -0.021153 0.998006 -0.059461 13.010300 0.047787 0.060415 0.997029 0.000000 0.000000 0.000000 0.000000 1.000000
0.999290 0.023873 -0.029153 0.000000 -0.025420 0.998222 -0.053912 13.010300 0.027814 0.054615 0.998120 0.000000 0.000000 0.000000 0.000000 1.000000
0.999566 0.029176 -0.004079 0.000000 -0.029335 0.998478 -0.046693 13.010300 0.002710 0.046792 0.998901 0.000000 0.000000 0.000000 0.000000 1.000000
0.999289 0.033338 0.017629 -0.000000 -0.032614 0.998672 -0.039880 13.010300 -0.018935 0.039277 0.999049 0.000000 0.000000 0.000000 0.000000 1.000000
0.998902 0.035229 0.030873 0.000000 -0.034130 0.998789 -0.035431 13.010300 -0.032084 0.034339 0.998895 -0.000000 0.000000 0.000000 0.000000 1.000000
0.998619 0.035554 0.038681 0.000000 -0.034264 0.998850 -0.033528 13.010300 -0.039829 0.032156 0.998689 0.000000 0.000000 0.000000 0.000000 1.000000
0.998228 0.037222 0.046429 0.000000 -0.035705 0.998814 -0.033090 13.010300 -0.047606 0.031373 0.998373 -0.000000 0.000000 0.000000 0.000000 1.000000
0.997569 0.043867 0.054142 0.000000 -0.042094 0.998553 -0.033474 13.010300 -0.055532 0.031113 0.997972 0.000000 0.000000 0.000000 0.000000 1.000000
0.996721 0.056968 0.057458 0.000000 -0.055005 0.997866 -0.035186 13.010300 -0.059340 0.031911 0.997728 0.000000 0.000000 0.000000 0.000000 1.000000
0.995765 0.073746 0.054891 -0.000000 -0.071670 0.996670 -0.038878 13.010300 -0.057576 0.034779 0.997735 0.000000 0.000000 0.000000 0.000000 1.000000
0.994930 0.087154 0.050181 0.000000 -0.085037 0.995454 -0.042887 13.010300 -0.053691 0.038402 0.997819 0.000000 0.000000 0.000000 0.000000 1.000000
0.994699 0.091525 0.046866 -0.000000 -0.089446 0.994988 -0.044691 13.010300 -0.050721 0.040263 0.997901 0.000000 0.000000 0.000000 0.000000 1.000000
0.995227 0.087413 0.043387 -0.000000 -0.085501 0.995361 -0.044111 13.010300 -0.047042 0.040191 0.998084 0.000000 0.000000 0.000000 0.000000 1.000000
0.996210 0.079590 0.035081 0.000000 -0.078054 0.996014 -0.043173 13.010300 -0.038378 0.040271 0.998452 0.000000 0.000000 0.000000 0.000000 1.000000
0.997262 0.071322 0.019548 0.000000 -0.070434 0.996594 -0.042883 13.010300 -0.022540 0.041388 0.998889 0.000000 0.000000 0.000000 0.000000 1.000000
0.998015 0.062964 -0.001194 0.000000 -0.062957 0.997086 -0.043071 13.010300 -0.001522 0.043061 0.999071 0.000000 0.000000 0.000000 0.000000 1.000000
0.998256 0.054217 -0.023359 0.000000 -0.055222 0.997471 -0.044757 13.010300 0.020873 0.045968 0.998725 0.000000 0.000000 0.000000 0.000000 1.000000
0.997961 0.045411 -0.044850 -0.000000 -0.047609 0.997653 -0.049215 13.010300 0.042510 0.051250 0.997781 0.000000 0.000000 0.000000 0.000000 1.000000
0.997461 0.037554 -0.060500 -0.000000 -0.040772 0.997769 -0.052863 13.010300 0.058380 0.055195 0.996767 0.000000 0.000000 0.000000 0.000000 1.000000
0.996790 0.030002 -0.074225 0.000000 -0.034204 0.997845 -0.055997 13.010300 0.072385 0.058356 0.995668 0.000000 0.000000 0.000000 0.000000 1.000000</float_array><technique_common><accessor source="#mixamorig7_Spine2-Matrix-animation-output-transform-array" count="27" stride="16"><param type="float4x4"/></accessor></technique_common></source><source id="mixamorig7_Spine2-Interpolations"><Name_array id="mixamorig7_Spine2-Interpolations-array" count="27">
 LINEAR LINEAR LINEAR LINEAR LINEAR LINEAR LINEAR LINEAR LINEAR LINEAR LINEAR
LINEAR LINEAR LINEAR LINEAR LINEAR LINEAR LINEAR LINEAR LINEAR LINEAR LINEAR LINEAR
LINEAR LINEAR LINEAR LINEAR</Name_array><technique_common><accessor source="#mixamorig7_Spine2-Interpolations-array" count="27"><param type="name"/></accessor></technique_common></source><sampler id="mixamorig7_Spine2-Matrix-animation-transform"><input semantic="INPUT" source="#mixamorig7_Spine2-Matrix-animation-input"/><input semantic="OUTPUT" source="#mixamorig7_Spine2-Matrix-animation-output-transform"/><input semantic="INTERPOLATION" source="#mixamorig7_Spine2-Interpolations"/></sampler><channel source="#mixamorig7_Spine2-Matrix-animation-transform" target="mixamorig7_Spine2/matrix"/></animation>
    <animation id="mixamorig7_Neck-anim" name="mixamorig7_Neck"><source id="mixamorig7_Neck-Matrix-animation-input"><float_array id="mixamorig7_Neck-Matrix-animation-input-array" count="27">

0.000000 0.033333 0.066667 0.100000 0.133333 0.166667 0.200000 0.233333 0.266667 0.300000 0.333333 0.366667 0.400000 0.433333 0.466667 0.500000
0.533333 0.566667 0.600000 0.633333 0.666667 0.700000 0.733333 0.766667 0.800000 0.833333 0.866667</float_array><technique_common><accessor source="#mixamorig7_Neck-Matrix-animation-input-array" count="27"><param name="TIME" type="float"/></accessor></technique_common></source><source id="mixamorig7_Neck-Matrix-animation-output-transform"><float_array id="mixamorig7_Neck-Matrix-animation-output-transform-array" count="432">

0.999952 0.003254 0.009255 0.000000 -0.002045 0.991799 -0.127787 14.636600 -0.009594 0.127762 0.991758 0.000000 0.000000 0.000000 0.000000 1.000000
0.999918 0.006404 0.011112 -0.000000 -0.004967 0.992166 -0.124826 14.636600 -0.011824 0.124760 0.992116 0.000000 0.000000 0.000000 0.000000 1.000000
0.999884 0.008148 0.012851 -0.000000 -0.006521 0.992520 -0.121908 14.636600 -0.013749 0.121810 0.992458 0.000000 0.000000 0.000000 0.000000 1.000000
0.999885 0.006172 0.013853 0.000000 -0.004474 0.992838 -0.119383 14.636600 -0.014490 0.119307 0.992752 0.000000 0.000000 0.000000 0.000000 1.000000
0.999913 0.002317 0.012951 0.000000 -0.000769 0.992982 -0.118264 14.636600 -0.013134 0.118244 0.992898 0.000000 0.000000 0.000000 0.000000 1.000000
0.999945 0.000376 0.010493 0.000000 0.000871 0.992944 -0.118585 14.636600 -0.010463 0.118587 0.992889 0.000000 0.000000 0.000000 0.000000 1.000000
0.999969 0.001977 0.007681 0.000000 -0.001044 0.992815 -0.119659 14.636600 -0.007863 0.119647 0.992785 0.000000 0.000000 0.000000 0.000000 1.000000
0.999971 0.005327 0.005366 0.000000 -0.004640 0.992666 -0.120803 14.636600 -0.005970 0.120775 0.992662 0.000000 0.000000 0.000000 0.000000 1.000000
0.999964 0.007615 0.003631 -0.000000 -0.007118 0.992570 -0.121468 14.636600 -0.004529 0.121438 0.992589 0.000000 0.000000 0.000000 0.000000 1.000000
0.999967 0.007795 0.002344 0.000000 -0.007453 0.992578 -0.121382 14.636600 -0.003273 0.121360 0.992603 0.000000 0.000000 0.000000 0.000000 1.000000
0.999980 0.006238 0.001371 0.000000 -0.006026 0.992619 -0.121128 14.636600 -0.002117 0.121117 0.992636 -0.000000 0.000000 0.000000 0.000000 1.000000
0.999995 0.003035 0.000370 0.000000 -0.002967 0.992536 -0.121918 14.636600 -0.000737 0.121916 0.992540 -0.000000 0.000000 0.000000 0.000000 1.000000
0.999998 -0.001942 -0.000953 0.000000 0.001808 0.992268 -0.124098 14.636600 0.001187 0.124096 0.992269 0.000000 0.000000 0.000000 0.000000 1.000000
0.999966 -0.007920 -0.002356 0.000000 0.007558 0.991946 -0.126434 14.636600 0.003338 0.126412 0.991972 0.000000 0.000000 0.000000 0.000000 1.000000
0.999908 -0.013139 -0.003311 0.000000 0.012609 0.991744 -0.127610 14.636600 0.004960 0.127557 0.991819 0.000000 0.000000 0.000000 0.000000 1.000000
0.999868 -0.015870 -0.003611 0.000000 0.015277 0.991652 -0.128038 14.636600 0.005613 0.127966 0.991763 -0.000000 0.000000 0.000000 0.000000 1.000000
0.999876 -0.015415 -0.003296 0.000000 0.014860 0.991502 -0.129243 14.636600 0.005260 0.129178 0.991607 0.000000 0.000000 0.000000 0.000000 1.000000
0.999919 -0.012541 -0.002250 -0.000000 0.012136 0.991224 -0.131633 14.636600 0.003881 0.131595 0.991296 0.000000 0.000000 0.000000 0.000000 1.000000
0.999957 -0.009215 -0.000455 -0.000000 0.009071 0.990938 -0.134016 14.636600 0.001686 0.134006 0.990979 0.000000 0.000000 0.000000 0.000000 1.000000
0.999971 -0.007448 0.001544 -0.000000 0.007589 0.990747 -0.135508 14.636600 -0.000520 0.135516 0.990775 -0.000000 0.000000 0.000000 0.000000 1.000000
0.999965 -0.007764 0.002954 -0.000000 0.008095 0.990593 -0.136602 14.636600 -0.001865 0.136621 0.990622 -0.000000 0.000000 0.000000 0.000000 1.000000
0.999955 -0.008852 0.003513 -0.000000 0.009252 0.990424 -0.137747 14.636600 -0.002260 0.137773 0.990461 0.000000 0.000000 0.000000 0.000000 1.000000
0.999953 -0.008927 0.003713 0.000000 0.009354 0.990372 -0.138116 14.636600 -0.002444 0.138145 0.990409 -0.000000 0.000000 0.000000 0.000000 1.000000
0.999965 -0.007241 0.004303 0.000000 0.007762 0.990578 -0.136727 14.636600 -0.003272 0.136755 0.990599 0.000000 0.000000 0.000000 0.000000 1.000000
0.999975 -0.004283 0.005601 0.000000 0.004994 0.990991 -0.133839 14.636600 -0.004977 0.133863 0.990987 0.000000 0.000000 0.000000 0.000000 1.000000
0.999973 -0.000592 0.007378 0.000000 0.001552 0.991408 -0.130796 14.636600 -0.007237 0.130803 0.991382 -0.000000 0.000000 0.000000 0.000000 1.000000
0.999952 0.003254 0.009255 -0.000000 -0.002045 0.991799 -0.127787 14.636600 -0.009594 0.127762 0.991758 0.000000 0.000000 0.000000 0.000000 1.000000</float_array><technique_common><accessor source="#mixamorig7_Neck-Matrix-animation-output-transform-array" count="27" stride="16"><param type="float4x4"/></accessor></technique_common></source><source id="mixamorig7_Neck-Interpolations"><Name_array id="mixamorig7_Neck-Interpolations-array" count="27">
 LINEAR LINEAR LINEAR LINEAR LINEAR LINEAR LINEAR LINEAR LINEAR LINEAR LINEAR
LINEAR LINEAR LINEAR LINEAR LINEAR LINEAR LINEAR LINEAR LINEAR LINEAR LINEAR LINEAR
LINEAR LINEAR LINEAR LINEAR</Name_array><technique_common><accessor source="#mixamorig7_Neck-Interpolations-array" count="27"><param type="name"/></accessor></technique_common></source><sampler id="mixamorig7_Neck-Matrix-animation-transform"><input semantic="INPUT" source="#mixamorig7_Neck-Matrix-animation-input"/><input semantic="OUTPUT" source="#mixamorig7_Neck-Matrix-animation-output-transform"/><input semantic="INTERPOLATION" source="#mixamorig7_Neck-Interpolations"/></sampler><channel source="#mixamorig7_Neck-Matrix-animation-transform" target="mixamorig7_Neck/matrix"/></animation>
    <animation id="mixamorig7_Head-anim" name="mixamorig7_Head"><source id="mixamorig7_Head-Matrix-animation-input"><float_array id="mixamorig7_Head-Matrix-animation-input-array" count="27">

0.000000 0.033333 0.066667 0.100000 0.133333 0.166667 0.200000 0.233333 0.266667 0.300000 0.333333 0.366667 0.400000 0.433333 0.466667 0.500000
0.533333 0.566667 0.600000 0.633333 0.666667 0.700000 0.733333 0.766667 0.800000 0.833333 0.866667</float_array><technique_common><accessor source="#mixamorig7_Head-Matrix-animation-input-array" count="27"><param name="TIME" type="float"/></accessor></technique_common></source><source id="mixamorig7_Head-Matrix-animation-output-transform"><float_array id="mixamorig7_Head-Matrix-animation-output-transform-array" count="432">

0.999952 0.003254 0.009255 0.000000 -0.003123 0.999895 -0.014167 6.944300 -0.009300 0.014137 0.999857 1.982500 0.000000 0.000000 0.000000 1.000000
0.999918 0.006404 0.011112 -0.000000 -0.006280 0.999918 -0.011184 6.944300 -0.011183 0.011113 0.999876 1.982500 0.000000 0.000000 0.000000 1.000000
0.999884 0.008148 0.012852 -0.000000 -0.008042 0.999934 -0.008246 6.944300 -0.012918 0.008142 0.999883 1.982500 0.000000 0.000000 0.000000 1.000000
0.999885 0.006172 0.013853 -0.000000 -0.006093 0.999965 -0.005703 6.944300 -0.013888 0.005618 0.999888 1.982500 0.000000 0.000000 0.000000 1.000000
0.999913 0.002317 0.012951 -0.000000 -0.002258 0.999987 -0.004576 6.944300 -0.012961 0.004546 0.999906 1.982500 0.000000 0.000000 0.000000 1.000000
0.999945 0.000376 0.010493 -0.000000 -0.000325 0.999988 -0.004895 6.944300 -0.010494 0.004891 0.999933 1.982500 0.000000 0.000000 0.000000 1.000000
0.999969 0.001977 0.007681 0.000000 -0.001931 0.999980 -0.005975 6.944300 -0.007693 0.005959 0.999953 1.982500 0.000000 0.000000 0.000000 1.000000
0.999971 0.005327 0.005366 0.000000 -0.005289 0.999961 -0.007125 6.944300 -0.005404 0.007097 0.999960 1.982500 0.000000 0.000000 0.000000 1.000000
0.999964 0.007615 0.003631 0.000000 -0.007587 0.999941 -0.007795 6.944300 -0.003690 0.007767 0.999963 1.982500 0.000000 0.000000 0.000000 1.000000
0.999967 0.007795 0.002344 0.000000 -0.007777 0.999940 -0.007707 6.944300 -0.002404 0.007688 0.999968 1.982500 0.000000 0.000000 0.000000 1.000000
0.999980 0.006238 0.001371 0.000000 -0.006228 0.999953 -0.007450 6.944300 -0.001418 0.007442 0.999971 1.982500 0.000000 0.000000 0.000000 1.000000
0.999995 0.003035 0.000370 -0.000000 -0.003032 0.999961 -0.008246 6.944300 -0.000395 0.008245 0.999966 1.982500 0.000000 0.000000 0.000000 1.000000
0.999998 -0.001942 -0.000953 0.000000 0.001932 0.999944 -0.010443 6.944300 0.000973 0.010441 0.999945 1.982500 0.000000 0.000000 0.000000 1.000000
0.999966 -0.007920 -0.002356 -0.000000 0.007889 0.999887 -0.012799 6.944300 0.002457 0.012780 0.999915 1.982500 0.000000 0.000000 0.000000 1.000000
0.999908 -0.013139 -0.003311 -0.000000 0.013091 0.999817 -0.013984 6.944300 0.003494 0.013940 0.999897 1.982500 0.000000 0.000000 0.000000 1.000000
0.999868 -0.015870 -0.003611 0.000000 0.015816 0.999771 -0.014416 6.944300 0.003839 0.014357 0.999890 1.982500 0.000000 0.000000 0.000000 1.000000
0.999876 -0.015415 -0.003296 -0.000000 0.015361 0.999760 -0.015631 6.944300 0.003536 0.015578 0.999872 1.982500 0.000000 0.000000 0.000000 1.000000
0.999919 -0.012541 -0.002250 0.000000 0.012498 0.999759 -0.018040 6.944300 0.002476 0.018010 0.999835 1.982500 0.000000 0.000000 0.000000 1.000000
0.999957 -0.009215 -0.000455 0.000000 0.009204 0.999749 -0.020444 6.944300 0.000643 0.020439 0.999791 1.982500 0.000000 0.000000 0.000000 1.000000
0.999971 -0.007448 0.001544 0.000000 0.007480 0.999731 -0.021949 6.944300 -0.001380 0.021960 0.999758 1.982500 0.000000 0.000000 0.000000 1.000000
0.999965 -0.007764 0.002954 -0.000000 0.007830 0.999704 -0.023054 6.944300 -0.002774 0.023076 0.999730 1.982500 0.000000 0.000000 0.000000 1.000000
0.999955 -0.008852 0.003513 0.000000 0.008935 0.999667 -0.024209 6.944300 -0.003297 0.024240 0.999701 1.982500 0.000000 0.000000 0.000000 1.000000
0.999953 -0.008927 0.003713 0.000000 0.009015 0.999657 -0.024582 6.944300 -0.003492 0.024615 0.999691 1.982500 0.000000 0.000000 0.000000 1.000000
0.999965 -0.007241 0.004303 0.000000 0.007339 0.999704 -0.023180 6.944300 -0.004134 0.023211 0.999722 1.982500 0.000000 0.000000 0.000000 1.000000
0.999975 -0.004283 0.005601 0.000000 0.004395 0.999785 -0.020267 6.944300 -0.005513 0.020291 0.999779 1.982500 0.000000 0.000000 0.000000 1.000000
0.999973 -0.000592 0.007378 0.000000 0.000719 0.999852 -0.017199 6.944300 -0.007367 0.017203 0.999825 1.982500 0.000000 0.000000 0.000000 1.000000
0.999952 0.003254 0.009255 0.000000 -0.003123 0.999895 -0.014168 6.944300 -0.009300 0.014138 0.999857 1.982500 0.000000 0.000000 0.000000 1.000000</float_array><technique_common><accessor source="#mixamorig7_Head-Matrix-animation-output-transform-array" count="27" stride="16"><param type="float4x4"/></accessor></technique_common></source><source id="mixamorig7_Head-Interpolations"><Name_array id="mixamorig7_Head-Interpolations-array" count="27">
 LINEAR LINEAR LINEAR LINEAR LINEAR LINEAR LINEAR LINEAR LINEAR LINEAR LINEAR
LINEAR LINEAR LINEAR LINEAR LINEAR LINEAR LINEAR LINEAR LINEAR LINEAR LINEAR LINEAR
LINEAR LINEAR LINEAR LINEAR</Name_array><technique_common><accessor source="#mixamorig7_Head-Interpolations-array" count="27"><param type="name"/></accessor></technique_common></source><sampler id="mixamorig7_Head-Matrix-animation-transform"><input semantic="INPUT" source="#mixamorig7_Head-Matrix-animation-input"/><input semantic="OUTPUT" source="#mixamorig7_Head-Matrix-animation-output-transform"/><input semantic="INTERPOLATION" source="#mixamorig7_Head-Interpolations"/></sampler><channel source="#mixamorig7_Head-Matrix-animation-transform" target="mixamorig7_Head/matrix"/></animation>
    <animation id="mixamorig7_LeftShoulder-anim" name="mixamorig7_LeftShoulder"><source id="mixamorig7_LeftShoulder-Matrix-animation-input"><float_array id="mixamorig7_LeftShoulder-Matrix-animation-input-array" count="27">

0.000000 0.033333 0.066667 0.100000 0.133333 0.166667 0.200000 0.233333 0.266667 0.300000 0.333333 0.366667 0.400000 0.433333 0.466667 0.500000
0.533333 0.566667 0.600000 0.633333 0.666667 0.700000 0.733333 0.766667 0.800000 0.833333 0.866667</float_array><technique_common><accessor source="#mixamorig7_LeftShoulder-Matrix-animation-input-array" count="27"><param name="TIME" type="float"/></accessor></technique_common></source><source id="mixamorig7_LeftShoulder-Matrix-animation-output-transform"><float_array id="mixamorig7_LeftShoulder-Matrix-animation-output-transform-array" count="432">

0.058816 0.895019 -0.442133 6.681300 0.020098 -0.443871 -0.895865 12.887600 -0.998066 0.043805 -0.044095 -0.157300 0.000000 0.000000 0.000000 1.000000
0.057272 0.894227 -0.443934 6.681300 0.020287 -0.445615 -0.894995 12.887600 -0.998152 0.042252 -0.043663 -0.157300 0.000000 0.000000 0.000000 1.000000
0.055565 0.893725 -0.445161 6.681300 0.020423 -0.446774 -0.894414 12.887600 -0.998246 0.040607 -0.043077 -0.157300 0.000000 0.000000 0.000000 1.000000
0.054125 0.893790 -0.445208 6.681300 0.020435 -0.446760 -0.894420 12.887600 -0.998325 0.039312 -0.042445 -0.157300 0.000000 0.000000 0.000000 1.000000
0.054344 0.893610 -0.445542 6.681300 0.020465 -0.447105 -0.894248 12.887600 -0.998313 0.039479 -0.042585 -0.157300 0.000000 0.000000 0.000000 1.000000
0.054824 0.893109 -0.446487 6.681300 0.020552 -0.448074 -0.893760 12.887600 -0.998284 0.039823 -0.042921 -0.157300 0.000000 0.000000 0.000000 1.000000
0.053009 0.893317 -0.446291 6.681300 0.020543 -0.447800 -0.893898 12.887600 -0.998383 0.038217 -0.042089 -0.157300 0.000000 0.000000 0.000000 1.000000
0.048206 0.894971 -0.443512 6.681300 0.020294 -0.444814 -0.895393 12.887600 -0.998631 0.034163 -0.039605 -0.157300 0.000000 0.000000 0.000000 1.000000
0.043303 0.897029 -0.439845 6.681300 0.019929 -0.440946 -0.897312 12.887600 -0.998863 0.030090 -0.036971 -0.157300 0.000000 0.000000 0.000000 1.000000
0.042456 0.897658 -0.438643 6.681300 0.019805 -0.439709 -0.897922 12.887600 -0.998902 0.029435 -0.036446 -0.157300 0.000000 0.000000 0.000000 1.000000
0.046956 0.896587 -0.440371 6.681300 0.019980 -0.441612 -0.896984 12.887600 -0.998697 0.033321 -0.038650 -0.157300 0.000000 0.000000 0.000000 1.000000
0.053982 0.895444 -0.441889 6.681300 0.020099 -0.443419 -0.896089 12.887600 -0.998340 0.039491 -0.041934 -0.157300 0.000000 0.000000 0.000000 1.000000
0.059087 0.895787 -0.440538 6.681300 0.019938 -0.442280 -0.896655 12.887600 -0.998054 0.044197 -0.043993 -0.157300 0.000000 0.000000 0.000000 1.000000
0.059667 0.897603 -0.436748 6.681300 0.019576 -0.438495 -0.898520 12.887600 -0.998026 0.045062 -0.043735 -0.157300 0.000000 0.000000 0.000000 1.000000
0.056933 0.899735 -0.432707 6.681300 0.019188 -0.434316 -0.900556 12.887600 -0.998194 0.042968 -0.041991 -0.157300 0.000000 0.000000 0.000000 1.000000
0.054707 0.901013 -0.430328 6.681300 0.018949 -0.431833 -0.901754 12.887600 -0.998323 0.041178 -0.040697 -0.157300 0.000000 0.000000 0.000000 1.000000
0.055493 0.900852 -0.430564 6.681300 0.018973 -0.432102 -0.901625 12.887600 -0.998279 0.041865 -0.041070 -0.157300 0.000000 0.000000 0.000000 1.000000
0.057908 0.899530 -0.433004 6.681300 0.019212 -0.434656 -0.900392 12.887600 -0.998137 0.043821 -0.042452 -0.157300 0.000000 0.000000 0.000000 1.000000
0.058787 0.898248 -0.435539 6.681300 0.019454 -0.437242 -0.899133 12.887600 -0.998081 0.044384 -0.043179 -0.157300 0.000000 0.000000 0.000000 1.000000
0.057289 0.898232 -0.435772 6.681300 0.019483 -0.437411 -0.899050 12.887600 -0.998168 0.043015 -0.042559 -0.157300 0.000000 0.000000 0.000000 1.000000
0.055734 0.899311 -0.433743 6.681300 0.019288 -0.435307 -0.900076 12.887600 -0.998259 0.041799 -0.041607 -0.157300 0.000000 0.000000 0.000000 1.000000
0.056393 0.900066 -0.432090 6.681300 0.019121 -0.433673 -0.900868 12.887600 -0.998226 0.042541 -0.041666 -0.157300 0.000000 0.000000 0.000000 1.000000
0.058764 0.899576 -0.432793 6.681300 0.019187 -0.434480 -0.900477 12.887600 -0.998087 0.044612 -0.042792 -0.157300 0.000000 0.000000 0.000000 1.000000
0.060688 0.898280 -0.435213 6.681300 0.019418 -0.436997 -0.899254 12.887600 -0.997968 0.046123 -0.043963 -0.157300 0.000000 0.000000 0.000000 1.000000
