<?xml version="1.0" encoding="utf-8"?>
<COLLADA xmlns="http://www.collada.org/2005/11/COLLADASchema" version="1.4.1">
  <asset><contributor><author>Mixamo</author><authoring_tool>COLLADA Mixamo exporter</authoring_tool><comments></comments></contributor><created>2020-02-25T10:20:13Z</created><modified>2020-02-25T10:20:13Z</modified><revision></revision><title></title><unit meter="0.010000"/><up_axis>Y_UP</up_axis></asset>
  <library_animations>
    <animation id="mixamorig7_Hips-anim" name="mixamorig7_Hips"><source id="mixamorig7_Hips-Matrix-animation-input"><float_array id="mixamorig7_Hips-Matrix-animation-input-array" count="236">

0.000000 0.033333 0.066667 0.100000 0.133333 0.166667 0.200000 0.233333 0.266667 0.300000 0.333333 0.366667 0.400000 0.433333 0.466667 0.500000
0.533333 0.566667 0.600000 0.633333 0.666667 0.700000 0.733333 0.766667 0.800000 0.833333 0.866667 0.900000 0.933333 0.966667 1.000000 1.033333
1.066667 1.100000 1.133333 1.166667 1.200000 1.233333 1.266667 1.300000 1.333333 1.366667 1.400000 1.433333 1.466667 1.500000 1.533333 1.566667
1.600000 1.633333 1.666667 1.700000 1.733333 1.766667 1.800000 1.833333 1.866667 1.900000 1.933333 1.966667 2.000000 2.033333 2.066667 2.100000
2.133333 2.166667 2.200000 2.233333 2.266667 2.300000 2.333333 2.366667 2.400000 2.433333 2.466667 2.500000 2.533333 2.566667 2.600000 2.633333
2.666667 2.700000 2.733333 2.766667 2.800000 2.833333 2.866667 2.900000 2.933333 2.966667 3.000000 3.033333 3.066667 3.100000 3.133333 3.166667
3.200000 3.233333 3.266667 3.300000 3.333333 3.366667 3.400000 3.433333 3.466667 3.500000 3.533333 3.566667 3.600000 3.633333 3.666667 3.700000
3.733333 3.766667 3.800000 3.833333 3.866667 3.900000 3.933333 3.966667 4.000000 4.033333 4.066667 4.100000 4.133333 4.166667 4.200000 4.233333
4.266667 4.300000 4.333333 4.366667 4.400000 4.433333 4.466667 4.500000 4.533333 4.566667 4.600000 4.633333 4.666667 4.700000 4.733333 4.766667
4.800000 4.833333 4.866667 4.900000 4.933333 4.966667 5.000000 5.033333 5.066667 5.100000 5.133333 5.166667 5.200000 5.233333 5.266667 5.300000
5.333333 5.366667 5.400000 5.433333 5.466667 5.500000 5.533333 5.566667 5.600000 5.633333 5.666667 5.700000 5.733333 5.766667 5.800000 5.833333
5.866667 5.900000 5.933333 5.966667 6.000000 6.033333 6.066667 6.100000 6.133333 6.166667 6.200000 6.233333 6.266667 6.300000 6.333333 6.366667
6.400000 6.433333 6.466667 6.500000 6.533333 6.566667 6.600000 6.633333 6.666667 6.700000 6.733333 6.766667 6.800000 6.833333 6.866667 6.900000
6.933333 6.966667 7.000000 7.033333 7.066667 7.100000 7.133333 7.166667 7.200000 7.233333 7.266667 7.300000 7.333333 7.366667 7.400000 7.433333
7.466667 7.500000 7.533333 7.566667 7.600000 7.633333 7.666667 7.700000 7.733333 7.766667 7.800000 7.833333</float_array><technique_common><accessor source="#mixamorig7_Hips-Matrix-animation-input-array" count="236"><param name="TIME" type="float"/></accessor></technique_common></source><source id="mixamorig7_Hips-Matrix-animation-output-transform"><float_array id="mixamorig7_Hips-Matrix-animation-output-transform-array" count="3776">

0.996311 -0.001741 -0.085799 0.036436 0.010222 0.995084 0.098510 97.246338 0.085205 -0.099024 0.991430 0.813132 0.000000 0.000000 0.000000 1.000000
0.996312 -0.001698 -0.085793 0.035228 0.010155 0.995111 0.098235 97.243515 0.085206 -0.098744 0.991458 0.816549 0.000000 0.000000 0.000000 1.000000
0.996311 -0.001687 -0.085805 0.035621 0.010115 0.995146 0.097885 97.240059 0.085223 -0.098392 0.991492 0.818793 0.000000 0.000000 0.000000 1.000000
0.996310 -0.001723 -0.085810 0.038257 0.010118 0.995185 0.097490 97.237328 0.085229 -0.097999 0.991530 0.820450 0.000000 0.000000 0.000000 1.000000
0.996309 -0.001764 -0.085824 0.042828 0.010127 0.995222 0.097110 97.235588 0.085242 -0.097621 0.991566 0.822360 0.000000 0.000000 0.000000 1.000000
0.996307 -0.001783 -0.085846 0.048678 0.010115 0.995260 0.096720 97.233879 0.085267 -0.097231 0.991603 0.824308 0.000000 0.000000 0.000000 1.000000
0.996304 -0.001798 -0.085878 0.055796 0.010091 0.995308 0.096232 97.231880 0.085302 -0.096743 0.991647 0.825142 0.000000 0.000000 0.000000 1.000000
0.996304 -0.001833 -0.085874 0.064082 0.010072 0.995368 0.095605 97.229668 0.085301 -0.096116 0.991708 0.824428 0.000000 0.000000 0.000000 1.000000
0.996313 -0.001861 -0.085767 0.073022 0.010023 0.995443 0.094830 97.227150 0.085200 -0.095340 0.991792 0.821848 0.000000 0.000000 0.000000 1.000000
0.996341 -0.001828 -0.085447 0.082259 0.009881 0.995531 0.093912 97.224747 0.084894 -0.094412 0.991907 0.815231 0.000000 0.000000 0.000000 1.000000
0.996396 -0.001735 -0.084802 0.091730 0.009630 0.995640 0.092780 97.222359 0.084272 -0.093262 0.992069 0.799113 0.000000 0.000000 0.000000 1.000000
0.996492 -0.001661 -0.083674 0.100911 0.009325 0.995781 0.091291 97.219643 0.083169 -0.091751 0.992303 0.764136 0.000000 0.000000 0.000000 1.000000
0.996626 -0.001771 -0.082060 0.110441 0.009127 0.995958 0.089355 97.216843 0.081570 -0.089802 0.992614 0.700695 0.000000 0.000000 0.000000 1.000000
0.996780 -0.002233 -0.080154 0.122496 0.009208 0.996188 0.086747 97.212334 0.079655 -0.087206 0.993001 0.600751 0.000000 0.000000 0.000000 1.000000
0.996922 -0.002943 -0.078343 0.137490 0.009458 0.996512 0.082916 97.204315 0.077825 -0.083402 0.993472 0.453589 0.000000 0.000000 0.000000 1.000000
0.997025 -0.003705 -0.076991 0.152696 0.009629 0.997006 0.076718 97.193550 0.076477 -0.077231 0.994076 0.244402 0.000000 0.000000 0.000000 1.000000
0.997086 -0.004456 -0.076158 0.163497 0.009604 0.997682 0.067371 97.175308 0.075681 -0.067906 0.994817 -0.027071 0.000000 0.000000 0.000000 1.000000
0.997104 -0.005180 -0.075880 0.163948 0.009358 0.998453 0.054807 97.134399 0.075478 -0.055359 0.995610 -0.350222 0.000000 0.000000 0.000000 1.000000
0.997091 -0.005712 -0.076000 0.147398 0.008764 0.999166 0.039877 97.059303 0.075709 -0.040427 0.996310 -0.720494 0.000000 0.000000 0.000000 1.000000
0.997074 -0.005976 -0.076206 0.111366 0.007732 0.999711 0.022768 96.937347 0.076048 -0.023291 0.996832 -1.148845 0.000000 0.000000 0.000000 1.000000
0.997023 -0.006448 -0.076830 0.060468 0.006634 0.999976 0.002158 96.739296 0.076815 -0.002661 0.997042 -1.666305 0.000000 0.000000 0.000000 1.000000
0.996850 -0.007986 -0.078906 -0.002517 0.005979 0.999653 -0.025637 96.423286 0.079083 0.025084 0.996552 -2.324148 0.000000 0.000000 0.000000 1.000000
0.996638 -0.010783 -0.081220 -0.086858 0.005478 0.997854 -0.065247 95.960587 0.081750 0.064583 0.994558 -3.133287 0.000000 0.000000 0.000000 1.000000
0.996594 -0.014179 -0.081232 -0.197278 0.004604 0.993137 -0.116863 95.334709 0.082332 0.116091 0.989820 -4.017872 0.000000 0.000000 0.000000 1.000000
0.996653 -0.018781 -0.079561 -0.311587 0.004909 0.985244 -0.171083 94.529305 0.081601 0.170120 0.982039 -4.909936 0.000000 0.000000 0.000000 1.000000
0.996409 -0.026284 -0.080482 -0.409244 0.008367 0.976508 -0.215319 93.591988 0.084251 0.213873 0.973222 -5.814189 0.000000 0.000000 0.000000 1.000000
0.995657 -0.035526 -0.086058 -0.504059 0.013375 0.969326 -0.245413 92.669861 0.092137 0.243196 0.965591 -6.688075 0.000000 0.000000 0.000000 1.000000
0.994788 -0.041608 -0.093091 -0.640663 0.015390 0.963765 -0.266309 91.944801 0.100799 0.263489 0.959382 -7.379331 0.000000 0.000000 0.000000 1.000000
0.994349 -0.043022 -0.097056 -0.810267 0.013704 0.958576 -0.284508 91.466972 0.105276 0.281570 0.953748 -7.777358 0.000000 0.000000 0.000000 1.000000
0.994329 -0.043076 -0.097237 -0.946022 0.011597 0.952765 -0.303486 91.140808 0.105717 0.300637 0.947861 -7.965800 0.000000 0.000000 0.000000 1.000000
0.994280 -0.044058 -0.097298 -1.025759 0.010596 0.947153 -0.320607 90.876053 0.106281 0.317742 0.942202 -8.089165 0.000000 0.000000 0.000000 1.000000
0.994027 -0.044354 -0.099716 -1.083752 0.008873 0.943510 -0.331226 90.667282 0.108775 0.328363 0.938268 -8.184612 0.000000 0.000000 0.000000 1.000000
0.993788 -0.041976 -0.103073 -1.148657 0.005131 0.942441 -0.334332 90.537758 0.111174 0.331726 0.936802 -8.235102 0.000000 0.000000 0.000000 1.000000
0.993802 -0.037297 -0.104717 -1.212387 0.000542 0.943647 -0.330953 90.489418 0.111160 0.328845 0.937819 -8.235076 0.000000 0.000000 0.000000 1.000000
0.994016 -0.032252 -0.104365 -1.268475 -0.003280 0.946173 -0.323644 90.490242 0.109186 0.322049 0.940406 -8.192968 0.000000 0.000000 0.000000 1.000000
0.994294 -0.027994 -0.102937 -1.310694 -0.005817 0.949288 -0.314354 90.515236 0.106517 0.313159 0.943708 -8.119637 0.000000 0.000000 0.000000 1.000000
0.994533 -0.024610 -0.101477 -1.335518 -0.007464 0.952588 -0.304172 90.556091 0.104151 0.303267 0.947197 -8.029196 0.000000 0.000000 0.000000 1.000000
0.994691 -0.021850 -0.100564 -1.345626 -0.008687 0.955886 -0.293611 90.607910 0.102543 0.292926 0.950621 -7.934195 0.000000 0.000000 0.000000 1.000000
0.994781 -0.019358 -0.100183 -1.343863 -0.009834 0.959080 -0.282963 90.661499 0.101561 0.282471 0.953884 -7.838620 0.000000 0.000000 0.000000 1.000000
0.994837 -0.016807 -0.100086 -1.329907 -0.011140 0.962147 -0.272303 90.713509 0.100874 0.272012 0.956992 -7.738329 0.000000 0.000000 0.000000 1.000000
0.994807 -0.014308 -0.100768 -1.302853 -0.012630 0.965064 -0.261709 90.768684 0.100992 0.261623 0.959872 -7.628796 0.000000 0.000000 0.000000 1.000000
0.994591 -0.012307 -0.103142 -1.263488 -0.014107 0.967754 -0.251502 90.835457 0.102911 0.251597 0.962345 -7.510672 0.000000 0.000000 0.000000 1.000000
0.994122 -0.011349 -0.107668 -1.217243 -0.015134 0.970159 -0.241999 90.919106 0.107202 0.242206 0.964284 -7.388755 0.000000 0.000000 0.000000 1.000000
0.993419 -0.011836 -0.113928 -1.173833 -0.015188 0.972253 -0.233440 91.018845 0.113529 0.233634 0.965674 -7.267951 0.000000 0.000000 0.000000 1.000000
0.992526 -0.013830 -0.121247 -1.137367 -0.014066 0.973970 -0.226242 91.125298 0.121220 0.226257 0.966496 -7.152788 0.000000 0.000000 0.000000 1.000000
0.991398 -0.017161 -0.129750 -1.100631 -0.012074 0.975147 -0.221230 91.221947 0.130322 0.220893 0.966552 -7.048891 0.000000 0.000000 0.000000 1.000000
0.989835 -0.021718 -0.140551 -1.048559 -0.009769 0.975553 -0.219545 91.296661 0.141884 0.218686 0.965425 -6.967278 0.000000 0.000000 0.000000 1.000000
0.987442 -0.027727 -0.155527 -0.960721 -0.007633 0.974954 -0.222276 91.347214 0.157794 0.220672 0.962499 -6.933222 0.000000 0.000000 0.000000 1.000000
0.983875 -0.035754 -0.175248 -0.822010 -0.005396 0.973436 -0.228894 91.354103 0.178777 0.226149 0.957547 -6.974359 0.000000 0.000000 0.000000 1.000000
0.979189 -0.046043 -0.197657 -0.655241 -0.002105 0.971569 -0.236748 91.269379 0.202938 0.232237 0.951253 -7.091738 0.000000 0.000000 0.000000 1.000000
0.974284 -0.056773 -0.218056 -0.533432 0.002249 0.970139 -0.242540 91.084290 0.225314 0.235813 0.945318 -7.246468 0.000000 0.000000 0.000000 1.000000
0.971207 -0.064193 -0.229427 -0.528738 0.006318 0.969616 -0.244550 90.871231 0.238155 0.236059 0.942103 -7.375195 0.000000 0.000000 0.000000 1.000000
0.971777 -0.066395 -0.226365 -0.652731 0.009375 0.969686 -0.244174 90.719536 0.235715 0.235160 0.942941 -7.414859 0.000000 0.000000 0.000000 1.000000
0.975058 -0.065474 -0.212075 -0.845182 0.012221 0.969889 -0.243242 90.678627 0.221615 0.234584 0.946497 -7.324985 0.000000 0.000000 0.000000 1.000000
0.978447 -0.064662 -0.196114 -1.025557 0.015814 0.970383 -0.241052 90.753914 0.205892 0.232755 0.950491 -7.111829 0.000000 0.000000 0.000000 1.000000
0.980181 -0.064868 -0.187185 -1.151958 0.019281 0.971623 -0.235749 90.916687 0.197166 0.227468 0.953616 -6.813021 0.000000 0.000000 0.000000 1.000000
0.980419 -0.063899 -0.186265 -1.227138 0.020297 0.973642 -0.227176 91.119949 0.195872 0.218947 0.955875 -6.463321 0.000000 0.000000 0.000000 1.000000
0.980515 -0.060477 -0.186903 -1.269007 0.018705 0.975852 -0.217632 91.323105 0.195551 0.209896 0.957968 -6.088555 0.000000 0.000000 0.000000 1.000000
0.981431 -0.055922 -0.183480 -1.291999 0.016655 0.977789 -0.208927 91.509995 0.191089 0.201992 0.960565 -5.715020 0.000000 0.000000 0.000000 1.000000
0.983201 -0.051538 -0.175101 -1.302213 0.015581 0.979506 -0.200812 91.683861 0.181862 0.194710 0.963854 -5.369000 0.000000 0.000000 0.000000 1.000000
0.985366 -0.047252 -0.163774 -1.305609 0.015029 0.981151 -0.192659 91.855530 0.169790 0.187378 0.967502 -5.061973 0.000000 0.000000 0.000000 1.000000
0.987622 -0.042972 -0.150854 -1.313897 0.014436 0.982561 -0.185378 92.036102 0.156189 0.180905 0.971019 -4.793114 0.000000 0.000000 0.000000 1.000000
0.989854 -0.039388 -0.136518 -1.335519 0.014175 0.983391 -0.180947 92.226700 0.141378 0.177176 0.973972 -4.562315 0.000000 0.000000 0.000000 1.000000
0.991937 -0.037061 -0.121192 -1.363524 0.014677 0.983446 -0.180608 92.414604 0.125879 0.177373 0.976060 -4.379723 0.000000 0.000000 0.000000 1.000000
0.993687 -0.035568 -0.106403 -1.380650 0.015421 0.982713 -0.184490 92.584427 0.111125 0.181685 0.977058 -4.278087 0.000000 0.000000 0.000000 1.000000
0.995024 -0.033874 -0.093705 -1.377824 0.015249 0.981129 -0.192751 92.720154 0.098466 0.190363 0.976763 -4.322894 0.000000 0.000000 0.000000 1.000000
0.995958 -0.031759 -0.084016 -1.354027 0.013784 0.978363 -0.206437 92.778961 0.088754 0.204444 0.974846 -4.597446 0.000000 0.000000 0.000000 1.000000
0.996478 -0.030649 -0.078056 -1.310197 0.012316 0.974212 -0.225297 92.693062 0.082948 0.223542 0.971158 -5.124375 0.000000 0.000000 0.000000 1.000000
0.996583 -0.031902 -0.076190 -1.252556 0.012283 0.969385 -0.245237 92.450302 0.081681 0.243463 0.966465 -5.792297 0.000000 0.000000 0.000000 1.000000
0.996447 -0.033935 -0.077089 -1.208528 0.012657 0.965178 -0.261286 92.142662 0.083271 0.259382 0.962178 -6.405945 0.000000 0.000000 0.000000 1.000000
0.996311 -0.034155 -0.078731 -1.213618 0.011514 0.962296 -0.271760 91.907562 0.085044 0.269851 0.959139 -6.791859 0.000000 0.000000 0.000000 1.000000
0.996306 -0.031391 -0.079934 -1.283356 0.008053 0.960847 -0.276962 91.837830 0.085499 0.275295 0.957550 -6.861849 0.000000 0.000000 0.000000 1.000000
0.996429 -0.026021 -0.080319 -1.398059 0.002655 0.960508 -0.278239 91.940956 0.084387 0.277032 0.957148 -6.632140 0.000000 0.000000 0.000000 1.000000
0.996630 -0.019385 -0.079710 -1.520362 -0.003435 0.960965 -0.276650 92.166046 0.081962 0.275992 0.957659 -6.201446 0.000000 0.000000 0.000000 1.000000
0.996928 -0.013445 -0.077164 -1.617615 -0.008095 0.962196 -0.272239 92.445312 0.077907 0.272027 0.959131 -5.692737 0.000000 0.000000 0.000000 1.000000
0.997335 -0.009890 -0.072285 -1.678535 -0.009648 0.964188 -0.265043 92.711227 0.072318 0.265034 0.961523 -5.190814 0.000000 0.000000 0.000000 1.000000
0.997736 -0.008722 -0.066689 -1.712358 -0.008665 0.966620 -0.256066 92.913773 0.066697 0.256064 0.964356 -4.749391 0.000000 0.000000 0.000000 1.000000
0.998005 -0.008537 -0.062554 -1.727399 -0.007189 0.969002 -0.246949 93.046494 0.062724 0.246906 0.967007 -4.425576 0.000000 0.000000 0.000000 1.000000
0.998109 -0.008014 -0.060942 -1.732770 -0.006770 0.971100 -0.238577 93.169914 0.061093 0.238539 0.969209 -4.228992 0.000000 0.000000 0.000000 1.000000
0.998089 -0.007161 -0.061380 -1.715704 -0.007361 0.972416 -0.233139 93.265121 0.061357 0.233145 0.970504 -4.205501 0.000000 0.000000 0.000000 1.000000
0.998120 -0.006569 -0.060934 -1.687463 -0.007651 0.973106 -0.230231 93.326294 0.060807 0.230264 0.971226 -4.288796 0.000000 0.000000 0.000000 1.000000
0.998224 -0.006087 -0.059252 -1.652397 -0.007615 0.973562 -0.228295 93.353317 0.059075 0.228341 0.971787 -4.403004 0.000000 0.000000 0.000000 1.000000
0.998274 -0.005467 -0.058468 -1.599553 -0.007903 0.974089 -0.226028 93.349083 0.058189 0.226100 0.972365 -4.513712 0.000000 0.000000 0.000000 1.000000
0.998158 -0.004893 -0.060473 -1.524153 -0.008724 0.974809 -0.222872 93.321396 0.060041 0.222989 0.972970 -4.613780 0.000000 0.000000 0.000000 1.000000
0.997874 -0.004592 -0.065009 -1.435605 -0.009773 0.975690 -0.218936 93.280907 0.064434 0.219106 0.973571 -4.696004 0.000000 0.000000 0.000000 1.000000
0.997514 -0.004850 -0.070307 -1.339383 -0.010376 0.976651 -0.214580 93.232574 0.069706 0.214775 0.974173 -4.755733 0.000000 0.000000 0.000000 1.000000
0.997176 -0.005634 -0.074891 -1.238595 -0.010249 0.977645 -0.210014 93.185638 0.074400 0.210188 0.974826 -4.798060 0.000000 0.000000 0.000000 1.000000
0.996897 -0.006795 -0.078427 -1.136101 -0.009485 0.978641 -0.205360 93.151093 0.078147 0.205467 0.975539 -4.829614 0.000000 0.000000 0.000000 1.000000
0.996641 -0.008262 -0.081473 -1.037669 -0.008321 0.979532 -0.201118 93.137466 0.081467 0.201120 0.976173 -4.852044 0.000000 0.000000 0.000000 1.000000
0.996285 -0.010167 -0.085520 -0.947572 -0.007007 0.980148 -0.198144 93.153481 0.085837 0.198007 0.976435 -4.869456 0.000000 0.000000 0.000000 1.000000
0.995621 -0.012892 -0.092589 -0.866847 -0.005590 0.980462 -0.196632 93.204391 0.093315 0.196288 0.976096 -4.889398 0.000000 0.000000 0.000000 1.000000
0.994458 -0.016942 -0.103759 -0.791909 -0.003739 0.980607 -0.195949 93.281303 0.105066 0.195251 0.975109 -4.916229 0.000000 0.000000 0.000000 1.000000
0.992717 -0.022449 -0.118358 -0.724150 -0.001153 0.980668 -0.195674 93.363235 0.120462 0.194385 0.973501 -4.948408 0.000000 0.000000 0.000000 1.000000
0.990470 -0.028899 -0.134663 -0.671354 0.001968 0.980608 -0.195968 93.425873 0.137715 0.193836 0.971320 -4.979271 0.000000 0.000000 0.000000 1.000000
0.988016 -0.035030 -0.150326 -0.646310 0.004794 0.980401 -0.196953 93.442123 0.154279 0.193872 0.968820 -5.003520 0.000000 0.000000 0.000000 1.000000
0.985952 -0.039128 -0.162379 -0.664049 0.006235 0.980119 -0.198315 93.399200 0.166910 0.194517 0.966594 -5.026053 0.000000 0.000000 0.000000 1.000000
0.984982 -0.040558 -0.167824 -0.736781 0.006315 0.979830 -0.199735 93.320572 0.172540 0.195676 0.965371 -5.059254 0.000000 0.000000 0.000000 1.000000
0.985428 -0.040742 -0.165143 -0.867217 0.006783 0.979530 -0.201183 93.254364 0.169960 0.197131 0.965532 -5.102855 0.000000 0.000000 0.000000 1.000000
0.986830 -0.041316 -0.156396 -1.041334 0.008863 0.979190 -0.202753 93.236122 0.161519 0.198697 0.966660 -5.138105 0.000000 0.000000 0.000000 1.000000
0.988402 -0.042301 -0.145849 -1.221701 0.011824 0.978941 -0.203799 93.254204 0.151399 0.199711 0.968088 -5.147686 0.000000 0.000000 0.000000 1.000000
0.989596 -0.042939 -0.137317 -1.359714 0.014276 0.979022 -0.203254 93.253304 0.143164 0.199179 0.969449 -5.141554 0.000000 0.000000 0.000000 1.000000
0.990375 -0.043223 -0.131487 -1.437500 0.016153 0.979592 -0.200346 93.193642 0.137463 0.196294 0.970862 -5.145491 0.000000 0.000000 0.000000 1.000000
0.991014 -0.043496 -0.126487 -1.482292 0.018016 0.980438 -0.196002 93.091805 0.132538 0.191962 0.972412 -5.173127 0.000000 0.000000 0.000000 1.000000
0.991820 -0.043363 -0.120054 -1.532151 0.019675 0.981224 -0.191867 92.992653 0.126119 0.187935 0.974050 -5.217994 0.000000 0.000000 0.000000 1.000000
0.992897 -0.042134 -0.111262 -1.600855 0.020498 0.981788 -0.188869 92.932953 0.117194 0.185247 0.975679 -5.260235 0.000000 0.000000 0.000000 1.000000
0.994115 -0.039916 -0.100707 -1.668090 0.020488 0.982139 -0.187036 92.938019 0.106374 0.183872 0.977177 -5.270481 0.000000 0.000000 0.000000 1.000000
0.995287 -0.037387 -0.089478 -1.698160 0.020171 0.982327 -0.186084 93.021118 0.094854 0.183402 0.978451 -5.226477 0.000000 0.000000 0.000000 1.000000
0.996216 -0.035205 -0.079467 -1.670760 0.019927 0.982454 -0.185437 93.178223 0.084601 0.183151 0.979438 -5.123970 0.000000 0.000000 0.000000 1.000000
0.996832 -0.033097 -0.072323 -1.590601 0.019205 0.982561 -0.184944 93.379738 0.077183 0.182969 0.980084 -4.976826 0.000000 0.000000 0.000000 1.000000
0.997108 -0.030615 -0.069559 -1.471382 0.017252 0.982559 -0.185152 93.563835 0.074014 0.183416 0.980245 -4.819767 0.000000 0.000000 0.000000 1.000000
0.997072 -0.028125 -0.071103 -1.326689 0.014381 0.982279 -0.186873 93.656776 0.075099 0.185303 0.979808 -4.711912 0.000000 0.000000 0.000000 1.000000
0.996823 -0.026344 -0.075167 -1.175369 0.011618 0.981717 -0.189991 93.611099 0.078798 0.188514 0.978904 -4.725501 0.000000 0.000000 0.000000 1.000000
0.996536 -0.025686 -0.079093 -1.037062 0.009964 0.981129 -0.193096 93.409103 0.082560 0.191639 0.977987 -4.917595 0.000000 0.000000 0.000000 1.000000
0.996377 -0.025942 -0.080992 -0.924047 0.009619 0.980604 -0.195761 93.051926 0.084500 0.194273 0.977301 -5.288575 0.000000 0.000000 0.000000 1.000000
0.996429 -0.026165 -0.080276 -0.839953 0.009694 0.979937 -0.199069 92.596603 0.083874 0.197580 0.976692 -5.743520 0.000000 0.000000 0.000000 1.000000
0.996636 -0.025730 -0.077808 -0.775759 0.009373 0.978992 -0.203683 92.187668 0.081414 0.202269 0.975940 -6.126695 0.000000 0.000000 0.000000 1.000000
0.996902 -0.024874 -0.074623 -0.711714 0.008767 0.977910 -0.208842 91.988228 0.078170 0.207541 0.975098 -6.308614 0.000000 0.000000 0.000000 1.000000
0.997074 -0.024051 -0.072558 -0.625021 0.008091 0.977087 -0.212689 92.078819 0.076011 0.211479 0.974422 -6.225015 0.000000 0.000000 0.000000 1.000000
0.996953 -0.023435 -0.074399 -0.497239 0.007083 0.977058 -0.212854 92.422127 0.077681 0.211678 0.974247 -5.871006 0.000000 0.000000 0.000000 1.000000
0.996393 -0.022693 -0.081772 -0.334749 0.005184 0.978061 -0.208256 92.882660 0.084704 0.207081 0.974650 -5.315281 0.000000 0.000000 0.000000 1.000000
0.995465 -0.021278 -0.092723 -0.180975 0.002239 0.979637 -0.200764 93.297615 0.095106 0.199646 0.975242 -4.696802 0.000000 0.000000 0.000000 1.000000
0.994433 -0.019362 -0.103578 -0.085123 -0.001032 0.981137 -0.193310 93.562988 0.105367 0.192341 0.975655 -4.165349 0.000000 0.000000 0.000000 1.000000
0.993663 -0.017827 -0.110981 -0.058977 -0.003319 0.982261 -0.187490 93.660225 0.112355 0.186670 0.975977 -3.817459 0.000000 0.000000 0.000000 1.000000
0.993380 -0.017042 -0.113607 -0.082100 -0.004163 0.982945 -0.183850 93.628540 0.114803 0.183106 0.976367 -3.679071 0.000000 0.000000 0.000000 1.000000
0.993644 -0.016574 -0.111339 -0.136400 -0.004152 0.983032 -0.183389 93.530746 0.112489 0.182686 0.976715 -3.724751 0.000000 0.000000 0.000000 1.000000
0.994343 -0.016145 -0.104980 -0.219496 -0.003843 0.982265 -0.187459 93.422127 0.106144 0.186802 0.976646 -3.913725 0.000000 0.000000 0.000000 1.000000
0.995206 -0.016468 -0.096409 -0.326557 -0.002794 0.980533 -0.196335 93.328941 0.097765 0.195663 0.975786 -4.213546 0.000000 0.000000 0.000000 1.000000
0.995887 -0.017983 -0.088806 -0.441009 -0.000917 0.978057 -0.208337 93.251572 0.090604 0.207561 0.974017 -4.586134 0.000000 0.000000 0.000000 1.000000
0.996181 -0.020101 -0.084968 -0.541565 0.000849 0.975324 -0.220776 93.186867 0.087309 0.219861 0.971616 -4.978058 0.000000 0.000000 0.000000 1.000000
0.996058 -0.021874 -0.085967 -0.617680 0.001418 0.972924 -0.231119 93.146530 0.088694 0.230086 0.969120 -5.328805 0.000000 0.000000 0.000000 1.000000
0.995647 -0.022880 -0.090356 -0.676021 0.000755 0.971353 -0.237639 93.154823 0.093204 0.236537 0.967142 -5.583434 0.000000 0.000000 0.000000 1.000000
0.995226 -0.023231 -0.094789 -0.732369 -0.000147 0.970897 -0.239497 93.232666 0.097595 0.238367 0.966259 -5.697447 0.000000 0.000000 0.000000 1.000000
0.995047 -0.023165 -0.096668 -0.794614 -0.000441 0.971429 -0.237329 93.377563 0.099403 0.236196 0.966608 -5.646699 0.000000 0.000000 0.000000 1.000000
0.995076 -0.022751 -0.096473 -0.856981 -0.000312 0.972577 -0.232583 93.556755 0.099119 0.231467 0.967780 -5.437599 0.000000 0.000000 0.000000 1.000000
0.994994 -0.022235 -0.097434 -0.905486 -0.000488 0.973843 -0.227221 93.727219 0.099938 0.226131 0.968957 -5.115109 0.000000 0.000000 0.000000 1.000000
0.994493 -0.021846 -0.102497 -0.928024 -0.001552 0.974853 -0.222842 93.860764 0.104788 0.221774 0.969451 -4.744554 0.000000 0.000000 0.000000 1.000000
0.993580 -0.021541 -0.111061 -0.922201 -0.003427 0.975523 -0.219869 93.952438 0.113078 0.218838 0.969187 -4.383452 0.000000 0.000000 0.000000 1.000000
0.992645 -0.021189 -0.119196 -0.898797 -0.005307 0.976002 -0.217695 94.011414 0.120949 0.216727 0.968711 -4.063688 0.000000 0.000000 0.000000 1.000000
0.992114 -0.020800 -0.123603 -0.873511 -0.006391 0.976457 -0.215619 94.045326 0.125177 0.214709 0.968623 -3.797565 0.000000 0.000000 0.000000 1.000000
0.992091 -0.020526 -0.123829 -0.852586 -0.006377 0.977022 -0.213045 94.058197 0.125357 0.212150 0.969164 -3.589324 0.000000 0.000000 0.000000 1.000000
0.992359 -0.020351 -0.121690 -0.830249 -0.005644 0.977782 -0.209547 94.058243 0.123251 0.208633 0.970197 -3.437351 0.000000 0.000000 0.000000 1.000000
0.992676 -0.019970 -0.119141 -0.800036 -0.004988 0.978625 -0.205591 94.059868 0.120700 0.204679 0.971359 -3.332609 0.000000 0.000000 0.000000 1.000000
0.992944 -0.019241 -0.117013 -0.760891 -0.004870 0.979300 -0.202354 94.073463 0.118484 0.201496 0.972297 -3.261878 0.000000 0.000000 0.000000 1.000000
0.993173 -0.018360 -0.115196 -0.714370 -0.005130 0.979706 -0.200375 94.099098 0.116537 0.199598 0.972923 -3.213812 0.000000 0.000000 0.000000 1.000000
0.993391 -0.017592 -0.113426 -0.662723 -0.005395 0.979937 -0.199237 94.130325 0.114655 0.198532 0.973365 -3.183555 0.000000 0.000000 0.000000 1.000000
0.993625 -0.016987 -0.111450 -0.608212 -0.005469 0.980155 -0.198155 94.160446 0.112604 0.197501 0.973814 -3.168211 0.000000 0.000000 0.000000 1.000000
0.993879 -0.016497 -0.109239 -0.552423 -0.005329 0.980480 -0.196549 94.185127 0.110349 0.195928 0.974390 -3.161326 0.000000 0.000000 0.000000 1.000000
0.994119 -0.016150 -0.107083 -0.497331 -0.004991 0.980935 -0.194270 94.203857 0.108179 0.193662 0.975086 -3.153678 0.000000 0.000000 0.000000 1.000000
0.994322 -0.015980 -0.105208 -0.446568 -0.004471 0.981513 -0.191342 94.219566 0.106321 0.190725 0.975869 -3.136765 0.000000 0.000000 0.000000 1.000000
0.994507 -0.015853 -0.103461 -0.404643 -0.003877 0.982206 -0.187769 94.236626 0.104597 0.187139 0.976749 -3.106605 0.000000 0.000000 0.000000 1.000000
0.994713 -0.015593 -0.101506 -0.373707 -0.003330 0.982987 -0.183642 94.259048 0.102643 0.183009 0.977738 -3.065235 0.000000 0.000000 0.000000 1.000000
0.994954 -0.015202 -0.099171 -0.353157 -0.002828 0.983811 -0.179185 94.288658 0.100290 0.178561 0.978804 -3.018911 0.000000 0.000000 0.000000 1.000000
0.995228 -0.014851 -0.096443 -0.341595 -0.002257 0.984583 -0.174904 94.322365 0.097554 0.174287 0.979851 -2.976660 0.000000 0.000000 0.000000 1.000000
0.995531 -0.014664 -0.093295 -0.338245 -0.001550 0.985201 -0.171397 94.350517 0.094428 0.170776 0.980775 -2.947389 0.000000 0.000000 0.000000 1.000000
0.995855 -0.014615 -0.089775 -0.341904 -0.000754 0.985646 -0.168823 94.360535 0.090954 0.168191 0.981549 -2.937061 0.000000 0.000000 0.000000 1.000000
0.996176 -0.014698 -0.086124 -0.351082 0.000190 0.986111 -0.166086 94.349388 0.087369 0.165435 0.982343 -2.946487 0.000000 0.000000 0.000000 1.000000
0.996439 -0.014843 -0.083005 -0.365722 0.001338 0.987045 -0.160437 94.334999 0.084311 0.159754 0.983550 -2.967773 0.000000 0.000000 0.000000 1.000000
0.996583 -0.014790 -0.081267 -0.387191 0.002500 0.988790 -0.149292 94.351646 0.082564 0.148578 0.985448 -2.981440 0.000000 0.000000 0.000000 1.000000
0.996629 -0.014640 -0.080721 -0.417838 0.003733 0.991021 -0.133654 94.425491 0.081953 0.132902 0.987735 -2.953528 0.000000 0.000000 0.000000 1.000000
0.996704 -0.015232 -0.079676 -0.463810 0.005728 0.992977 -0.118173 94.562462 0.080916 0.117327 0.989791 -2.829501 0.000000 0.000000 0.000000 1.000000
0.996918 -0.017080 -0.076574 -0.535652 0.008833 0.994245 -0.106769 94.768059 0.077957 0.105764 0.991331 -2.541565 0.000000 0.000000 0.000000 1.000000
0.997249 -0.019043 -0.071642 -0.640737 0.011922 0.995061 -0.098545 95.058792 0.073165 0.097420 0.992550 -2.046201 0.000000 0.000000 0.000000 1.000000
0.997625 -0.019538 -0.066055 -0.773071 0.013567 0.995880 -0.089660 95.427933 0.067535 0.088551 0.993780 -1.375326 0.000000 0.000000 0.000000 1.000000
0.997983 -0.018438 -0.060740 -0.911663 0.013608 0.996782 -0.078995 95.813583 0.062001 0.078010 0.995023 -0.633451 0.000000 0.000000 0.000000 1.000000
0.998239 -0.016845 -0.056873 -1.030536 0.013010 0.997659 -0.067137 96.127991 0.057870 0.066279 0.996122 0.074043 0.000000 0.000000 0.000000 1.000000
0.998327 -0.016339 -0.055462 -1.113479 0.013361 0.998471 -0.053641 96.321159 0.056254 0.052810 0.997019 0.684202 0.000000 0.000000 0.000000 1.000000
0.998256 -0.017480 -0.056381 -1.156201 0.015404 0.999195 -0.037050 96.408844 0.056983 0.036117 0.997722 1.179983 0.000000 0.000000 0.000000 1.000000
0.998129 -0.019508 -0.057949 -1.157300 0.018478 0.999663 -0.018258 96.436874 0.058286 0.017153 0.998153 1.563374 0.000000 0.000000 0.000000 1.000000
0.997995 -0.021489 -0.059527 -1.119974 0.021485 0.999769 -0.000697 96.442398 0.059528 -0.000583 0.998226 1.837663 0.000000 0.000000 0.000000 1.000000
0.997839 -0.022997 -0.061557 -1.057624 0.023860 0.999626 0.013329 96.447350 0.061227 -0.014769 0.998015 2.018051 0.000000 0.000000 0.000000 1.000000
0.997663 -0.023957 -0.063983 -0.985649 0.025505 0.999399 0.023483 96.459923 0.063382 -0.025060 0.997675 2.126344 0.000000 0.000000 0.000000 1.000000
0.997526 -0.024232 -0.065985 -0.910271 0.026265 0.999201 0.030113 96.478172 0.065202 -0.031771 0.997366 2.170886 0.000000 0.000000 0.000000 1.000000
0.997489 -0.023970 -0.066641 -0.837742 0.026308 0.999061 0.034428 96.494400 0.065754 -0.036095 0.997183 2.156841 0.000000 0.000000 0.000000 1.000000
0.997506 -0.023739 -0.066477 -0.770160 0.026309 0.998929 0.038050 96.507492 0.065502 -0.039704 0.997062 2.105902 0.000000 0.000000 0.000000 1.000000
0.997542 -0.023721 -0.065927 -0.707801 0.026500 0.998782 0.041615 96.521179 0.064860 -0.043260 0.996956 2.035842 0.000000 0.000000 0.000000 1.000000
0.997593 -0.023621 -0.065191 -0.654252 0.026581 0.998637 0.044910 96.538757 0.064042 -0.046534 0.996862 1.953385 0.000000 0.000000 0.000000 1.000000
0.997650 -0.023135 -0.064499 -0.610596 0.026236 0.998520 0.047644 96.559837 0.063301 -0.049224 0.996780 1.855546 0.000000 0.000000 0.000000 1.000000
0.997689 -0.022321 -0.064172 -0.573320 0.025542 0.998432 0.049820 96.580055 0.062959 -0.051344 0.996694 1.741112 0.000000 0.000000 0.000000 1.000000
0.997707 -0.021368 -0.064226 -0.541016 0.024711 0.998356 0.051716 96.593193 0.063015 -0.053184 0.996594 1.616923 0.000000 0.000000 0.000000 1.000000
0.997724 -0.020429 -0.064265 -0.515744 0.023916 0.998257 0.053958 96.597061 0.063051 -0.055372 0.996473 1.493109 0.000000 0.000000 0.000000 1.000000
0.997759 -0.019608 -0.063966 -0.496792 0.023261 0.998110 0.056873 96.598801 0.062730 -0.058234 0.996330 1.374207 0.000000 0.000000 0.000000 1.000000
0.997780 -0.018943 -0.063840 -0.479854 0.022788 0.997935 0.060047 96.607346 0.062570 -0.061369 0.996152 1.258193 0.000000 0.000000 0.000000 1.000000
0.997736 -0.018402 -0.064688 -0.461820 0.022487 0.997760 0.062999 96.624023 0.063383 -0.064311 0.995915 1.142027 0.000000 0.000000 0.000000 1.000000
0.997623 -0.017848 -0.066561 -0.443392 0.022228 0.997594 0.065661 96.643486 0.065229 -0.066984 0.995620 1.025283 0.000000 0.000000 0.000000 1.000000
0.997500 -0.017162 -0.068553 -0.428545 0.021845 0.997435 0.068158 96.662918 0.067208 -0.069485 0.995316 0.910018 0.000000 0.000000 0.000000 1.000000
0.997404 -0.016484 -0.070092 -0.417876 0.021449 0.997268 0.070685 96.681252 0.068736 -0.072005 0.995033 0.795447 0.000000 0.000000 0.000000 1.000000
0.997307 -0.015953 -0.071590 -0.406574 0.021221 0.997074 0.073436 96.698547 0.070209 -0.074757 0.994727 0.678512 0.000000 0.000000 0.000000 1.000000
0.997179 -0.015552 -0.073431 -0.391409 0.021172 0.996853 0.076398 96.716080 0.072011 -0.077737 0.994370 0.559202 0.000000 0.000000 0.000000 1.000000
0.997032 -0.015206 -0.075469 -0.374409 0.021206 0.996621 0.079351 96.733154 0.074007 -0.080716 0.993986 0.441635 0.000000 0.000000 0.000000 1.000000
0.996888 -0.014853 -0.077422 -0.357593 0.021216 0.996404 0.082032 96.748024 0.075925 -0.083419 0.993618 0.328107 0.000000 0.000000 0.000000 1.000000
0.996759 -0.014470 -0.079128 -0.341174 0.021153 0.996218 0.084275 96.760300 0.077609 -0.085676 0.993296 0.217589 0.000000 0.000000 0.000000 1.000000
0.996657 -0.014083 -0.080476 -0.326261 0.021024 0.996068 0.086060 96.770576 0.078947 -0.087465 0.993034 0.109721 0.000000 0.000000 0.000000 1.000000
0.996564 -0.013698 -0.081680 -0.314088 0.020864 0.995942 0.087543 96.782692 0.080149 -0.088946 0.992806 0.004954 0.000000 0.000000 0.000000 1.000000
0.996445 -0.013281 -0.083191 -0.304123 0.020703 0.995817 0.088992 96.799576 0.081661 -0.090398 0.992552 -0.096395 0.000000 0.000000 0.000000 1.000000
0.996289 -0.012879 -0.085102 -0.295972 0.020613 0.995671 0.090636 96.819122 0.083566 -0.092054 0.992241 -0.190658 0.000000 0.000000 0.000000 1.000000
0.996129 -0.012560 -0.086999 -0.290487 0.020623 0.995508 0.092404 96.838257 0.085447 -0.093840 0.991914 -0.273758 0.000000 0.000000 0.000000 1.000000
0.995998 -0.012348 -0.088523 -0.286619 0.020700 0.995351 0.094065 96.856918 0.086950 -0.095521 0.991623 -0.347874 0.000000 0.000000 0.000000 1.000000
0.995899 -0.012178 -0.089648 -0.282032 0.020776 0.995202 0.095613 96.876572 0.088053 -0.097083 0.991374 -0.417688 0.000000 0.000000 0.000000 1.000000
0.995840 -0.011743 -0.090361 -0.278519 0.020534 0.995074 0.096989 96.898476 0.088777 -0.098441 0.991175 -0.483331 0.000000 0.000000 0.000000 1.000000
0.995824 -0.010880 -0.090647 -0.277984 0.019785 0.994998 0.097918 96.922920 0.089128 -0.099302 0.991058 -0.543503 0.000000 0.000000 0.000000 1.000000
0.995845 -0.009890 -0.090521 -0.278266 0.018820 0.994975 0.098339 96.949669 0.089093 -0.099634 0.991027 -0.597428 0.000000 0.000000 0.000000 1.000000
0.995896 -0.009173 -0.090038 -0.277259 0.018075 0.994967 0.098558 96.980263 0.088681 -0.099781 0.991050 -0.640968 0.000000 0.000000 0.000000 1.000000
0.995969 -0.008824 -0.089259 -0.275556 0.017666 0.994954 0.098762 97.013145 0.087937 -0.099941 0.991100 -0.670210 0.000000 0.000000 0.000000 1.000000
0.996056 -0.008691 -0.088303 -0.275927 0.017462 0.994930 0.099043 97.045189 0.086994 -0.100194 0.991157 -0.683054 0.000000 0.000000 0.000000 1.000000
0.996147 -0.008611 -0.087279 -0.279576 0.017320 0.994885 0.099522 97.074608 0.085976 -0.100651 0.991200 -0.680942 0.000000 0.000000 0.000000 1.000000
0.996230 -0.008485 -0.086341 -0.285055 0.017154 0.994823 0.100161 97.103165 0.085044 -0.101265 0.991218 -0.669616 0.000000 0.000000 0.000000 1.000000
0.996300 -0.008259 -0.085542 -0.291107 0.016890 0.994776 0.100674 97.132874 0.084264 -0.101746 0.991235 -0.652709 0.000000 0.000000 0.000000 1.000000
0.996369 -0.007942 -0.084769 -0.297655 0.016508 0.994767 0.100831 97.161865 0.083524 -0.101864 0.991286 -0.627561 0.000000 0.000000 0.000000 1.000000
0.996454 -0.007570 -0.083802 -0.305036 0.016021 0.994795 0.100627 97.186981 0.082604 -0.101613 0.991389 -0.590367 0.000000 0.000000 0.000000 1.000000
0.996560 -0.007182 -0.082565 -0.312450 0.015474 0.994843 0.100240 97.207420 0.081419 -0.101172 0.991532 -0.541428 0.000000 0.000000 0.000000 1.000000
0.996673 -0.006858 -0.081216 -0.318011 0.014976 0.994897 0.099777 97.224602 0.080117 -0.100661 0.991690 -0.485552 0.000000 0.000000 0.000000 1.000000
0.996777 -0.006709 -0.079941 -0.319463 0.014659 0.994952 0.099277 97.240005 0.078872 -0.100129 0.991843 -0.426830 0.000000 0.000000 0.000000 1.000000
0.996867 -0.006709 -0.078809 -0.315158 0.014503 0.995007 0.098742 97.253151 0.077753 -0.099575 0.991988 -0.366550 0.000000 0.000000 0.000000 1.000000
0.996945 -0.006795 -0.077806 -0.305151 0.014445 0.995064 0.098179 97.264214 0.076755 -0.099003 0.992122 -0.304315 0.000000 0.000000 0.000000 1.000000
0.997014 -0.006937 -0.076915 -0.291111 0.014455 0.995119 0.097621 97.273964 0.075862 -0.098442 0.992247 -0.239244 0.000000 0.000000 0.000000 1.000000
0.997076 -0.007117 -0.076083 -0.274865 0.014509 0.995173 0.097053 97.282547 0.075025 -0.097873 0.992367 -0.171868 0.000000 0.000000 0.000000 1.000000
0.997133 -0.007243 -0.075325 -0.257219 0.014512 0.995236 0.096405 97.289474 0.074268 -0.097221 0.992488 -0.104474 0.000000 0.000000 0.000000 1.000000
0.997174 -0.007247 -0.074770 -0.238663 0.014408 0.995307 0.095685 97.293373 0.073726 -0.096492 0.992600 -0.038963 0.000000 0.000000 0.000000 1.000000
0.997193 -0.007080 -0.074535 -0.220419 0.014166 0.995379 0.094976 97.293938 0.073518 -0.095765 0.992685 0.024401 0.000000 0.000000 0.000000 1.000000
0.997190 -0.006732 -0.074617 -0.203845 0.013786 0.995436 0.094427 97.292007 0.073641 -0.095191 0.992731 0.086087 0.000000 0.000000 0.000000 1.000000
0.997166 -0.006238 -0.074976 -0.189816 0.013306 0.995469 0.094153 97.288948 0.074049 -0.094883 0.992730 0.146165 0.000000 0.000000 0.000000 1.000000
0.997119 -0.005654 -0.075636 -0.178227 0.012787 0.995474 0.094165 97.284447 0.074762 -0.094861 0.992679 0.203616 0.000000 0.000000 0.000000 1.000000
0.997043 -0.005040 -0.076682 -0.167095 0.012289 0.995462 0.094361 97.279549 0.075858 -0.095025 0.992580 0.256086 0.000000 0.000000 0.000000 1.000000
0.996943 -0.004449 -0.078010 -0.154286 0.011848 0.995440 0.094651 97.275558 0.077234 -0.095286 0.992449 0.303537 0.000000 0.000000 0.000000 1.000000
0.996841 -0.003904 -0.079322 -0.140300 0.011462 0.995406 0.095060 97.272934 0.078587 -0.095669 0.992306 0.349457 0.000000 0.000000 0.000000 1.000000
0.996751 -0.003438 -0.080473 -0.126597 0.011158 0.995349 0.095687 97.270523 0.079770 -0.096274 0.992153 0.397395 0.000000 0.000000 0.000000 1.000000
0.996667 -0.003104 -0.081520 -0.113082 0.010989 0.995276 0.096460 97.267441 0.080836 -0.097034 0.991993 0.448056 0.000000 0.000000 0.000000 1.000000
0.996589 -0.002912 -0.082476 -0.098846 0.010951 0.995205 0.097196 97.263908 0.081798 -0.097768 0.991842 0.499829 0.000000 0.000000 0.000000 1.000000
0.996518 -0.002768 -0.083331 -0.083750 0.010938 0.995151 0.097745 97.260246 0.082656 -0.098316 0.991717 0.549903 0.000000 0.000000 0.000000 1.000000
0.996455 -0.002591 -0.084092 -0.068058 0.010866 0.995117 0.098105 97.256935 0.083428 -0.098671 0.991617 0.596406 0.000000 0.000000 0.000000 1.000000
0.996395 -0.002368 -0.084802 -0.051805 0.010737 0.995092 0.098375 97.253204 0.084153 -0.098931 0.991530 0.639440 0.000000 0.000000 0.000000 1.000000
0.996342 -0.002141 -0.085430 -0.034643 0.010596 0.995066 0.098648 97.250130 0.084797 -0.099193 0.991449 0.679859 0.000000 0.000000 0.000000 1.000000
0.996302 -0.001966 -0.085901 -0.016267 0.010491 0.995042 0.098898 97.247925 0.085281 -0.099434 0.991383 0.717579 0.000000 0.000000 0.000000 1.000000
0.996284 -0.001868 -0.086107 0.002966 0.010422 0.995033 0.099000 97.246788 0.085494 -0.099529 0.991355 0.752239 0.000000 0.000000 0.000000 1.000000
0.996289 -0.001805 -0.086054 0.021180 0.010342 0.995048 0.098854 97.246323 0.085449 -0.099377 0.991374 0.783963 0.000000 0.000000 0.000000 1.000000
0.996311 -0.001740 -0.085799 0.036436 0.010222 0.995084 0.098510 97.246307 0.085205 -0.099024 0.991430 0.813132 0.000000 0.000000 0.000000 1.000000</float_array><technique_common><accessor source="#mixamorig7_Hips-Matrix-animation-output-transform-array" count="236" stride="16"><param type="float4x4"/></accessor></technique_common></source><source id="mixamorig7_Hips-Interpolations"><Name_array id="mixamorig7_Hips-Interpolations-array" count="236">
 LINEAR LINEAR LINEAR LINEAR LINEAR LINEAR LINEAR LINEAR LINEAR LINEAR LINEAR
LINEAR LINEAR LINEAR LINEAR LINEAR LINEAR LINEAR LINEAR LINEAR LINEAR LINEAR LINEAR
LINEAR LINEAR LINEAR LINEAR LINEAR LINEAR LINEAR LINEAR LINEAR LINEAR LINEAR LINEAR
LINEAR LINEAR LINEAR LINEAR LINEAR LINEAR LINEAR LINEAR LINEAR LINEAR LINEAR LINEAR
LINEAR LINEAR LINEAR LINEAR LINEAR LINEAR LINEAR LINEAR LINEAR LINEAR LINEAR LINEAR
LINEAR LINEAR LINEAR LINEAR LINEAR LINEAR LINEAR LINEAR LINEAR LINEAR LINEAR LINEAR
LINEAR LINEAR LINEAR LINEAR LINEAR LINEAR LINEAR LINEAR LINEAR LINEAR LINEAR LINEAR
LINEAR LINEAR LINEAR LINEAR LINEAR LINEAR LINEAR LINEAR LINEAR LINEAR LINEAR LINEAR
LINEAR LINEAR LINEAR LINEAR LINEAR LINEAR LINEAR LINEAR LINEAR LINEAR LINEAR LINEAR
LINEAR LINEAR LINEAR LINEAR LINEAR LINEAR LINEAR LINEAR LINEAR LINEAR LINEAR LINEAR
LINEAR LINEAR LINEAR LINEAR LINEAR LINEAR LINEAR LINEAR LINEAR LINEAR LINEAR LINEAR
LINEAR LINEAR LINEAR LINEAR LINEAR LINEAR LINEAR LINEAR LINEAR LINEAR LINEAR LINEAR
LINEAR LINEAR LINEAR LINEAR LINEAR LINEAR LINEAR LINEAR LINEAR LINEAR LINEAR LINEAR
LINEAR LINEAR LINEAR LINEAR LINEAR LINEAR LINEAR LINEAR LINEAR LINEAR LINEAR LINEAR
