<?xml version="1.0" encoding="utf-8"?>
<COLLADA xmlns="http://www.collada.org/2005/11/COLLADASchema" version="1.4.1">
  <asset><contributor><author>Mixamo</author><authoring_tool>COLLADA Mixamo exporter</authoring_tool><comments></comments></contributor><created>2020-05-19T16:00:27Z</created><modified>2020-05-19T16:00:27Z</modified><revision></revision><title></title><unit meter="0.010000"/><up_axis>Y_UP</up_axis></asset>
  <library_animations>
    <animation id="mixamorig_Hips-anim" name="mixamorig_Hips"><source id="mixamorig_Hips-Matrix-animation-input"><float_array id="mixamorig_Hips-Matrix-animation-input-array" count="84">

0.000000 0.033333 0.066667 0.100000 0.133333 0.166667 0.200000 0.233333 0.266667 0.300000 0.333333 0.366667 0.400000 0.433333 0.466667 0.500000
0.533333 0.566667 0.600000 0.633333 0.666667 0.700000 0.733333 0.766667 0.800000 0.833333 0.866667 0.900000 0.933333 0.966667 1.000000 1.033333
1.066667 1.100000 1.133333 1.166667 1.200000 1.233333 1.266667 1.300000 1.333333 1.366667 1.400000 1.433333 1.466667 1.500000 1.533333 1.566667
1.600000 1.633333 1.666667 1.700000 1.733333 1.766667 1.800000 1.833333 1.866667 1.900000 1.933333 1.966667 2.000000 2.033333 2.066667 2.100000
2.133333 2.166667 2.200000 2.233333 2.266667 2.300000 2.333333 2.366667 2.400000 2.433333 2.466667 2.500000 2.533333 2.566667 2.600000 2.633333
2.666667 2.700000 2.733333 2.766667</float_array><technique_common><accessor source="#mixamorig_Hips-Matrix-animation-input-array" count="84"><param name="TIME" type="float"/></accessor></technique_common></source><source id="mixamorig_Hips-Matrix-animation-output-transform"><float_array id="mixamorig_Hips-Matrix-animation-output-transform-array" count="1344">

0.993028 0.012447 -0.117223 0.031557 -0.022538 0.996113 -0.085153 103.168129 0.115708 0.087202 0.989448 -0.724872 0.000000 0.000000 0.000000 1.000000
0.993379 0.012460 -0.114208 0.069375 -0.022161 0.996213 -0.084071 103.152481 0.112728 0.086045 0.989893 -1.001110 0.000000 0.000000 0.000000 1.000000
0.993794 0.012463 -0.110534 0.104411 -0.021685 0.996345 -0.082623 103.139366 0.109100 0.084507 0.990432 -1.192108 0.000000 0.000000 0.000000 1.000000
0.994347 0.012353 -0.105461 0.132969 -0.020916 0.996537 -0.080476 103.130234 0.104102 0.082227 0.991162 -1.356832 0.000000 0.000000 0.000000 1.000000
0.995066 0.011899 -0.098501 0.151402 -0.019565 0.996821 -0.077228 103.123985 0.097269 0.078774 0.992136 -1.502767 0.000000 0.000000 0.000000 1.000000
0.995889 0.010980 -0.089917 0.158423 -0.017562 0.997196 -0.072744 103.115799 0.088866 0.074024 0.993289 -1.635775 0.000000 0.000000 0.000000 1.000000
0.996355 0.010038 -0.084717 0.123017 -0.015920 0.997487 -0.069043 103.113647 0.083811 0.070140 0.994010 -1.746153 0.000000 0.000000 0.000000 1.000000
0.996709 0.009206 -0.080540 0.085988 -0.014504 0.997751 -0.065443 103.105911 0.079757 0.066396 0.994601 -1.844036 0.000000 0.000000 0.000000 1.000000
0.996950 0.008687 -0.077560 0.050880 -0.013514 0.997988 -0.061941 103.098915 0.076866 0.062800 0.995062 -1.933901 0.000000 0.000000 0.000000 1.000000
0.997108 0.008758 -0.075496 0.018213 -0.013168 0.998223 -0.058108 103.098206 0.074853 0.058934 0.995452 -2.023128 0.000000 0.000000 0.000000 1.000000
0.997212 0.009613 -0.074003 -0.012358 -0.013603 0.998470 -0.053602 103.104546 0.073375 0.054459 0.995816 -2.118690 0.000000 0.000000 0.000000 1.000000
0.997236 0.010980 -0.073483 -0.040103 -0.014583 0.998709 -0.048667 103.114441 0.072854 0.049604 0.996108 -2.223939 0.000000 0.000000 0.000000 1.000000
0.997131 0.012246 -0.074704 -0.063797 -0.015558 0.998914 -0.043913 103.123611 0.074085 0.044949 0.996238 -2.331462 0.000000 0.000000 0.000000 1.000000
0.996916 0.013051 -0.077381 -0.083345 -0.016161 0.999081 -0.039710 103.129997 0.076791 0.040838 0.996210 -2.457202 0.000000 0.000000 0.000000 1.000000
0.996710 0.013555 -0.079908 -0.102540 -0.016464 0.999221 -0.035869 103.133820 0.079360 0.037066 0.996157 -2.598334 0.000000 0.000000 0.000000 1.000000
0.996638 0.014165 -0.080692 -0.128148 -0.016782 0.999352 -0.031853 103.136688 0.080189 0.033100 0.996230 -2.715363 0.000000 0.000000 0.000000 1.000000
0.996728 0.015140 -0.079401 -0.163841 -0.017310 0.999493 -0.026712 103.140839 0.078956 0.027999 0.996485 -2.770490 0.000000 0.000000 0.000000 1.000000
0.996917 0.016280 -0.076754 -0.204790 -0.017783 0.999663 -0.018936 103.148506 0.076420 0.020243 0.996870 -2.736992 0.000000 0.000000 0.000000 1.000000
0.997168 0.016986 -0.073265 -0.243345 -0.017597 0.999815 -0.007713 103.157333 0.073121 0.008981 0.997283 -2.614912 0.000000 0.000000 0.000000 1.000000
0.997520 0.016850 -0.068342 -0.284753 -0.016523 0.999849 0.005343 103.159447 0.068422 -0.004201 0.997648 -2.446433 0.000000 0.000000 0.000000 1.000000
0.998033 0.016201 -0.060563 -0.348361 -0.015202 0.999741 0.016922 103.150230 0.060821 -0.015968 0.998021 -2.293125 0.000000 0.000000 0.000000 1.000000
0.998677 0.015743 -0.048946 -0.448561 -0.014551 0.999591 0.024605 103.137001 0.049314 -0.023860 0.998498 -2.189330 0.000000 0.000000 0.000000 1.000000
0.999289 0.015916 -0.034170 -0.581180 -0.014962 0.999496 0.028014 103.127586 0.034599 -0.027483 0.999023 -2.129261 0.000000 0.000000 0.000000 1.000000
0.999690 0.016569 -0.018587 -0.729869 -0.016042 0.999474 0.028179 103.123421 0.019044 -0.027872 0.999430 -2.093446 0.000000 0.000000 0.000000 1.000000
0.999837 0.017348 -0.005055 -0.879707 -0.017209 0.999502 0.026467 103.121483 0.005512 -0.026376 0.999637 -2.073894 0.000000 0.000000 0.000000 1.000000
0.999825 0.018168 0.004406 -1.022539 -0.018269 0.999547 0.023930 103.119576 -0.003969 -0.024006 0.999704 -2.076184 0.000000 0.000000 0.000000 1.000000
0.999775 0.019074 0.009313 -1.153877 -0.019268 0.999589 0.021227 103.118233 -0.008904 -0.021402 0.999731 -2.109881 0.000000 0.000000 0.000000 1.000000
0.999744 0.020029 0.010537 -1.269499 -0.020224 0.999621 0.018698 103.116898 -0.010158 -0.018907 0.999770 -2.181661 0.000000 0.000000 0.000000 1.000000
0.999735 0.020981 0.009469 -1.366839 -0.021134 0.999642 0.016408 103.113159 -0.009121 -0.016604 0.999821 -2.290300 0.000000 0.000000 0.000000 1.000000
0.999734 0.021912 0.007250 -1.445681 -0.022015 0.999654 0.014413 103.105804 -0.006932 -0.014568 0.999870 -2.423190 0.000000 0.000000 0.000000 1.000000
0.999730 0.022789 0.004592 -1.508741 -0.022847 0.999656 0.012871 103.096497 -0.004297 -0.012973 0.999907 -2.561055 0.000000 0.000000 0.000000 1.000000
0.999720 0.023585 0.002011 -1.560391 -0.023607 0.999653 0.011673 103.087563 -0.001735 -0.011718 0.999930 -2.688451 0.000000 0.000000 0.000000 1.000000
0.999704 0.024327 0.000059 -1.604179 -0.024327 0.999650 0.010358 103.079651 0.000193 -0.010356 0.999946 -2.799323 0.000000 0.000000 0.000000 1.000000
0.999686 0.025051 -0.000764 -1.640856 -0.025043 0.999649 0.008622 103.071251 0.000979 -0.008600 0.999963 -2.895733 0.000000 0.000000 0.000000 1.000000
0.999668 0.025745 -0.000433 -1.668516 -0.025741 0.999647 0.006650 103.061279 0.000604 -0.006637 0.999978 -2.981042 0.000000 0.000000 0.000000 1.000000
0.999651 0.026398 0.000508 -1.685996 -0.026400 0.999640 0.004793 103.050926 -0.000381 -0.004804 0.999988 -3.052839 0.000000 0.000000 0.000000 1.000000
0.999634 0.027009 0.001408 -1.695314 -0.027013 0.999630 0.003121 103.042206 -0.001323 -0.003158 0.999994 -3.104400 0.000000 0.000000 0.000000 1.000000
0.999618 0.027573 0.001882 -1.699160 -0.027576 0.999619 0.001420 103.036041 -0.001842 -0.001472 0.999997 -3.131585 0.000000 0.000000 0.000000 1.000000
0.999603 0.028100 0.001818 -1.697013 -0.028100 0.999605 -0.000506 103.032066 -0.001831 0.000455 0.999998 -3.134193 0.000000 0.000000 0.000000 1.000000
0.999590 0.028613 0.001247 -1.685721 -0.028609 0.999587 -0.002591 103.030190 -0.001321 0.002554 0.999996 -3.112225 0.000000 0.000000 0.000000 1.000000
0.999576 0.029104 0.000279 -1.663740 -0.029102 0.999566 -0.004549 103.030922 -0.000412 0.004539 0.999990 -3.065095 0.000000 0.000000 0.000000 1.000000
0.999563 0.029533 -0.000887 -1.633295 -0.029538 0.999545 -0.006174 103.034599 0.000704 0.006197 0.999981 -2.994362 0.000000 0.000000 0.000000 1.000000
0.999552 0.029855 -0.002019 -1.597411 -0.029869 0.999526 -0.007515 103.040314 0.001794 0.007572 0.999970 -2.904712 0.000000 0.000000 0.000000 1.000000
0.999544 0.030030 -0.003012 -1.557468 -0.030055 0.999510 -0.008764 103.046638 0.002747 0.008850 0.999957 -2.800897 0.000000 0.000000 0.000000 1.000000
0.999541 0.030043 -0.003936 -1.515093 -0.030082 0.999497 -0.010038 103.053040 0.003632 0.010152 0.999942 -2.684184 0.000000 0.000000 0.000000 1.000000
0.999539 0.029959 -0.004977 -1.472708 -0.030014 0.999486 -0.011306 103.060478 0.004635 0.011450 0.999924 -2.554330 0.000000 0.000000 0.000000 1.000000
0.999533 0.029889 -0.006365 -1.431190 -0.029967 0.999472 -0.012553 103.070282 0.005986 0.012738 0.999901 -2.414828 0.000000 0.000000 0.000000 1.000000
0.999519 0.029901 -0.008261 -1.388827 -0.030015 0.999452 -0.013929 103.081955 0.007840 0.014170 0.999869 -2.272441 0.000000 0.000000 0.000000 1.000000
0.999494 0.029982 -0.010640 -1.344013 -0.030146 0.999424 -0.015608 103.093811 0.010166 0.015921 0.999822 -2.131670 0.000000 0.000000 0.000000 1.000000
0.999458 0.030075 -0.013356 -1.297136 -0.030308 0.999385 -0.017626 103.104767 0.012817 0.018021 0.999755 -1.992904 0.000000 0.000000 0.000000 1.000000
0.999413 0.030098 -0.016335 -1.249222 -0.030421 0.999339 -0.019907 103.115211 0.015725 0.020392 0.999668 -1.855274 0.000000 0.000000 0.000000 1.000000
0.999358 0.029962 -0.019623 -1.200031 -0.030400 0.999286 -0.022437 103.125412 0.018937 0.023019 0.999556 -1.720431 0.000000 0.000000 0.000000 1.000000
0.999288 0.029683 -0.023299 -1.148680 -0.030272 0.999220 -0.025359 103.133911 0.022529 0.026046 0.999407 -1.595084 0.000000 0.000000 0.000000 1.000000
0.999189 0.029459 -0.027459 -1.096394 -0.030252 0.999123 -0.028944 103.139000 0.026583 0.029751 0.999204 -1.488742 0.000000 0.000000 0.000000 1.000000
0.999044 0.029602 -0.032182 -1.046559 -0.030680 0.998966 -0.033552 103.140427 0.031155 0.034507 0.998919 -1.408979 0.000000 0.000000 0.000000 1.000000
0.998838 0.030262 -0.037518 -1.000156 -0.031738 0.998720 -0.039383 103.139786 0.036278 0.040528 0.998520 -1.356491 0.000000 0.000000 0.000000 1.000000
0.998572 0.031116 -0.043436 -0.950049 -0.033112 0.998392 -0.046019 103.141167 0.041934 0.047392 0.997996 -1.319364 0.000000 0.000000 0.000000 1.000000
0.998270 0.031485 -0.049661 -0.885898 -0.034102 0.998025 -0.052748 103.149666 0.047903 0.054350 0.997372 -1.278131 0.000000 0.000000 0.000000 1.000000
0.997964 0.031036 -0.055717 -0.806514 -0.034352 0.997632 -0.059579 103.165581 0.053736 0.061371 0.996667 -1.223177 0.000000 0.000000 0.000000 1.000000
0.997671 0.030152 -0.061181 -0.721139 -0.034261 0.997147 -0.067262 103.183334 0.058979 0.069202 0.995858 -1.159997 0.000000 0.000000 0.000000 1.000000
0.997404 0.029377 -0.065741 -0.638904 -0.034366 0.996508 -0.076091 103.198189 0.063276 0.078153 0.994931 -1.093158 0.000000 0.000000 0.000000 1.000000
0.997189 0.028755 -0.069192 -0.562039 -0.034613 0.995779 -0.085007 103.209953 0.066455 0.087163 0.993975 -1.010113 0.000000 0.000000 0.000000 1.000000
0.997038 0.028151 -0.071579 -0.488143 -0.034715 0.995138 -0.092173 103.222694 0.068636 0.094385 0.993167 -0.888273 0.000000 0.000000 0.000000 1.000000
0.996924 0.027941 -0.073228 -0.416278 -0.034970 0.994715 -0.096536 103.240410 0.070144 0.098799 0.992632 -0.725131 0.000000 0.000000 0.000000 1.000000
0.996796 0.028481 -0.074740 -0.347862 -0.035794 0.994503 -0.098402 103.263458 0.071526 0.100762 0.992336 -0.616135 0.000000 0.000000 0.000000 1.000000
0.996605 0.029085 -0.077020 -0.282052 -0.036636 0.994461 -0.098516 103.290443 0.073728 0.101003 0.992150 -0.533030 0.000000 0.000000 0.000000 1.000000
0.996326 0.028559 -0.080744 -0.216435 -0.036395 0.994589 -0.097306 103.319054 0.077529 0.099887 0.991974 -0.472041 0.000000 0.000000 0.000000 1.000000
0.995973 0.026731 -0.085581 -0.155785 -0.034899 0.994826 -0.095411 103.345413 0.082588 0.098013 0.991752 -0.426590 0.000000 0.000000 0.000000 1.000000
0.995585 0.024567 -0.090595 -0.111232 -0.033112 0.995016 -0.094061 103.364868 0.087833 0.096645 0.991436 -0.385463 0.000000 0.000000 0.000000 1.000000
0.995179 0.022887 -0.095364 -0.083572 -0.031904 0.995048 -0.094132 103.375015 0.092737 0.096721 0.990982 -0.354326 0.000000 0.000000 0.000000 1.000000
0.994754 0.021799 -0.099942 -0.060863 -0.031373 0.994959 -0.095245 103.376427 0.097362 0.097881 0.990424 -0.329866 0.000000 0.000000 0.000000 1.000000
0.994326 0.021087 -0.104262 -0.036770 -0.031186 0.994873 -0.096201 103.371986 0.101699 0.098906 0.989886 -0.308799 0.000000 0.000000 0.000000 1.000000
0.993918 0.020533 -0.108189 -0.018946 -0.031029 0.994874 -0.096242 103.364677 0.105658 0.099013 0.989461 -0.294058 0.000000 0.000000 0.000000 1.000000
0.993537 0.019963 -0.111740 -0.017692 -0.030745 0.994943 -0.095621 103.356911 0.109266 0.098438 0.989126 -0.283601 0.000000 0.000000 0.000000 1.000000
0.993194 0.019251 -0.114866 -0.033645 -0.030278 0.995012 -0.095048 103.351120 0.112464 0.097879 0.988823 -0.280302 0.000000 0.000000 0.000000 1.000000
0.992914 0.018363 -0.117406 -0.057743 -0.029627 0.995044 -0.094924 103.348190 0.115081 0.097730 0.988537 -0.283502 0.000000 0.000000 0.000000 1.000000
0.992778 0.017193 -0.118724 -0.066796 -0.028532 0.995118 -0.094477 103.334373 0.116520 0.097182 0.988422 -0.293931 0.000000 0.000000 0.000000 1.000000
0.992745 0.016058 -0.119158 -0.058673 -0.027300 0.995261 -0.093324 103.309662 0.117095 0.095900 0.988480 -0.313261 0.000000 0.000000 0.000000 1.000000
0.992687 0.015150 -0.119761 -0.046343 -0.026257 0.995439 -0.091712 103.283737 0.117826 0.094186 0.988558 -0.339373 0.000000 0.000000 0.000000 1.000000
0.992585 0.014278 -0.120712 -0.030061 -0.025255 0.995631 -0.089896 103.258270 0.118901 0.092278 0.988609 -0.378612 0.000000 0.000000 0.000000 1.000000
0.992496 0.013407 -0.121542 -0.011367 -0.024271 0.995794 -0.088349 103.233795 0.119847 0.090636 0.988646 -0.419163 0.000000 0.000000 0.000000 1.000000
0.992519 0.012741 -0.121427 0.005128 -0.023451 0.995916 -0.087189 103.210190 0.119820 0.089384 0.988764 -0.507853 0.000000 0.000000 0.000000 1.000000
0.992707 0.012443 -0.119907 0.017900 -0.022894 0.996016 -0.086185 103.188042 0.118356 0.088301 0.989037 -0.616332 0.000000 0.000000 0.000000 1.000000
0.993028 0.012447 -0.117223 0.031557 -0.022538 0.996113 -0.085153 103.168129 0.115708 0.087202 0.989448 -0.724872 0.000000 0.000000 0.000000 1.000000</float_array><technique_common><accessor source="#mixamorig_Hips-Matrix-animation-output-transform-array" count="84" stride="16"><param type="float4x4"/></accessor></technique_common></source><source id="mixamorig_Hips-Interpolations"><Name_array id="mixamorig_Hips-Interpolations-array" count="84">
 LINEAR LINEAR LINEAR LINEAR LINEAR LINEAR LINEAR LINEAR LINEAR LINEAR LINEAR
LINEAR LINEAR LINEAR LINEAR LINEAR LINEAR LINEAR LINEAR LINEAR LINEAR LINEAR LINEAR
LINEAR LINEAR LINEAR LINEAR LINEAR LINEAR LINEAR LINEAR LINEAR LINEAR LINEAR LINEAR
LINEAR LINEAR LINEAR LINEAR LINEAR LINEAR LINEAR LINEAR LINEAR LINEAR LINEAR LINEAR
LINEAR LINEAR LINEAR LINEAR LINEAR LINEAR LINEAR LINEAR LINEAR LINEAR LINEAR LINEAR
LINEAR LINEAR LINEAR LINEAR LINEAR LINEAR LINEAR LINEAR LINEAR LINEAR LINEAR LINEAR
LINEAR LINEAR LINEAR LINEAR LINEAR LINEAR LINEAR LINEAR LINEAR LINEAR LINEAR LINEAR
LINEAR</Name_array><technique_common><accessor source="#mixamorig_Hips-Interpolations-array" count="84"><param type="name"/></accessor></technique_common></source><sampler id="mixamorig_Hips-Matrix-animation-transform"><input semantic="INPUT" source="#mixamorig_Hips-Matrix-animation-input"/><input semantic="OUTPUT" source="#mixamorig_Hips-Matrix-animation-output-transform"/><input semantic="INTERPOLATION" source="#mixamorig_Hips-Interpolations"/></sampler><channel source="#mixamorig_Hips-Matrix-animation-transform" target="mixamorig_Hips/matrix"/></animation>
    <animation id="mixamorig_Spine-anim" name="mixamorig_Spine"><source id="mixamorig_Spine-Matrix-animation-input"><float_array id="mixamorig_Spine-Matrix-animation-input-array" count="84">

0.000000 0.033333 0.066667 0.100000 0.133333 0.166667 0.200000 0.233333 0.266667 0.300000 0.333333 0.366667 0.400000 0.433333 0.466667 0.500000
0.533333 0.566667 0.600000 0.633333 0.666667 0.700000 0.733333 0.766667 0.800000 0.833333 0.866667 0.900000 0.933333 0.966667 1.000000 1.033333
1.066667 1.100000 1.133333 1.166667 1.200000 1.233333 1.266667 1.300000 1.333333 1.366667 1.400000 1.433333 1.466667 1.500000 1.533333 1.566667
1.600000 1.633333 1.666667 1.700000 1.733333 1.766667 1.800000 1.833333 1.866667 1.900000 1.933333 1.966667 2.000000 2.033333 2.066667 2.100000
2.133333 2.166667 2.200000 2.233333 2.266667 2.300000 2.333333 2.366667 2.400000 2.433333 2.466667 2.500000 2.533333 2.566667 2.600000 2.633333
2.666667 2.700000 2.733333 2.766667</float_array><technique_common><accessor source="#mixamorig_Spine-Matrix-animation-input-array" count="84"><param name="TIME" type="float"/></accessor></technique_common></source><source id="mixamorig_Spine-Matrix-animation-output-transform"><float_array id="mixamorig_Spine-Matrix-animation-output-transform-array" count="1344">

0.999607 -0.020772 -0.018842 0.000000 0.022354 0.995865 0.088047 10.997300 0.016935 -0.088434 0.995938 -0.803100 0.000000 0.000000 0.000000 1.000000
0.999610 -0.020978 -0.018451 0.000000 0.022532 0.995819 0.088523 10.997300 0.016517 -0.088904 0.995903 -0.803100 0.000000 0.000000 0.000000 1.000000
0.999609 -0.021078 -0.018373 0.000000 0.022631 0.995785 0.088884 10.997300 0.016422 -0.089266 0.995872 -0.803100 0.000000 0.000000 0.000000 1.000000
0.999605 -0.021023 -0.018639 0.000000 0.022602 0.995774 0.089012 10.997300 0.016689 -0.089398 0.995856 -0.803100 0.000000 0.000000 0.000000 1.000000
0.999601 -0.020781 -0.019131 -0.000000 0.022399 0.995806 0.088701 10.997300 0.017208 -0.089094 0.995875 -0.803100 0.000000 0.000000 0.000000 1.000000
0.999598 -0.020449 -0.019617 -0.000000 0.022102 0.995866 0.088103 10.997300 0.017734 -0.088501 0.995918 -0.803100 0.000000 0.000000 0.000000 1.000000
0.999598 -0.020085 -0.020033 -0.000000 0.021762 0.995940 0.087353 10.997300 0.018197 -0.087753 0.995976 -0.803100 0.000000 0.000000 0.000000 1.000000
0.999604 -0.019770 -0.020028 0.000000 0.021434 0.996015 0.086574 10.997300 0.018236 -0.086969 0.996044 -0.803100 0.000000 0.000000 0.000000 1.000000
0.999613 -0.019612 -0.019716 0.000000 0.021241 0.996059 0.086111 10.997300 0.017949 -0.086496 0.996090 -0.803100 0.000000 0.000000 0.000000 1.000000
0.999618 -0.019691 -0.019380 0.000000 0.021289 0.996066 0.086016 10.997300 0.017610 -0.086396 0.996105 -0.803100 0.000000 0.000000 0.000000 1.000000
0.999613 -0.020083 -0.019240 0.000000 0.021671 0.996035 0.086286 10.997300 0.017431 -0.086670 0.996085 -0.803100 0.000000 0.000000 0.000000 1.000000
0.999597 -0.020840 -0.019289 0.000000 0.022442 0.995961 0.086935 10.997300 0.017399 -0.087333 0.996027 -0.803100 0.000000 0.000000 0.000000 1.000000
0.999574 -0.021953 -0.019212 0.000000 0.023563 0.995840 0.088021 10.997300 0.017200 -0.088437 0.995933 -0.803100 0.000000 0.000000 0.000000 1.000000
0.999558 -0.023311 -0.018426 -0.000000 0.024871 0.995669 0.089585 10.997300 0.016257 -0.090004 0.995809 -0.803100 0.000000 0.000000 0.000000 1.000000
0.999563 -0.024694 -0.016228 0.000000 0.026079 0.995460 0.091542 10.997300 0.013893 -0.091926 0.995669 -0.803100 0.000000 0.000000 0.000000 1.000000
0.999595 -0.025791 -0.012022 0.000000 0.026805 0.995246 0.093631 10.997300 0.009550 -0.093915 0.995534 -0.803100 0.000000 0.000000 0.000000 1.000000
0.999640 -0.026259 -0.005547 0.000000 0.026669 0.995075 0.095474 10.997300 0.003013 -0.095588 0.995416 -0.803100 0.000000 0.000000 0.000000 1.000000
0.999662 -0.025818 0.002954 0.000000 0.025411 0.994984 0.096751 10.997300 -0.005437 -0.096643 0.995304 -0.803100 0.000000 0.000000 0.000000 1.000000
0.999622 -0.024357 0.012716 0.000000 0.023005 0.994982 0.097375 10.997300 -0.015024 -0.097046 0.995167 -0.803100 0.000000 0.000000 0.000000 1.000000
0.999502 -0.021994 0.022612 0.000000 0.019688 0.995034 0.097567 10.997300 -0.024646 -0.097073 0.994972 -0.803100 0.000000 0.000000 0.000000 1.000000
0.999323 -0.019055 0.031487 0.000000 0.015894 0.995083 0.097760 10.997300 -0.033195 -0.097193 0.994712 -0.803100 0.000000 0.000000 0.000000 1.000000
0.999131 -0.015990 0.038495 -0.000000 0.012134 0.995073 0.098399 10.997300 -0.039879 -0.097846 0.994402 -0.803100 0.000000 0.000000 0.000000 1.000000
0.998974 -0.013267 0.043303 0.000000 0.008891 0.994974 0.099737 10.997300 -0.044409 -0.099249 0.994071 -0.803100 0.000000 0.000000 0.000000 1.000000
0.998874 -0.011250 0.046086 0.000000 0.006510 0.994790 0.101738 10.997300 -0.046990 -0.101324 0.993743 -0.803100 0.000000 0.000000 0.000000 1.000000
0.998827 -0.010096 0.047353 0.000000 0.005117 0.994553 0.104109 10.997300 -0.048146 -0.103745 0.993438 -0.803100 0.000000 0.000000 0.000000 1.000000
0.998814 -0.009729 0.047712 0.000000 0.004603 0.994312 0.106405 10.997300 -0.048476 -0.106059 0.993177 -0.803100 0.000000 0.000000 0.000000 1.000000
0.998814 -0.009894 0.047675 0.000000 0.004684 0.994121 0.108170 10.997300 -0.048465 -0.107819 0.992989 -0.803100 0.000000 0.000000 0.000000 1.000000
0.998816 -0.010269 0.047547 0.000000 0.005028 0.994023 0.109057 10.997300 -0.048383 -0.108688 0.992898 -0.803100 0.000000 0.000000 0.000000 1.000000
0.998819 -0.010594 0.047426 -0.000000 0.005372 0.994037 0.108908 10.997300 -0.048297 -0.108525 0.992920 -0.803100 0.000000 0.000000 0.000000 1.000000
0.998825 -0.010747 0.047252 0.000000 0.005598 0.994158 0.107789 10.997300 -0.048135 -0.107398 0.993050 -0.803100 0.000000 0.000000 0.000000 1.000000
0.998842 -0.010732 0.046900 0.000000 0.005709 0.994355 0.105948 10.997300 -0.047772 -0.105558 0.993265 -0.803100 0.000000 0.000000 0.000000 1.000000
0.998874 -0.010600 0.046248 0.000000 0.005752 0.994589 0.103728 10.997300 -0.047097 -0.103345 0.993530 -0.803100 0.000000 0.000000 0.000000 1.000000
0.998922 -0.010378 0.045241 0.000000 0.005741 0.994823 0.101456 10.997300 -0.046060 -0.101087 0.993811 -0.803100 0.000000 0.000000 0.000000 1.000000
0.998985 -0.010048 0.043914 0.000000 0.005640 0.995035 0.099362 10.997300 -0.044695 -0.099014 0.994082 -0.803100 0.000000 0.000000 0.000000 1.000000
0.999056 -0.009572 0.042380 0.000000 0.005396 0.995215 0.097564 10.997300 -0.043111 -0.097243 0.994327 -0.803100 0.000000 0.000000 0.000000 1.000000
0.999128 -0.008948 0.040787 0.000000 0.004991 0.995360 0.096093 10.997300 -0.041458 -0.095805 0.994536 -0.803100 0.000000 0.000000 0.000000 1.000000
0.999195 -0.008227 0.039263 0.000000 0.004466 0.995473 0.094942 10.997300 -0.039867 -0.094691 0.994708 -0.803100 0.000000 0.000000 0.000000 1.000000
0.999254 -0.007511 0.037884 0.000000 0.003916 0.995555 0.094097 10.997300 -0.038423 -0.093878 0.994842 -0.803100 0.000000 0.000000 0.000000 1.000000
0.999303 -0.006921 0.036669 -0.000000 0.003463 0.995610 0.093530 10.997300 -0.037155 -0.093338 0.994941 -0.803100 0.000000 0.000000 0.000000 1.000000
0.999345 -0.006540 0.035600 0.000000 0.003195 0.995642 0.093203 10.997300 -0.036055 -0.093028 0.995010 -0.803100 0.000000 0.000000 0.000000 1.000000
0.999379 -0.006383 0.034641 0.000000 0.003134 0.995655 0.093061 10.997300 -0.035084 -0.092895 0.995058 -0.803100 0.000000 0.000000 0.000000 1.000000
0.999410 -0.006394 0.033746 0.000000 0.003228 0.995657 0.093046 10.997300 -0.034194 -0.092882 0.995090 -0.803100 0.000000 0.000000 0.000000 1.000000
0.999438 -0.006473 0.032884 0.000000 0.003385 0.995650 0.093107 10.997300 -0.033344 -0.092944 0.995113 -0.803100 0.000000 0.000000 0.000000 1.000000
0.999465 -0.006538 0.032047 0.000000 0.003524 0.995641 0.093207 10.997300 -0.032516 -0.093044 0.995131 -0.803100 0.000000 0.000000 0.000000 1.000000
0.999490 -0.006556 0.031251 0.000000 0.003613 0.995630 0.093313 10.997300 -0.031726 -0.093152 0.995146 -0.803100 0.000000 0.000000 0.000000 1.000000
0.999513 -0.006566 0.030501 -0.000000 0.003691 0.995623 0.093384 10.997300 -0.030981 -0.093226 0.995163 -0.803100 0.000000 0.000000 0.000000 1.000000
0.999536 -0.006640 0.029726 0.000000 0.003837 0.995626 0.093354 10.997300 -0.030216 -0.093196 0.995189 -0.803100 0.000000 0.000000 0.000000 1.000000
0.999564 -0.006843 0.028740 0.000000 0.004139 0.995646 0.093119 10.997300 -0.029252 -0.092960 0.995240 -0.803100 0.000000 0.000000 0.000000 1.000000
0.999603 -0.007190 0.027251 0.000000 0.004639 0.995697 0.092555 10.997300 -0.027799 -0.092392 0.995335 -0.803100 0.000000 0.000000 0.000000 1.000000
0.999660 -0.007628 0.024947 0.000000 0.005314 0.995787 0.091546 10.997300 -0.025540 -0.091382 0.995488 -0.803100 0.000000 0.000000 0.000000 1.000000
0.999734 -0.008054 0.021614 -0.000000 0.006077 0.995920 0.090040 10.997300 -0.022251 -0.089885 0.995704 -0.803100 0.000000 0.000000 0.000000 1.000000
0.999817 -0.008348 0.017238 0.000000 0.006798 0.996090 0.088084 10.997300 -0.017906 -0.087950 0.995964 -0.803100 0.000000 0.000000 0.000000 1.000000
0.999892 -0.008416 0.012039 0.000000 0.007353 0.996284 0.085820 10.997300 -0.012716 -0.085722 0.996238 -0.803100 0.000000 0.000000 0.000000 1.000000
0.999946 -0.008222 0.006430 0.000000 0.007656 0.996483 0.083447 10.997300 -0.007094 -0.083393 0.996491 -0.803100 0.000000 0.000000 0.000000 1.000000
0.999969 -0.007780 0.000910 0.000000 0.007680 0.996671 0.081169 10.997300 -0.001539 -0.081160 0.996700 -0.803100 0.000000 0.000000 0.000000 1.000000
0.999966 -0.007139 -0.004078 0.000000 0.007440 0.996835 0.079153 10.997300 0.003500 -0.079181 0.996854 -0.803100 0.000000 0.000000 0.000000 1.000000
0.999946 -0.006366 -0.008275 0.000000 0.006988 0.996966 0.077522 10.997300 0.007756 -0.077576 0.996956 -0.803100 0.000000 0.000000 0.000000 1.000000
0.999916 -0.005547 -0.011676 0.000000 0.006423 0.997060 0.076359 10.997300 0.011218 -0.076428 0.997012 -0.803100 0.000000 0.000000 0.000000 1.000000
0.999883 -0.004829 -0.014511 -0.000000 0.005914 0.997114 0.075691 10.997300 0.014104 -0.075768 0.997026 -0.803100 0.000000 0.000000 0.000000 1.000000
0.999844 -0.004390 -0.017130 0.000000 0.005670 0.997134 0.075442 10.997300 0.016750 -0.075527 0.997003 -0.803100 0.000000 0.000000 0.000000 1.000000
0.999794 -0.004369 -0.019839 -0.000000 0.005853 0.997138 0.075380 10.997300 0.019452 -0.075480 0.996958 -0.803100 0.000000 0.000000 0.000000 1.000000
0.999729 -0.004819 -0.022761 -0.000000 0.006518 0.997152 0.075138 10.997300 0.022334 -0.075266 0.996913 -0.803100 0.000000 0.000000 0.000000 1.000000
0.999651 -0.005675 -0.025790 0.000000 0.007579 0.997205 0.074334 10.997300 0.025296 -0.074504 0.996900 -0.803100 0.000000 0.000000 0.000000 1.000000
0.999567 -0.006779 -0.028650 0.000000 0.008848 0.997311 0.072746 10.997300 0.028080 -0.072968 0.996939 -0.803100 0.000000 0.000000 0.000000 1.000000
0.999486 -0.007960 -0.031042 -0.000000 0.010132 0.997465 0.070436 10.997300 0.030403 -0.070714 0.997033 -0.803100 0.000000 0.000000 0.000000 1.000000
0.999421 -0.009090 -0.032789 -0.000000 0.011296 0.997638 0.067753 10.997300 0.032096 -0.068084 0.997163 -0.803100 0.000000 0.000000 0.000000 1.000000
0.999375 -0.010065 -0.033882 0.000000 0.012259 0.997797 0.065201 10.997300 0.033151 -0.065576 0.997297 -0.803100 0.000000 0.000000 0.000000 1.000000
0.999349 -0.010814 -0.034423 -0.000000 0.012978 0.997913 0.063256 10.997300 0.033667 -0.063662 0.997404 -0.803100 0.000000 0.000000 0.000000 1.000000
0.999340 -0.011309 -0.034506 -0.000000 0.013441 0.997973 0.062197 10.997300 0.033733 -0.062620 0.997467 -0.803100 0.000000 0.000000 0.000000 1.000000
0.999350 -0.011574 -0.034154 0.000000 0.013679 0.997980 0.062033 10.997300 0.033367 -0.062460 0.997490 -0.803100 0.000000 0.000000 0.000000 1.000000
0.999375 -0.011696 -0.033345 0.000000 0.013766 0.997947 0.062545 10.997300 0.032545 -0.062965 0.997485 -0.803100 0.000000 0.000000 0.000000 1.000000
0.999414 -0.011789 -0.032126 -0.000000 0.013810 0.997891 0.063425 10.997300 0.031310 -0.063831 0.997469 -0.803100 0.000000 0.000000 0.000000 1.000000
0.999457 -0.011954 -0.030689 -0.000000 0.013913 0.997825 0.064437 10.997300 0.029852 -0.064829 0.997450 -0.803100 0.000000 0.000000 0.000000 1.000000
0.999494 -0.012248 -0.029370 0.000000 0.014152 0.997750 0.065527 10.997300 0.028501 -0.065910 0.997418 -0.803100 0.000000 0.000000 0.000000 1.000000
0.999515 -0.012782 -0.028385 -0.000000 0.014665 0.997635 0.067153 10.997300 0.027460 -0.067537 0.997339 -0.803100 0.000000 0.000000 0.000000 1.000000
0.999527 -0.013524 -0.027617 -0.000000 0.015412 0.997474 0.069336 10.997300 0.026609 -0.069729 0.997211 -0.803100 0.000000 0.000000 0.000000 1.000000
0.999533 -0.014408 -0.026955 0.000000 0.016315 0.997278 0.071908 10.997300 0.025846 -0.072314 0.997047 -0.803100 0.000000 0.000000 0.000000 1.000000
0.999537 -0.015367 -0.026253 -0.000000 0.017289 0.997062 0.074620 10.997300 0.025029 -0.075040 0.996866 -0.803100 0.000000 0.000000 0.000000 1.000000
0.999542 -0.016378 -0.025429 0.000000 0.018301 0.996838 0.077330 10.997300 0.024082 -0.077760 0.996681 -0.803100 0.000000 0.000000 0.000000 1.000000
0.999552 -0.017521 -0.024276 -0.000000 0.019412 0.996604 0.080017 10.997300 0.022792 -0.080452 0.996498 -0.803100 0.000000 0.000000 0.000000 1.000000
0.999564 -0.018688 -0.022840 0.000000 0.020513 0.996380 0.082504 10.997300 0.021215 -0.082937 0.996329 -0.803100 0.000000 0.000000 0.000000 1.000000
0.999578 -0.019664 -0.021378 0.000000 0.021408 0.996178 0.084685 10.997300 0.019631 -0.085107 0.996178 -0.803100 0.000000 0.000000 0.000000 1.000000
0.999592 -0.020361 -0.020025 0.000000 0.022021 0.996005 0.086545 10.997300 0.018183 -0.086950 0.996047 -0.803100 0.000000 0.000000 0.000000 1.000000
0.999607 -0.020772 -0.018842 0.000000 0.022354 0.995865 0.088047 10.997300 0.016935 -0.088434 0.995938 -0.803100 0.000000 0.000000 0.000000 1.000000</float_array><technique_common><accessor source="#mixamorig_Spine-Matrix-animation-output-transform-array" count="84" stride="16"><param type="float4x4"/></accessor></technique_common></source><source id="mixamorig_Spine-Interpolations"><Name_array id="mixamorig_Spine-Interpolations-array" count="84">
 LINEAR LINEAR LINEAR LINEAR LINEAR LINEAR LINEAR LINEAR LINEAR LINEAR LINEAR
LINEAR LINEAR LINEAR LINEAR LINEAR LINEAR LINEAR LINEAR LINEAR LINEAR LINEAR LINEAR
LINEAR LINEAR LINEAR LINEAR LINEAR LINEAR LINEAR LINEAR LINEAR LINEAR LINEAR LINEAR
LINEAR LINEAR LINEAR LINEAR LINEAR LINEAR LINEAR LINEAR LINEAR LINEAR LINEAR LINEAR
LINEAR LINEAR LINEAR LINEAR LINEAR LINEAR LINEAR LINEAR LINEAR LINEAR LINEAR LINEAR
LINEAR LINEAR LINEAR LINEAR LINEAR LINEAR LINEAR LINEAR LINEAR LINEAR LINEAR LINEAR
LINEAR LINEAR LINEAR LINEAR LINEAR LINEAR LINEAR LINEAR LINEAR LINEAR LINEAR LINEAR
LINEAR</Name_array><technique_common><accessor source="#mixamorig_Spine-Interpolations-array" count="84"><param type="name"/></accessor></technique_common></source><sampler id="mixamorig_Spine-Matrix-animation-transform"><input semantic="INPUT" source="#mixamorig_Spine-Matrix-animation-input"/><input semantic="OUTPUT" source="#mixamorig_Spine-Matrix-animation-output-transform"/><input semantic="INTERPOLATION" source="#mixamorig_Spine-Interpolations"/></sampler><channel source="#mixamorig_Spine-Matrix-animation-transform" target="mixamorig_Spine/matrix"/></animation>
    <animation id="mixamorig_Spine1-anim" name="mixamorig_Spine1"><source id="mixamorig_Spine1-Matrix-animation-input"><float_array id="mixamorig_Spine1-Matrix-animation-input-array" count="84">

0.000000 0.033333 0.066667 0.100000 0.133333 0.166667 0.200000 0.233333 0.266667 0.300000 0.333333 0.366667 0.400000 0.433333 0.466667 0.500000
0.533333 0.566667 0.600000 0.633333 0.666667 0.700000 0.733333 0.766667 0.800000 0.833333 0.866667 0.900000 0.933333 0.966667 1.000000 1.033333
1.066667 1.100000 1.133333 1.166667 1.200000 1.233333 1.266667 1.300000 1.333333 1.366667 1.400000 1.433333 1.466667 1.500000 1.533333 1.566667
1.600000 1.633333 1.666667 1.700000 1.733333 1.766667 1.800000 1.833333 1.866667 1.900000 1.933333 1.966667 2.000000 2.033333 2.066667 2.100000
2.133333 2.166667 2.200000 2.233333 2.266667 2.300000 2.333333 2.366667 2.400000 2.433333 2.466667 2.500000 2.533333 2.566667 2.600000 2.633333
2.666667 2.700000 2.733333 2.766667</float_array><technique_common><accessor source="#mixamorig_Spine1-Matrix-animation-input-array" count="84"><param name="TIME" type="float"/></accessor></technique_common></source><source id="mixamorig_Spine1-Matrix-animation-output-transform"><float_array id="mixamorig_Spine1-Matrix-animation-output-transform-array" count="1344">

0.999797 -0.014473 -0.014013 0.000000 0.014822 0.999574 0.025148 12.864400 0.013643 -0.025351 0.999586 0.000000 0.000000 0.000000 0.000000 1.000000
0.999799 -0.014654 -0.013679 0.000000 0.015001 0.999559 0.025625 12.864400 0.013297 -0.025825 0.999578 0.000000 0.000000 0.000000 0.000000 1.000000
0.999800 -0.014706 -0.013582 -0.000000 0.015056 0.999547 0.026067 12.864400 0.013192 -0.026266 0.999568 0.000000 0.000000 0.000000 0.000000 1.000000
0.999800 -0.014550 -0.013741 -0.000000 0.014910 0.999540 0.026403 12.864400 0.013351 -0.026603 0.999557 -0.000000 0.000000 0.000000 0.000000 1.000000
0.999801 -0.014126 -0.014069 0.000000 0.014495 0.999544 0.026482 12.864400 0.013688 -0.026680 0.999550 0.000000 0.000000 0.000000 0.000000 1.000000
0.999804 -0.013586 -0.014396 0.000000 0.013962 0.999555 0.026351 12.864400 0.014031 -0.026547 0.999549 0.000000 0.000000 0.000000 0.000000 1.000000
0.999808 -0.013009 -0.014675 0.000000 0.013389 0.999570 0.026091 12.864400 0.014329 -0.026283 0.999552 -0.000000 0.000000 0.000000 0.000000 1.000000
0.999814 -0.012559 -0.014652 0.000000 0.012933 0.999586 0.025710 12.864400 0.014323 -0.025895 0.999562 0.000000 0.000000 0.000000 0.000000 1.000000
0.999820 -0.012345 -0.014407 0.000000 0.012710 0.999594 0.025507 12.864400 0.014086 -0.025685 0.999571 0.000000 0.000000 0.000000 0.000000 1.000000
0.999822 -0.012434 -0.014158 -0.000000 0.012793 0.999593 0.025517 12.864400 0.013835 -0.025693 0.999574 0.000000 0.000000 0.000000 0.000000 1.000000
0.999818 -0.012860 -0.014072 0.000000 0.013219 0.999582 0.025728 12.864400 0.013736 -0.025909 0.999570 -0.000000 0.000000 0.000000 0.000000 1.000000
0.999807 -0.013619 -0.014142 0.000000 0.013985 0.999561 0.026136 12.864400 0.013780 -0.026329 0.999558 -0.000000 0.000000 0.000000 0.000000 1.000000
0.999793 -0.014664 -0.014118 0.000000 0.015038 0.999529 0.026767 12.864400 0.013719 -0.026973 0.999542 0.000000 0.000000 0.000000 0.000000 1.000000
0.999782 -0.015885 -0.013546 0.000000 0.016255 0.999486 0.027643 12.864400 0.013100 -0.027857 0.999526 0.000000 0.000000 0.000000 0.000000 1.000000
0.999783 -0.017105 -0.011881 0.000000 0.017440 0.999436 0.028714 12.864400 0.011383 -0.028915 0.999517 0.000000 0.000000 0.000000 0.000000 1.000000
0.999799 -0.018092 -0.008664 0.000000 0.018342 0.999387 0.029810 12.864400 0.008120 -0.029963 0.999518 0.000000 0.000000 0.000000 0.000000 1.000000
0.999820 -0.018599 -0.003702 0.000000 0.018703 0.999354 0.030687 12.864400 0.003129 -0.030751 0.999522 0.000000 0.000000 0.000000 0.000000 1.000000
0.999826 -0.018434 0.002816 -0.000000 0.018338 0.999347 0.031142 12.864400 -0.003388 -0.031085 0.999511 -0.000000 0.000000 0.000000 0.000000 1.000000
0.999793 -0.017534 0.010298 -0.000000 0.017206 0.999367 0.031153 12.864400 -0.010838 -0.030969 0.999462 0.000000 0.000000 0.000000 0.000000 1.000000
0.999712 -0.016001 0.017889 0.000000 0.015442 0.999402 0.030924 12.864400 -0.018373 -0.030639 0.999362 -0.000000 0.000000 0.000000 0.000000 1.000000
0.999596 -0.014074 0.024710 0.000000 0.013310 0.999436 0.030824 12.864400 -0.025130 -0.030482 0.999219 0.000000 0.000000 0.000000 0.000000 1.000000
0.999474 -0.012059 0.030119 0.000000 0.011119 0.999451 0.031209 12.864400 -0.030478 -0.030857 0.999059 0.000000 0.000000 0.000000 0.000000 1.000000
0.999374 -0.010239 0.033860 0.000000 0.009146 0.999437 0.032267 12.864400 -0.034171 -0.031937 0.998906 0.000000 0.000000 0.000000 0.000000 1.000000
0.999311 -0.008810 0.036063 0.000000 0.007586 0.999395 0.033936 12.864400 -0.036340 -0.033639 0.998773 0.000000 0.000000 0.000000 0.000000 1.000000
0.999280 -0.007856 0.037110 0.000000 0.006522 0.999333 0.035933 12.864400 -0.037367 -0.035666 0.998665 0.000000 0.000000 0.000000 0.000000 1.000000
0.999271 -0.007347 0.037456 0.000000 0.005928 0.999266 0.037857 12.864400 -0.037707 -0.037607 0.998581 -0.000000 0.000000 0.000000 0.000000 1.000000
0.999272 -0.007167 0.037482 0.000000 0.005692 0.999211 0.039313 12.864400 -0.037734 -0.039071 0.998524 -0.000000 0.000000 0.000000 0.000000 1.000000
0.999274 -0.007166 0.037417 -0.000000 0.005666 0.999183 0.040021 12.864400 -0.037673 -0.039779 0.998498 0.000000 0.000000 0.000000 0.000000 1.000000
0.999277 -0.007215 0.037332 0.000000 0.005725 0.999188 0.039874 12.864400 -0.037590 -0.039631 0.998507 -0.000000 0.000000 0.000000 0.000000 1.000000
0.999282 -0.007241 0.037190 0.000000 0.005791 0.999224 0.038953 12.864400 -0.037443 -0.038710 0.998549 0.000000 0.000000 0.000000 0.000000 1.000000
0.999293 -0.007220 0.036901 0.000000 0.005836 0.999280 0.037483 12.864400 -0.037145 -0.037241 0.998616 0.000000 0.000000 0.000000 0.000000 1.000000
0.999312 -0.007155 0.036383 0.000000 0.005854 0.999344 0.035747 12.864400 -0.036615 -0.035509 0.998698 -0.000000 0.000000 0.000000 0.000000 1.000000
0.999341 -0.007038 0.035597 -0.000000 0.005828 0.999405 0.034000 12.864400 -0.035815 -0.033770 0.998788 -0.000000 0.000000 0.000000 0.000000 1.000000
0.999379 -0.006843 0.034573 0.000000 0.005722 0.999458 0.032409 12.864400 -0.034776 -0.032191 0.998877 0.000000 0.000000 0.000000 0.000000 1.000000
0.999421 -0.006538 0.033394 -0.000000 0.005502 0.999503 0.031044 12.864400 -0.033580 -0.030842 0.998960 0.000000 0.000000 0.000000 0.000000 1.000000
0.999464 -0.006120 0.032171 0.000000 0.005157 0.999539 0.029917 12.864400 -0.032339 -0.029736 0.999035 -0.000000 0.000000 0.000000 0.000000 1.000000
0.999504 -0.005621 0.030998 0.000000 0.004722 0.999568 0.029020 12.864400 -0.031148 -0.028859 0.999098 -0.000000 0.000000 0.000000 0.000000 1.000000
0.999539 -0.005118 0.029932 0.000000 0.004269 0.999589 0.028343 12.864400 -0.030065 -0.028203 0.999150 0.000000 0.000000 0.000000 0.000000 1.000000
0.999569 -0.004696 0.028988 0.000000 0.003888 0.999604 0.027882 12.864400 -0.029108 -0.027757 0.999191 0.000000 0.000000 0.000000 0.000000 1.000000
0.999594 -0.004422 0.028155 0.000000 0.003644 0.999612 0.027614 12.864400 -0.028266 -0.027500 0.999222 -0.000000 0.000000 0.000000 0.000000 1.000000
0.999615 -0.004311 0.027404 0.000000 0.003557 0.999615 0.027500 12.864400 -0.027512 -0.027392 0.999246 0.000000 0.000000 0.000000 0.000000 1.000000
0.999634 -0.004323 0.026705 0.000000 0.003589 0.999616 0.027490 12.864400 -0.026813 -0.027384 0.999265 -0.000000 0.000000 0.000000 0.000000 1.000000
0.999652 -0.004389 0.026030 0.000000 0.003672 0.999614 0.027533 12.864400 -0.026141 -0.027428 0.999282 0.000000 0.000000 0.000000 0.000000 1.000000
0.999668 -0.004443 0.025374 0.000000 0.003743 0.999612 0.027588 12.864400 -0.025487 -0.027484 0.999297 0.000000 0.000000 0.000000 0.000000 1.000000
0.999684 -0.004461 0.024750 0.000000 0.003776 0.999611 0.027626 12.864400 -0.024863 -0.027524 0.999312 0.000000 0.000000 0.000000 0.000000 1.000000
0.999698 -0.004460 0.024157 0.000000 0.003792 0.999611 0.027621 12.864400 -0.024271 -0.027521 0.999327 -0.000000 0.000000 0.000000 0.000000 1.000000
0.999713 -0.004489 0.023544 0.000000 0.003840 0.999613 0.027543 12.864400 -0.023659 -0.027444 0.999343 0.000000 0.000000 0.000000 0.000000 1.000000
0.999730 -0.004589 0.022766 0.000000 0.003966 0.999618 0.027348 12.864400 -0.022883 -0.027250 0.999367 0.000000 0.000000 0.000000 0.000000 1.000000
0.999755 -0.004768 0.021602 0.000000 0.004184 0.999627 0.026979 12.864400 -0.021723 -0.026882 0.999403 0.000000 0.000000 0.000000 0.000000 1.000000
0.999791 -0.004984 0.019813 -0.000000 0.004461 0.999642 0.026377 12.864400 -0.019937 -0.026283 0.999456 0.000000 0.000000 0.000000 0.000000 1.000000
0.999838 -0.005170 0.017234 0.000000 0.004729 0.999663 0.025507 12.864400 -0.017360 -0.025421 0.999526 0.000000 0.000000 0.000000 0.000000 1.000000
