<?xml version="1.0" encoding="utf-8"?>
<COLLADA xmlns="http://www.collada.org/2005/11/COLLADASchema" version="1.4.1">
  <asset><contributor><author>Mixamo</author><authoring_tool>COLLADA Mixamo exporter</authoring_tool><comments></comments></contributor><created>2020-05-19T16:02:06Z</created><modified>2020-05-19T16:02:06Z</modified><revision></revision><title></title><unit meter="0.010000"/><up_axis>Y_UP</up_axis></asset>
  <library_animations>
    <animation id="mixamorig_Hips-anim" name="mixamorig_Hips"><source id="mixamorig_Hips-Matrix-animation-input"><float_array id="mixamorig_Hips-Matrix-animation-input-array" count="28">

0.000000 0.033333 0.066667 0.100000 0.133333 0.166667 0.200000 0.233333 0.266667 0.300000 0.333333 0.366667 0.400000 0.433333 0.466667 0.500000
0.533333 0.566667 0.600000 0.633333 0.666667 0.700000 0.733333 0.766667 0.800000 0.833333 0.866667 0.900000</float_array><technique_common><accessor source="#mixamorig_Hips-Matrix-animation-input-array" count="28"><param name="TIME" type="float"/></accessor></technique_common></source><source id="mixamorig_Hips-Matrix-animation-output-transform"><float_array id="mixamorig_Hips-Matrix-animation-output-transform-array" count="448">

0.997125 0.055471 0.051629 0.023057 -0.050391 0.994204 -0.094964 95.257538 -0.056598 0.092090 0.994141 -0.305800 0.000000 0.000000 0.000000 1.000000
0.998906 0.040745 0.022933 0.515467 -0.038361 0.994617 -0.096254 93.254189 -0.026732 0.095269 0.995093 10.785779 0.000000 0.000000 0.000000 1.000000
0.999451 0.017791 -0.027957 1.128604 -0.020323 0.995455 -0.093037 91.427200 0.026174 0.093554 0.995270 21.387260 0.000000 0.000000 0.000000 1.000000
0.994853 0.006280 -0.101133 1.897609 -0.015359 0.995891 -0.089244 88.196854 0.100158 0.090338 0.990862 31.880653 0.000000 0.000000 0.000000 1.000000
0.982803 -0.004137 -0.184611 2.928612 -0.013837 0.995288 -0.095966 83.339218 0.184138 0.096870 0.978115 42.310001 0.000000 0.000000 0.000000 1.000000
0.964631 -0.021227 -0.262746 3.952125 -0.016534 0.989918 -0.140677 78.260490 0.263083 0.140045 0.954555 51.392834 0.000000 0.000000 0.000000 1.000000
0.954534 -0.055047 -0.292976 4.655282 -0.004463 0.980054 -0.198681 75.124680 0.298069 0.190955 0.935249 58.533524 0.000000 0.000000 0.000000 1.000000
0.956514 -0.089659 -0.277565 4.911351 0.021690 0.970815 -0.238849 74.050171 0.290879 0.222442 0.930542 64.490105 0.000000 0.000000 0.000000 1.000000
0.958106 -0.087541 -0.272706 5.156077 0.003799 0.955946 -0.293519 74.241531 0.286388 0.280186 0.916230 69.017281 0.000000 0.000000 0.000000 1.000000
0.957796 -0.076769 -0.277009 5.246685 -0.023058 0.940053 -0.340248 75.779121 0.286523 0.332275 0.898609 72.508194 0.000000 0.000000 0.000000 1.000000
0.956735 -0.074541 -0.281251 5.096122 -0.037666 0.926764 -0.373751 78.066551 0.288513 0.368174 0.883860 75.453819 0.000000 0.000000 0.000000 1.000000
0.953207 -0.069185 -0.294296 4.870816 -0.056084 0.916097 -0.397014 80.766785 0.297072 0.394942 0.869350 77.793861 0.000000 0.000000 0.000000 1.000000
0.946326 -0.060148 -0.317567 4.476440 -0.077196 0.912035 -0.402782 83.748100 0.313859 0.405678 0.858439 79.647438 0.000000 0.000000 0.000000 1.000000
0.937206 -0.049439 -0.345254 4.040063 -0.097395 0.913426 -0.395180 86.715874 0.334901 0.403991 0.851253 81.140427 0.000000 0.000000 0.000000 1.000000
0.926232 -0.037648 -0.375069 3.645288 -0.115485 0.918814 -0.377416 89.537827 0.358828 0.392890 0.846688 82.351418 0.000000 0.000000 0.000000 1.000000
0.912943 -0.025054 -0.407317 3.221902 -0.129608 0.928635 -0.347618 91.966019 0.386958 0.370147 0.844544 83.341797 0.000000 0.000000 0.000000 1.000000
0.898369 -0.013282 -0.439040 2.823735 -0.137728 0.940617 -0.310276 93.879868 0.417090 0.339210 0.843192 84.165680 0.000000 0.000000 0.000000 1.000000
0.883461 -0.001703 -0.468502 2.489798 -0.141285 0.952471 -0.269885 95.371124 0.446694 0.304625 0.841230 84.906158 0.000000 0.000000 0.000000 1.000000
0.866210 0.006069 -0.499644 2.131795 -0.137877 0.964009 -0.227323 96.468925 0.480282 0.265799 0.835871 85.525215 0.000000 0.000000 0.000000 1.000000
0.846452 0.008025 -0.532404 1.796334 -0.125437 0.974750 -0.184736 97.234428 0.517478 0.223153 0.826086 85.991997 0.000000 0.000000 0.000000 1.000000
0.826831 0.010791 -0.562346 1.524462 -0.109666 0.983720 -0.142367 97.722588 0.551655 0.179384 0.814554 86.288605 0.000000 0.000000 0.000000 1.000000
0.807802 0.014684 -0.589271 1.281785 -0.093299 0.990273 -0.103223 97.962555 0.582023 0.138363 0.801314 86.360451 0.000000 0.000000 0.000000 1.000000
0.790001 0.017680 -0.612850 1.064603 -0.076449 0.994624 -0.069853 98.045044 0.608320 0.102036 0.787105 86.165436 0.000000 0.000000 0.000000 1.000000
0.774242 0.021259 -0.632533 0.883080 -0.058432 0.997568 -0.037995 97.994385 0.630187 0.066377 0.773601 85.731567 0.000000 0.000000 0.000000 1.000000
0.760774 0.028229 -0.648403 0.698175 -0.042452 0.999079 -0.006313 97.768639 0.647627 0.032329 0.761271 85.151566 0.000000 0.000000 0.000000 1.000000
0.749380 0.035940 -0.661164 0.520756 -0.028432 0.999351 0.022098 97.392593 0.661530 0.002238 0.749916 84.480354 0.000000 0.000000 0.000000 1.000000
0.739415 0.042877 -0.671883 0.331685 -0.013311 0.998706 0.049085 96.970337 0.673118 -0.027351 0.739029 83.752617 0.000000 0.000000 0.000000 1.000000
0.729734 0.050808 -0.681841 0.103599 0.003003 0.996987 0.077506 96.553947 0.683724 -0.058606 0.727383 83.055710 0.000000 0.000000 0.000000 1.000000</float_array><technique_common><accessor source="#mixamorig_Hips-Matrix-animation-output-transform-array" count="28" stride="16"><param type="float4x4"/></accessor></technique_common></source><source id="mixamorig_Hips-Interpolations"><Name_array id="mixamorig_Hips-Interpolations-array" count="28">
 LINEAR LINEAR LINEAR LINEAR LINEAR LINEAR LINEAR LINEAR LINEAR LINEAR LINEAR
LINEAR LINEAR LINEAR LINEAR LINEAR LINEAR LINEAR LINEAR LINEAR LINEAR LINEAR LINEAR
LINEAR LINEAR LINEAR LINEAR LINEAR</Name_array><technique_common><accessor source="#mixamorig_Hips-Interpolations-array" count="28"><param type="name"/></accessor></technique_common></source><sampler id="mixamorig_Hips-Matrix-animation-transform"><input semantic="INPUT" source="#mixamorig_Hips-Matrix-animation-input"/><input semantic="OUTPUT" source="#mixamorig_Hips-Matrix-animation-output-transform"/><input semantic="INTERPOLATION" source="#mixamorig_Hips-Interpolations"/></sampler><channel source="#mixamorig_Hips-Matrix-animation-transform" target="mixamorig_Hips/matrix"/></animation>
    <animation id="mixamorig_Spine-anim" name="mixamorig_Spine"><source id="mixamorig_Spine-Matrix-animation-input"><float_array id="mixamorig_Spine-Matrix-animation-input-array" count="28">

0.000000 0.033333 0.066667 0.100000 0.133333 0.166667 0.200000 0.233333 0.266667 0.300000 0.333333 0.366667 0.400000 0.433333 0.466667 0.500000
0.533333 0.566667 0.600000 0.633333 0.666667 0.700000 0.733333 0.766667 0.800000 0.833333 0.866667 0.900000</float_array><technique_common><accessor source="#mixamorig_Spine-Matrix-animation-input-array" count="28"><param name="TIME" type="float"/></accessor></technique_common></source><source id="mixamorig_Spine-Matrix-animation-output-transform"><float_array id="mixamorig_Spine-Matrix-animation-output-transform-array" count="448">

0.999369 -0.028773 0.020817 0.000000 0.029046 0.999495 -0.012903 10.997300 -0.020435 0.013500 0.999700 -0.803100 0.000000 0.000000 0.000000 1.000000
0.999322 -0.023236 0.028557 0.000000 0.023677 0.999604 -0.015188 10.997300 -0.028193 0.015853 0.999477 -0.803100 0.000000 0.000000 0.000000 1.000000
0.999402 -0.012148 0.032375 -0.000000 0.012930 0.999627 -0.024055 10.997300 -0.032070 0.024459 0.999186 -0.803100 0.000000 0.000000 0.000000 1.000000
0.999365 -0.005656 0.035190 0.000000 0.006965 0.999285 -0.037167 10.997300 -0.034955 0.037389 0.998689 -0.803100 0.000000 0.000000 0.000000 1.000000
0.999238 0.000104 0.039034 0.000000 0.001703 0.998928 -0.046267 10.997300 -0.038997 0.046299 0.998166 -0.803100 0.000000 0.000000 0.000000 1.000000
0.999217 0.005636 0.039171 0.000000 -0.003832 0.998935 -0.045970 10.997300 -0.039389 0.045784 0.998175 -0.803100 0.000000 0.000000 0.000000 1.000000
0.999200 0.013722 0.037575 0.000000 -0.011914 0.998780 -0.047932 10.997300 -0.038187 0.047446 0.998144 -0.803100 0.000000 0.000000 0.000000 1.000000
0.998998 0.024591 0.037405 0.000000 -0.022590 0.998338 -0.053011 10.997300 -0.038647 0.052112 0.997893 -0.803100 0.000000 0.000000 0.000000 1.000000
0.999039 0.020746 0.038618 0.000000 -0.018831 0.998606 -0.049306 10.997300 -0.039587 0.048531 0.998037 -0.803100 0.000000 0.000000 0.000000 1.000000
0.999060 0.014657 0.040805 0.000000 -0.012781 0.998866 -0.045863 10.997300 -0.041430 0.045298 0.998114 -0.803100 0.000000 0.000000 0.000000 1.000000
0.998933 0.013591 0.044146 0.000000 -0.011720 0.999033 -0.042379 10.997300 -0.044680 0.041817 0.998126 -0.803100 0.000000 0.000000 0.000000 1.000000
0.998777 0.011116 0.048178 0.000000 -0.009227 0.999187 -0.039249 10.997300 -0.048575 0.038757 0.998067 -0.803100 0.000000 0.000000 0.000000 1.000000
0.998609 0.009223 0.051917 0.000000 -0.007251 0.999249 -0.038056 10.997300 -0.052229 0.037627 0.997926 -0.803100 0.000000 0.000000 0.000000 1.000000
0.998443 0.007437 0.055284 0.000000 -0.005384 0.999294 -0.037194 10.997300 -0.055521 0.036839 0.997778 -0.803100 0.000000 0.000000 0.000000 1.000000
0.998265 0.004812 0.058680 0.000000 -0.002667 0.999327 -0.036577 10.997300 -0.058816 0.036357 0.997607 -0.803100 0.000000 0.000000 0.000000 1.000000
0.998082 0.002888 0.061845 0.000000 -0.000642 0.999340 -0.036313 10.997300 -0.061910 0.036203 0.997425 -0.803100 0.000000 0.000000 0.000000 1.000000
0.997916 0.001830 0.064501 0.000000 0.000442 0.999380 -0.035201 10.997300 -0.064525 0.035156 0.997297 -0.803100 0.000000 0.000000 0.000000 1.000000
0.997754 -0.000072 0.066981 -0.000000 0.002248 0.999472 -0.032420 10.997300 -0.066944 0.032498 0.997227 -0.803100 0.000000 0.000000 0.000000 1.000000
0.997623 -0.000265 0.068909 0.000000 0.002273 0.999575 -0.029077 10.997300 -0.068872 0.029164 0.997199 -0.803100 0.000000 0.000000 0.000000 1.000000
0.997526 0.002156 0.070261 0.000000 -0.000320 0.999658 -0.026132 10.997300 -0.070294 0.026045 0.997186 -0.803100 0.000000 0.000000 0.000000 1.000000
0.997431 0.003757 0.071542 0.000000 -0.002073 0.999719 -0.023604 10.997300 -0.071610 0.023395 0.997158 -0.803100 0.000000 0.000000 0.000000 1.000000
0.997320 0.005307 0.072975 0.000000 -0.003786 0.999773 -0.020956 10.997300 -0.073069 0.020624 0.997114 -0.803100 0.000000 0.000000 0.000000 1.000000
0.997211 0.007223 0.074277 0.000000 -0.005832 0.999804 -0.018926 10.997300 -0.074399 0.018440 0.997058 -0.803100 0.000000 0.000000 0.000000 1.000000
0.997113 0.009431 0.075338 0.000000 -0.007987 0.999779 -0.019450 10.997300 -0.075504 0.018792 0.996968 -0.803100 0.000000 0.000000 0.000000 1.000000
0.997002 0.010913 0.076603 -0.000000 -0.009305 0.999730 -0.021313 10.997300 -0.076815 0.020536 0.996834 -0.803100 0.000000 0.000000 0.000000 1.000000
0.996872 0.011944 0.078130 -0.000000 -0.010180 0.999685 -0.022937 10.997300 -0.078380 0.022070 0.996679 -0.803100 0.000000 0.000000 0.000000 1.000000
0.996722 0.013601 0.079754 -0.000000 -0.011613 0.999611 -0.025339 10.997300 -0.080067 0.024330 0.996492 -0.803100 0.000000 0.000000 0.000000 1.000000
0.996544 0.016189 0.081474 0.000000 -0.013896 0.999493 -0.028633 10.997300 -0.081897 0.027401 0.996264 -0.803100 0.000000 0.000000 0.000000 1.000000</float_array><technique_common><accessor source="#mixamorig_Spine-Matrix-animation-output-transform-array" count="28" stride="16"><param type="float4x4"/></accessor></technique_common></source><source id="mixamorig_Spine-Interpolations"><Name_array id="mixamorig_Spine-Interpolations-array" count="28">
 LINEAR LINEAR LINEAR LINEAR LINEAR LINEAR LINEAR LINEAR LINEAR LINEAR LINEAR
LINEAR LINEAR LINEAR LINEAR LINEAR LINEAR LINEAR LINEAR LINEAR LINEAR LINEAR LINEAR
LINEAR LINEAR LINEAR LINEAR LINEAR</Name_array><technique_common><accessor source="#mixamorig_Spine-Interpolations-array" count="28"><param type="name"/></accessor></technique_common></source><sampler id="mixamorig_Spine-Matrix-animation-transform"><input semantic="INPUT" source="#mixamorig_Spine-Matrix-animation-input"/><input semantic="OUTPUT" source="#mixamorig_Spine-Matrix-animation-output-transform"/><input semantic="INTERPOLATION" source="#mixamorig_Spine-Interpolations"/></sampler><channel source="#mixamorig_Spine-Matrix-animation-transform" target="mixamorig_Spine/matrix"/></animation>
    <animation id="mixamorig_Spine1-anim" name="mixamorig_Spine1"><source id="mixamorig_Spine1-Matrix-animation-input"><float_array id="mixamorig_Spine1-Matrix-animation-input-array" count="28">

0.000000 0.033333 0.066667 0.100000 0.133333 0.166667 0.200000 0.233333 0.266667 0.300000 0.333333 0.366667 0.400000 0.433333 0.466667 0.500000
0.533333 0.566667 0.600000 0.633333 0.666667 0.700000 0.733333 0.766667 0.800000 0.833333 0.866667 0.900000</float_array><technique_common><accessor source="#mixamorig_Spine1-Matrix-animation-input-array" count="28"><param name="TIME" type="float"/></accessor></technique_common></source><source id="mixamorig_Spine1-Matrix-animation-output-transform"><float_array id="mixamorig_Spine1-Matrix-animation-output-transform-array" count="448">

0.998355 -0.033495 0.046538 0.000000 0.040997 0.984425 -0.170961 12.864400 -0.040087 0.172587 0.984178 0.000000 0.000000 0.000000 0.000000 1.000000
0.997907 -0.030807 0.056861 0.000000 0.040348 0.983717 -0.175137 12.864400 -0.050540 0.177064 0.982901 0.000000 0.000000 0.000000 0.000000 1.000000
0.997566 -0.022475 0.066006 0.000000 0.034799 0.980783 -0.191971 12.864400 -0.060423 0.193801 0.979178 0.000000 0.000000 0.000000 0.000000 1.000000
0.997165 -0.014774 0.073776 -0.000000 0.030535 0.975618 -0.217343 12.864400 -0.068766 0.218979 0.973303 -0.000000 0.000000 0.000000 0.000000 1.000000
0.996484 -0.007940 0.083405 0.000000 0.027388 0.971676 -0.234724 12.864400 -0.079179 0.236183 0.968477 0.000000 0.000000 0.000000 0.000000 1.000000
0.995935 -0.005483 0.089907 0.000000 0.026438 0.971975 -0.233593 12.864400 -0.086107 0.235021 0.968169 0.000000 0.000000 0.000000 0.000000 1.000000
0.996106 0.005831 0.087972 0.000000 0.015285 0.971280 -0.237449 12.864400 -0.086830 0.237869 0.967408 0.000000 0.000000 0.000000 0.000000 1.000000
0.995939 0.025031 0.086476 0.000000 -0.002852 0.968862 -0.247587 12.864400 -0.089980 0.246335 0.964999 -0.000000 0.000000 0.000000 0.000000 1.000000
0.995846 0.019001 0.089046 0.000000 0.002967 0.970691 -0.240311 12.864400 -0.091003 0.239577 0.966603 0.000000 0.000000 0.000000 0.000000 1.000000
0.995678 0.010881 0.092238 0.000000 0.011014 0.972274 -0.233587 12.864400 -0.092222 0.233593 0.967951 0.000000 0.000000 0.000000 0.000000 1.000000
0.995218 0.012476 0.096874 0.000000 0.009883 0.973857 -0.226946 12.864400 -0.097173 0.226818 0.969077 0.000000 0.000000 0.000000 0.000000 1.000000
0.994641 0.011842 0.102711 0.000000 0.011207 0.975219 -0.220958 12.864400 -0.102782 0.220925 0.969860 0.000000 0.000000 0.000000 0.000000 1.000000
0.994102 0.012717 0.107698 -0.000000 0.011226 0.975698 -0.218831 12.864400 -0.107863 0.218749 0.969801 0.000000 0.000000 0.000000 0.000000 1.000000
0.993592 0.013696 0.112195 -0.000000 0.011093 0.976024 -0.217381 12.864400 -0.112482 0.217233 0.969617 0.000000 0.000000 0.000000 0.000000 1.000000
0.993043 0.013524 0.116971 0.000000 0.012198 0.976222 -0.216428 12.864400 -0.117117 0.216350 0.969266 0.000000 0.000000 0.000000 0.000000 1.000000
0.992494 0.015043 0.121365 0.000000 0.011648 0.976266 -0.216261 12.864400 -0.121738 0.216051 0.968763 0.000000 0.000000 0.000000 0.000000 1.000000
0.991916 0.016627 0.125799 0.000000 0.010813 0.976697 -0.214350 12.864400 -0.126432 0.213977 0.968622 0.000000 0.000000 0.000000 0.000000 1.000000
0.991320 0.015991 0.130493 -0.000000 0.011751 0.977824 -0.209098 12.864400 -0.130943 0.208816 0.969149 -0.000000 0.000000 0.000000 0.000000 1.000000
0.990765 0.018060 0.134381 0.000000 0.009658 0.979172 -0.202803 12.864400 -0.135244 0.202228 0.969955 0.000000 0.000000 0.000000 0.000000 1.000000
0.990232 0.024220 0.137309 0.000000 0.003388 0.980327 -0.197353 12.864400 -0.139387 0.195891 0.970669 0.000000 0.000000 0.000000 0.000000 1.000000
0.989694 0.028381 0.140361 0.000000 -0.000822 0.981273 -0.192623 12.864400 -0.143199 0.190522 0.971182 -0.000000 0.000000 0.000000 0.000000 1.000000
0.989146 0.030309 0.143778 0.000000 -0.002858 0.982278 -0.187406 12.864400 -0.146910 0.184961 0.971703 0.000000 0.000000 0.000000 0.000000 1.000000
0.988643 0.032438 0.146742 -0.000000 -0.005039 0.983033 -0.183359 12.864400 -0.150200 0.180537 0.972032 0.000000 0.000000 0.000000 0.000000 1.000000
0.988221 0.034818 0.149021 0.000000 -0.006841 0.982851 -0.184273 12.864400 -0.152882 0.181083 0.971512 0.000000 0.000000 0.000000 0.000000 1.000000
0.987792 0.035995 0.151561 0.000000 -0.006981 0.982189 -0.187765 12.864400 -0.155621 0.184414 0.970450 0.000000 0.000000 0.000000 0.000000 1.000000
0.987319 0.036443 0.154508 0.000000 -0.006379 0.981615 -0.190766 12.864400 -0.158619 0.187362 0.969400 0.000000 0.000000 0.000000 0.000000 1.000000
0.986788 0.038034 0.157488 0.000000 -0.006630 0.980720 -0.195303 12.864400 -0.161880 0.191679 0.968016 0.000000 0.000000 0.000000 0.000000 1.000000
0.986166 0.041533 0.160474 0.000000 -0.008437 0.979424 -0.201639 12.864400 -0.165546 0.197496 0.966225 0.000000 0.000000 0.000000 0.000000 1.000000</float_array><technique_common><accessor source="#mixamorig_Spine1-Matrix-animation-output-transform-array" count="28" stride="16"><param type="float4x4"/></accessor></technique_common></source><source id="mixamorig_Spine1-Interpolations"><Name_array id="mixamorig_Spine1-Interpolations-array" count="28">
 LINEAR LINEAR LINEAR LINEAR LINEAR LINEAR LINEAR LINEAR LINEAR LINEAR LINEAR
LINEAR LINEAR LINEAR LINEAR LINEAR LINEAR LINEAR LINEAR LINEAR LINEAR LINEAR LINEAR
LINEAR LINEAR LINEAR LINEAR LINEAR</Name_array><technique_common><accessor source="#mixamorig_Spine1-Interpolations-array" count="28"><param type="name"/></accessor></technique_common></source><sampler id="mixamorig_Spine1-Matrix-animation-transform"><input semantic="INPUT" source="#mixamorig_Spine1-Matrix-animation-input"/><input semantic="OUTPUT" source="#mixamorig_Spine1-Matrix-animation-output-transform"/><input semantic="INTERPOLATION" source="#mixamorig_Spine1-Interpolations"/></sampler><channel source="#mixamorig_Spine1-Matrix-animation-transform" target="mixamorig_Spine1/matrix"/></animation>
    <animation id="mixamorig_Spine2-anim" name="mixamorig_Spine2"><source id="mixamorig_Spine2-Matrix-animation-input"><float_array id="mixamorig_Spine2-Matrix-animation-input-array" count="28">

0.000000 0.033333 0.066667 0.100000 0.133333 0.166667 0.200000 0.233333 0.266667 0.300000 0.333333 0.366667 0.400000 0.433333 0.466667 0.500000
0.533333 0.566667 0.600000 0.633333 0.666667 0.700000 0.733333 0.766667 0.800000 0.833333 0.866667 0.900000</float_array><technique_common><accessor source="#mixamorig_Spine2-Matrix-animation-input-array" count="28"><param name="TIME" type="float"/></accessor></technique_common></source><source id="mixamorig_Spine2-Matrix-animation-output-transform"><float_array id="mixamorig_Spine2-Matrix-animation-output-transform-array" count="448">

0.998355 -0.033495 0.046538 0.000000 0.040997 0.984425 -0.170961 14.702200 -0.040087 0.172588 0.984178 -0.000000 0.000000 0.000000 0.000000 1.000000
0.997907 -0.030807 0.056861 0.000000 0.040348 0.983717 -0.175137 14.702200 -0.050540 0.177064 0.982901 -0.000000 0.000000 0.000000 0.000000 1.000000
0.997566 -0.022475 0.066006 0.000000 0.034799 0.980784 -0.191971 14.702200 -0.060423 0.193800 0.979178 0.000000 0.000000 0.000000 0.000000 1.000000
0.997165 -0.014774 0.073776 0.000000 0.030535 0.975618 -0.217343 14.702200 -0.068766 0.218979 0.973303 0.000000 0.000000 0.000000 0.000000 1.000000
0.996484 -0.007940 0.083405 -0.000000 0.027388 0.971676 -0.234724 14.702200 -0.079179 0.236183 0.968477 0.000000 0.000000 0.000000 0.000000 1.000000
0.995935 -0.005483 0.089907 0.000000 0.026438 0.971975 -0.233594 14.702200 -0.086106 0.235021 0.968169 0.000000 0.000000 0.000000 0.000000 1.000000
0.996106 0.005831 0.087972 0.000000 0.015285 0.971280 -0.237450 14.702200 -0.086830 0.237869 0.967408 0.000000 0.000000 0.000000 0.000000 1.000000
0.995939 0.025031 0.086476 0.000000 -0.002852 0.968862 -0.247587 14.702200 -0.089980 0.246335 0.964999 0.000000 0.000000 0.000000 0.000000 1.000000
0.995846 0.019001 0.089046 -0.000000 0.002967 0.970691 -0.240311 14.702200 -0.091003 0.239577 0.966603 -0.000000 0.000000 0.000000 0.000000 1.000000
0.995678 0.010881 0.092238 0.000000 0.011014 0.972274 -0.233587 14.702200 -0.092222 0.233593 0.967951 0.000000 0.000000 0.000000 0.000000 1.000000
0.995218 0.012476 0.096874 0.000000 0.009882 0.973857 -0.226946 14.702200 -0.097173 0.226818 0.969077 -0.000000 0.000000 0.000000 0.000000 1.000000
0.994641 0.011842 0.102711 0.000000 0.011206 0.975219 -0.220958 14.702200 -0.102782 0.220925 0.969860 0.000000 0.000000 0.000000 0.000000 1.000000
0.994102 0.012717 0.107698 0.000000 0.011226 0.975698 -0.218831 14.702200 -0.107863 0.218749 0.969801 0.000000 0.000000 0.000000 0.000000 1.000000
0.993592 0.013696 0.112194 -0.000000 0.011093 0.976024 -0.217381 14.702200 -0.112482 0.217233 0.969617 0.000000 0.000000 0.000000 0.000000 1.000000
0.993043 0.013525 0.116971 0.000000 0.012198 0.976222 -0.216428 14.702200 -0.117117 0.216350 0.969266 0.000000 0.000000 0.000000 0.000000 1.000000
0.992494 0.015043 0.121365 0.000000 0.011648 0.976266 -0.216261 14.702200 -0.121738 0.216051 0.968763 0.000000 0.000000 0.000000 0.000000 1.000000
0.991916 0.016627 0.125799 0.000000 0.010813 0.976697 -0.214350 14.702200 -0.126432 0.213977 0.968622 0.000000 0.000000 0.000000 0.000000 1.000000
0.991320 0.015991 0.130493 0.000000 0.011751 0.977824 -0.209098 14.702200 -0.130943 0.208816 0.969149 0.000000 0.000000 0.000000 0.000000 1.000000
0.990765 0.018060 0.134381 0.000000 0.009658 0.979172 -0.202803 14.702200 -0.135244 0.202228 0.969955 0.000000 0.000000 0.000000 0.000000 1.000000
0.990232 0.024220 0.137309 0.000000 0.003388 0.980327 -0.197353 14.702200 -0.139388 0.195891 0.970669 0.000000 0.000000 0.000000 0.000000 1.000000
0.989694 0.028381 0.140361 0.000000 -0.000822 0.981273 -0.192623 14.702200 -0.143199 0.190522 0.971182 -0.000000 0.000000 0.000000 0.000000 1.000000
0.989146 0.030309 0.143778 0.000000 -0.002858 0.982278 -0.187406 14.702200 -0.146910 0.184961 0.971703 0.000000 0.000000 0.000000 0.000000 1.000000
0.988643 0.032438 0.146742 0.000000 -0.005039 0.983033 -0.183359 14.702200 -0.150200 0.180537 0.972032 0.000000 0.000000 0.000000 0.000000 1.000000
0.988221 0.034818 0.149021 0.000000 -0.006841 0.982851 -0.184273 14.702200 -0.152882 0.181083 0.971512 0.000000 0.000000 0.000000 0.000000 1.000000
0.987792 0.035995 0.151561 0.000000 -0.006981 0.982189 -0.187765 14.702200 -0.155620 0.184414 0.970450 0.000000 0.000000 0.000000 0.000000 1.000000
0.987319 0.036443 0.154508 0.000000 -0.006379 0.981615 -0.190766 14.702200 -0.158619 0.187362 0.969400 0.000000 0.000000 0.000000 0.000000 1.000000
0.986788 0.038034 0.157488 0.000000 -0.006630 0.980720 -0.195303 14.702200 -0.161880 0.191679 0.968016 -0.000000 0.000000 0.000000 0.000000 1.000000
0.986166 0.041533 0.160474 0.000000 -0.008437 0.979424 -0.201639 14.702200 -0.165546 0.197496 0.966225 -0.000000 0.000000 0.000000 0.000000 1.000000</float_array><technique_common><accessor source="#mixamorig_Spine2-Matrix-animation-output-transform-array" count="28" stride="16"><param type="float4x4"/></accessor></technique_common></source><source id="mixamorig_Spine2-Interpolations"><Name_array id="mixamorig_Spine2-Interpolations-array" count="28">
 LINEAR LINEAR LINEAR LINEAR LINEAR LINEAR LINEAR LINEAR LINEAR LINEAR LINEAR
LINEAR LINEAR LINEAR LINEAR LINEAR LINEAR LINEAR LINEAR LINEAR LINEAR LINEAR LINEAR
LINEAR LINEAR LINEAR LINEAR LINEAR</Name_array><technique_common><accessor source="#mixamorig_Spine2-Interpolations-array" count="28"><param type="name"/></accessor></technique_common></source><sampler id="mixamorig_Spine2-Matrix-animation-transform"><input semantic="INPUT" source="#mixamorig_Spine2-Matrix-animation-input"/><input semantic="OUTPUT" source="#mixamorig_Spine2-Matrix-animation-output-transform"/><input semantic="INTERPOLATION" source="#mixamorig_Spine2-Interpolations"/></sampler><channel source="#mixamorig_Spine2-Matrix-animation-transform" target="mixamorig_Spine2/matrix"/></animation>
    <animation id="mixamorig_Neck-anim" name="mixamorig_Neck"><source id="mixamorig_Neck-Matrix-animation-input"><float_array id="mixamorig_Neck-Matrix-animation-input-array" count="28">

0.000000 0.033333 0.066667 0.100000 0.133333 0.166667 0.200000 0.233333 0.266667 0.300000 0.333333 0.366667 0.400000 0.433333 0.466667 0.500000
0.533333 0.566667 0.600000 0.633333 0.666667 0.700000 0.733333 0.766667 0.800000 0.833333 0.866667 0.900000</float_array><technique_common><accessor source="#mixamorig_Neck-Matrix-animation-input-array" count="28"><param name="TIME" type="float"/></accessor></technique_common></source><source id="mixamorig_Neck-Matrix-animation-output-transform"><float_array id="mixamorig_Neck-Matrix-animation-output-transform-array" count="448">

0.998465 0.007577 -0.054863 -0.000000 -0.004398 0.998317 0.057827 16.539900 0.055209 -0.057497 0.996818 0.000000 0.000000 0.000000 0.000000 1.000000
0.997931 -0.003345 -0.064200 0.000000 0.006630 0.998675 0.051026 16.539900 0.063944 -0.051346 0.996632 0.000000 0.000000 0.000000 0.000000 1.000000
0.998005 -0.002822 -0.063065 0.000000 0.007014 0.997772 0.066353 16.539900 0.062737 -0.066663 0.995801 0.000000 0.000000 0.000000 0.000000 1.000000
0.998693 0.005616 -0.050799 0.000000 -0.000729 0.995408 0.095718 16.539900 0.051103 -0.095555 0.994111 -0.000000 0.000000 0.000000 0.000000 1.000000
0.999493 0.013743 -0.028719 0.000000 -0.010550 0.994039 0.108518 16.539900 0.030039 -0.108160 0.993680 -0.000000 0.000000 0.000000 0.000000 1.000000
0.999493 0.031481 -0.004708 0.000000 -0.030644 0.991655 0.125222 16.539900 0.008611 -0.125014 0.992118 -0.000000 0.000000 0.000000 0.000000 1.000000
0.998834 0.048146 0.003422 0.000000 -0.048095 0.986763 0.154872 16.539900 0.004080 -0.154857 0.987929 0.000000 0.000000 0.000000 0.000000 1.000000
0.999079 0.042768 -0.003360 0.000000 -0.041747 0.987275 0.153446 16.539900 0.009879 -0.153164 0.988151 0.000000 0.000000 0.000000 0.000000 1.000000
0.998726 0.049718 -0.008664 0.000000 -0.047992 0.988744 0.141712 16.539900 0.015612 -0.141115 0.989870 0.000000 0.000000 0.000000 0.000000 1.000000
0.998523 0.051897 -0.016105 0.000000 -0.049191 0.989234 0.137830 16.539900 0.023085 -0.136834 0.990325 0.000000 0.000000 0.000000 0.000000 1.000000
0.999084 0.035199 -0.024319 0.000000 -0.031985 0.992036 0.121823 16.539900 0.028414 -0.120934 0.992254 0.000000 0.000000 0.000000 0.000000 1.000000
0.999170 0.024822 -0.032310 0.000000 -0.020942 0.993105 0.115346 16.539900 0.034950 -0.114573 0.992800 -0.000000 0.000000 0.000000 0.000000 1.000000
0.999140 0.016566 -0.038018 0.000000 -0.012417 0.994194 0.106884 16.539900 0.039568 -0.106320 0.993544 0.000000 0.000000 0.000000 0.000000 1.000000
0.999244 0.014623 -0.036010 0.000000 -0.011064 0.995211 0.097122 16.539900 0.037258 -0.096650 0.994621 -0.000000 0.000000 0.000000 0.000000 1.000000
0.999326 0.011817 -0.034744 0.000000 -0.008618 0.995831 0.090806 16.539900 0.035673 -0.090446 0.995262 -0.000000 0.000000 0.000000 0.000000 1.000000
0.999366 -0.001471 -0.035585 0.000000 0.004316 0.996783 0.080031 16.539900 0.035353 -0.080134 0.996157 0.000000 0.000000 0.000000 0.000000 1.000000
0.999259 -0.013889 -0.035904 0.000000 0.016399 0.997370 0.070596 16.539900 0.034829 -0.071133 0.996859 0.000000 0.000000 0.000000 0.000000 1.000000
0.999233 -0.016617 -0.035446 0.000000 0.018880 0.997741 0.064472 16.539900 0.034295 -0.065092 0.997290 0.000000 0.000000 0.000000 0.000000 1.000000
0.999138 -0.020354 -0.036191 0.000000 0.022352 0.998198 0.055684 16.539900 0.034992 -0.056444 0.997792 -0.000000 0.000000 0.000000 0.000000 1.000000
0.998875 -0.028274 -0.038064 0.000000 0.029991 0.998523 0.045304 16.539900 0.036727 -0.046394 0.998248 0.000000 0.000000 0.000000 0.000000 1.000000
0.998950 -0.029505 -0.035039 0.000000 0.030708 0.998939 0.034311 16.539900 0.033990 -0.035351 0.998797 0.000000 0.000000 0.000000 0.000000 1.000000
0.999160 -0.028538 -0.029420 0.000000 0.029165 0.999351 0.021118 16.539900 0.028798 -0.021959 0.999344 0.000000 0.000000 0.000000 0.000000 1.000000
0.999173 -0.030840 -0.026504 0.000000 0.031235 0.999405 0.014605 16.539900 0.026038 -0.015420 0.999542 0.000000 0.000000 0.000000 0.000000 1.000000
0.999129 -0.032158 -0.026604 0.000000 0.032625 0.999318 0.017298 16.539900 0.026029 -0.018151 0.999496 0.000000 0.000000 0.000000 0.000000 1.000000
0.999248 -0.028279 -0.026517 0.000000 0.028797 0.999397 0.019391 16.539900 0.025952 -0.020140 0.999460 0.000000 0.000000 0.000000 0.000000 1.000000
0.999558 -0.018035 -0.023621 0.000000 0.018406 0.999709 0.015599 16.539900 0.023333 -0.016027 0.999599 0.000000 0.000000 0.000000 0.000000 1.000000
0.999755 -0.006846 -0.021048 0.000000 0.007057 0.999925 0.009993 16.539900 0.020978 -0.010139 0.999729 0.000000 0.000000 0.000000 0.000000 1.000000
0.999747 -0.003600 -0.022215 0.000000 0.003650 0.999991 0.002208 16.539900 0.022207 -0.002289 0.999751 -0.000000 0.000000 0.000000 0.000000 1.000000</float_array><technique_common><accessor source="#mixamorig_Neck-Matrix-animation-output-transform-array" count="28" stride="16"><param type="float4x4"/></accessor></technique_common></source><source id="mixamorig_Neck-Interpolations"><Name_array id="mixamorig_Neck-Interpolations-array" count="28">
 LINEAR LINEAR LINEAR LINEAR LINEAR LINEAR LINEAR LINEAR LINEAR LINEAR LINEAR
LINEAR LINEAR LINEAR LINEAR LINEAR LINEAR LINEAR LINEAR LINEAR LINEAR LINEAR LINEAR
LINEAR LINEAR LINEAR LINEAR LINEAR</Name_array><technique_common><accessor source="#mixamorig_Neck-Interpolations-array" count="28"><param type="name"/></accessor></technique_common></source><sampler id="mixamorig_Neck-Matrix-animation-transform"><input semantic="INPUT" source="#mixamorig_Neck-Matrix-animation-input"/><input semantic="OUTPUT" source="#mixamorig_Neck-Matrix-animation-output-transform"/><input semantic="INTERPOLATION" source="#mixamorig_Neck-Interpolations"/></sampler><channel source="#mixamorig_Neck-Matrix-animation-transform" target="mixamorig_Neck/matrix"/></animation>
    <animation id="mixamorig_Head-anim" name="mixamorig_Head"><source id="mixamorig_Head-Matrix-animation-input"><float_array id="mixamorig_Head-Matrix-animation-input-array" count="28">

0.000000 0.033333 0.066667 0.100000 0.133333 0.166667 0.200000 0.233333 0.266667 0.300000 0.333333 0.366667 0.400000 0.433333 0.466667 0.500000
0.533333 0.566667 0.600000 0.633333 0.666667 0.700000 0.733333 0.766667 0.800000 0.833333 0.866667 0.900000</float_array><technique_common><accessor source="#mixamorig_Head-Matrix-animation-input-array" count="28"><param name="TIME" type="float"/></accessor></technique_common></source><source id="mixamorig_Head-Matrix-animation-output-transform"><float_array id="mixamorig_Head-Matrix-animation-output-transform-array" count="448">

0.987594 0.090815 -0.128108 -0.000000 -0.057729 0.968649 0.241632 6.188500 0.146036 -0.231239 0.961874 2.321600 0.000000 0.000000 0.000000 1.000000
0.988605 0.099820 -0.112678 0.000000 -0.070193 0.967847 0.241547 6.188500 0.133166 -0.230886 0.963825 2.321600 0.000000 0.000000 0.000000 1.000000
0.990641 0.101479 -0.091278 -0.000000 -0.073955 0.961152 0.265927 6.188500 0.114718 -0.256687 0.959662 2.321600 0.000000 0.000000 0.000000 1.000000
0.993610 0.095402 -0.060312 0.000000 -0.072776 0.949977 0.303723 6.188500 0.086270 -0.297393 0.950850 2.321600 0.000000 0.000000 0.000000 1.000000
0.996700 0.079507 -0.016352 0.000000 -0.068931 0.935429 0.346728 6.188500 0.042864 -0.344457 0.937823 2.321600 0.000000 0.000000 0.000000 1.000000
0.997900 0.061589 0.020054 0.000000 -0.064602 0.924009 0.376874 6.188500 0.004681 -0.377379 0.926047 2.321600 0.000000 0.000000 0.000000 1.000000
0.998608 0.043822 0.029341 0.000000 -0.051907 0.915068 0.399946 6.188500 -0.009322 -0.400912 0.916069 2.321600 0.000000 0.000000 0.000000 1.000000
0.998921 0.029451 0.035923 0.000000 -0.041582 0.911630 0.408903 6.188500 -0.020706 -0.409955 0.911871 2.321600 0.000000 0.000000 0.000000 1.000000
0.999319 0.015074 0.033673 0.000000 -0.027611 0.910931 0.411634 6.188500 -0.024469 -0.412283 0.910727 2.321600 0.000000 0.000000 0.000000 1.000000
0.999412 0.004889 0.033952 0.000000 -0.018607 0.908782 0.416856 6.188500 -0.028817 -0.417243 0.908338 2.321600 0.000000 0.000000 0.000000 1.000000
0.998136 0.016361 0.058798 -0.000000 -0.039759 0.905232 0.423052 6.188500 -0.046304 -0.424601 0.904196 2.321600 0.000000 0.000000 0.000000 1.000000
0.996515 0.029190 0.078140 0.000000 -0.059898 0.902370 0.426780 6.188500 -0.058053 -0.429973 0.900973 2.321600 0.000000 0.000000 0.000000 1.000000
0.995350 0.026360 0.092644 0.000000 -0.064008 0.899749 0.431688 6.188500 -0.071977 -0.435610 0.897253 2.321600 0.000000 0.000000 0.000000 1.000000
0.993533 0.018402 0.112042 0.000000 -0.065172 0.900467 0.430014 6.188500 -0.092977 -0.434536 0.895843 2.321600 0.000000 0.000000 0.000000 1.000000
0.991331 0.011854 0.130856 0.000000 -0.066200 0.905338 0.419501 6.188500 -0.113496 -0.424526 0.898274 2.321600 0.000000 0.000000 0.000000 1.000000
0.987970 0.007033 0.154484 0.000000 -0.069541 0.912469 0.403192 6.188500 -0.138126 -0.409085 0.901982 2.321600 0.000000 0.000000 0.000000 1.000000
0.983842 0.006700 0.178913 -0.000000 -0.074791 0.923312 0.376699 6.188500 -0.162668 -0.383993 0.908894 2.321600 0.000000 0.000000 0.000000 1.000000
0.980349 0.008501 0.197089 -0.000000 -0.076618 0.937049 0.340689 6.188500 -0.181785 -0.349095 0.919286 2.321600 0.000000 0.000000 0.000000 1.000000
0.976829 0.010621 0.213759 0.000000 -0.077479 0.948574 0.306927 6.188500 -0.199507 -0.316376 0.927417 2.321600 0.000000 0.000000 0.000000 1.000000
0.972765 0.013510 0.231399 0.000000 -0.078541 0.958456 0.274214 6.188500 -0.218082 -0.284921 0.933413 2.321600 0.000000 0.000000 0.000000 1.000000
0.967887 0.014880 0.250946 0.000000 -0.076444 0.968394 0.237422 6.188500 -0.239482 -0.248981 0.938433 2.321600 0.000000 0.000000 0.000000 1.000000
0.961572 0.021114 0.273740 -0.000000 -0.078323 0.976703 0.199792 6.188500 -0.263145 -0.213555 0.940824 2.321600 0.000000 0.000000 0.000000 1.000000
0.954897 0.032043 0.295203 -0.000000 -0.083819 0.982818 0.164447 6.188500 -0.284862 -0.181773 0.941176 2.321600 0.000000 0.000000 0.000000 1.000000
0.949940 0.037143 0.310217 0.000000 -0.083715 0.986862 0.138189 6.188500 -0.301008 -0.157241 0.940569 2.321600 0.000000 0.000000 0.000000 1.000000
0.946509 0.033547 0.320928 0.000000 -0.077047 0.989309 0.123820 6.188500 -0.313344 -0.141924 0.938975 2.321600 0.000000 0.000000 0.000000 1.000000
0.943247 0.024223 0.331208 -0.000000 -0.066564 0.990887 0.117101 6.188500 -0.325353 -0.132502 0.936263 2.321600 0.000000 0.000000 0.000000 1.000000
0.940209 0.013429 0.340334 0.000000 -0.054508 0.992276 0.111433 6.188500 -0.336209 -0.123321 0.933679 2.321600 0.000000 0.000000 0.000000 1.000000
0.937032 0.006168 0.349190 0.000000 -0.044691 0.993742 0.102370 6.188500 -0.346373 -0.111530 0.931443 2.321600 0.000000 0.000000 0.000000 1.000000</float_array><technique_common><accessor source="#mixamorig_Head-Matrix-animation-output-transform-array" count="28" stride="16"><param type="float4x4"/></accessor></technique_common></source><source id="mixamorig_Head-Interpolations"><Name_array id="mixamorig_Head-Interpolations-array" count="28">
 LINEAR LINEAR LINEAR LINEAR LINEAR LINEAR LINEAR LINEAR LINEAR LINEAR LINEAR
LINEAR LINEAR LINEAR LINEAR LINEAR LINEAR LINEAR LINEAR LINEAR LINEAR LINEAR LINEAR
LINEAR LINEAR LINEAR LINEAR LINEAR</Name_array><technique_common><accessor source="#mixamorig_Head-Interpolations-array" count="28"><param type="name"/></accessor></technique_common></source><sampler id="mixamorig_Head-Matrix-animation-transform"><input semantic="INPUT" source="#mixamorig_Head-Matrix-animation-input"/><input semantic="OUTPUT" source="#mixamorig_Head-Matrix-animation-output-transform"/><input semantic="INTERPOLATION" source="#mixamorig_Head-Interpolations"/></sampler><channel source="#mixamorig_Head-Matrix-animation-transform" target="mixamorig_Head/matrix"/></animation>
    <animation id="mixamorig_LeftShoulder-anim" name="mixamorig_LeftShoulder"><source id="mixamorig_LeftShoulder-Matrix-animation-input"><float_array id="mixamorig_LeftShoulder-Matrix-animation-input-array" count="28">

0.000000 0.033333 0.066667 0.100000 0.133333 0.166667 0.200000 0.233333 0.266667 0.300000 0.333333 0.366667 0.400000 0.433333 0.466667 0.500000
0.533333 0.566667 0.600000 0.633333 0.666667 0.700000 0.733333 0.766667 0.800000 0.833333 0.866667 0.900000</float_array><technique_common><accessor source="#mixamorig_LeftShoulder-Matrix-animation-input-array" count="28"><param name="TIME" type="float"/></accessor></technique_common></source><source id="mixamorig_LeftShoulder-Matrix-animation-output-transform"><float_array id="mixamorig_LeftShoulder-Matrix-animation-output-transform-array" count="448">

-0.004672 0.917463 -0.397794 7.985300 0.021998 -0.397608 -0.917292 14.403600 -0.999747 -0.013037 -0.018324 -0.124400 0.000000 0.000000 0.000000 1.000000
-0.013050 0.914792 -0.403713 7.985300 0.022682 -0.403373 -0.914754 14.403600 -0.999658 -0.021095 -0.015486 -0.124400 0.000000 0.000000 0.000000 1.000000
-0.016200 0.902690 -0.429986 7.985300 0.023510 -0.429580 -0.902723 14.403600 -0.999592 -0.024733 -0.014263 -0.124400 0.000000 0.000000 0.000000 1.000000
-0.021862 0.897196 -0.441091 7.985300 0.024407 -0.440586 -0.897378 14.403600 -0.999463 -0.030384 -0.012266 -0.124400 0.000000 0.000000 0.000000 1.000000
-0.025867 0.905337 -0.423905 7.985300 0.024561 -0.423344 -0.905636 14.403600 -0.999364 -0.033838 -0.011286 -0.124400 0.000000 0.000000 0.000000 1.000000
-0.028211 0.906899 -0.420402 7.985300 0.024886 -0.419802 -0.907274 14.403600 -0.999292 -0.036057 -0.010726 -0.124400 0.000000 0.000000 0.000000 1.000000
-0.018078 0.903623 -0.427947 7.985300 0.024757 -0.427481 -0.903685 14.403600 -0.999530 -0.026932 -0.014643 -0.124400 0.000000 0.000000 0.000000 1.000000
0.013601 0.916997 -0.398661 7.985300 0.022741 -0.398879 -0.916722 14.403600 -0.999649 0.003402 -0.026279 -0.124400 0.000000 0.000000 0.000000 1.000000
0.035999 0.924912 -0.378473 7.985300 0.021883 -0.379357 -0.924991 14.403600 -0.999112 0.025016 -0.033897 -0.124400 0.000000 0.000000 0.000000 1.000000
0.040683 0.926894 -0.373111 7.985300 0.021880 -0.374157 -0.927107 14.403600 -0.998933 0.029554 -0.035502 -0.124400 0.000000 0.000000 0.000000 1.000000
0.042764 0.927853 -0.370487 7.985300 0.021963 -0.371610 -0.928129 14.403600 -0.998844 0.031554 -0.036270 -0.124400 0.000000 0.000000 0.000000 1.000000
0.040628 0.925079 -0.377595 7.985300 0.022204 -0.378649 -0.925274 14.403600 -0.998928 0.029208 -0.035925 -0.124400 0.000000 0.000000 0.000000 1.000000
0.035430 0.923922 -0.380938 7.985300 0.022591 -0.381820 -0.923960 14.403600 -0.999117 0.024130 -0.034400 -0.124400 0.000000 0.000000 0.000000 1.000000
0.030108 0.924496 -0.380002 7.985300 0.023104 -0.380716 -0.924403 14.403600 -0.999280 0.019052 -0.032822 -0.124400 0.000000 0.000000 0.000000 1.000000
0.023266 0.924219 -0.381153 7.985300 0.023404 -0.381655 -0.924009 14.403600 -0.999455 0.012578 -0.030510 -0.124400 0.000000 0.000000 0.000000 1.000000
0.016542 0.924697 -0.380344 7.985300 0.023850 -0.380653 -0.924410 14.403600 -0.999579 0.006221 -0.028351 -0.124400 0.000000 0.000000 0.000000 1.000000
0.010781 0.925447 -0.378724 7.985300 0.024206 -0.378876 -0.925131 14.403600 -0.999649 0.000806 -0.026486 -0.124400 0.000000 0.000000 0.000000 1.000000
0.004255 0.924389 -0.381428 7.985300 0.024724 -0.381412 -0.924074 14.403600 -0.999685 -0.005498 -0.024478 -0.124400 0.000000 0.000000 0.000000 1.000000
