<?xml version="1.0" encoding="utf-8"?>
<COLLADA xmlns="http://www.collada.org/2005/11/COLLADASchema" version="1.4.1">
  <asset><contributor><author>Mixamo</author><authoring_tool>COLLADA Mixamo exporter</authoring_tool><comments></comments></contributor><created>2020-05-20T14:50:16Z</created><modified>2020-05-20T14:50:16Z</modified><revision></revision><title></title><unit meter="0.010000"/><up_axis>Y_UP</up_axis></asset>
  <library_animations>
    <animation id="mixamorig_Hips-anim" name="mixamorig_Hips"><source id="mixamorig_Hips-Matrix-animation-input"><float_array id="mixamorig_Hips-Matrix-animation-input-array" count="91">

0.000000 0.033333 0.066667 0.100000 0.133333 0.166667 0.200000 0.233333 0.266667 0.300000 0.333333 0.366667 0.400000 0.433333 0.466667 0.500000
0.533333 0.566667 0.600000 0.633333 0.666667 0.700000 0.733333 0.766667 0.800000 0.833333 0.866667 0.900000 0.933333 0.966667 1.000000 1.033333
1.066667 1.100000 1.133333 1.166667 1.200000 1.233333 1.266667 1.300000 1.333333 1.366667 1.400000 1.433333 1.466667 1.500000 1.533333 1.566667
1.600000 1.633333 1.666667 1.700000 1.733333 1.766667 1.800000 1.833333 1.866667 1.900000 1.933333 1.966667 2.000000 2.033333 2.066667 2.100000
2.133333 2.166667 2.200000 2.233333 2.266667 2.300000 2.333333 2.366667 2.400000 2.433333 2.466667 2.500000 2.533333 2.566667 2.600000 2.633333
2.666667 2.700000 2.733333 2.766667 2.800000 2.833333 2.866667 2.900000 2.933333 2.966667 3.000000</float_array><technique_common><accessor source="#mixamorig_Hips-Matrix-animation-input-array" count="91"><param name="TIME" type="float"/></accessor></technique_common></source><source id="mixamorig_Hips-Matrix-animation-output-transform"><float_array id="mixamorig_Hips-Matrix-animation-output-transform-array" count="1456">

0.995078 0.014052 0.098093 -0.193546 -0.037408 0.969918 0.240541 100.493103 -0.091762 -0.243027 0.965670 -1.832078 0.000000 0.000000 0.000000 1.000000
0.996304 0.018041 0.083976 -0.093361 -0.037588 0.970681 0.237414 100.379929 -0.077231 -0.239693 0.967772 0.913156 0.000000 0.000000 0.000000 1.000000
0.996781 0.027793 0.075206 -0.010525 -0.044376 0.972466 0.228780 100.441788 -0.066777 -0.231380 0.970569 3.665852 0.000000 0.000000 0.000000 1.000000
0.996616 0.043824 0.069537 0.082621 -0.057851 0.974967 0.214693 100.645691 -0.058388 -0.217989 0.974203 6.379346 0.000000 0.000000 0.000000 1.000000
0.995934 0.062758 0.064623 0.246529 -0.074449 0.977321 0.198246 100.598442 -0.050716 -0.202251 0.978020 9.210527 0.000000 0.000000 0.000000 1.000000
0.995127 0.079267 0.058645 0.502295 -0.088840 0.978807 0.184513 100.408638 -0.042776 -0.188824 0.981079 12.231508 0.000000 0.000000 0.000000 1.000000
0.994744 0.089846 0.049123 0.844665 -0.097204 0.979379 0.177112 100.201645 -0.032197 -0.180956 0.982964 15.463984 0.000000 0.000000 0.000000 1.000000
0.995000 0.094539 0.032216 1.255136 -0.098748 0.979531 0.175409 99.943169 -0.014973 -0.177713 0.983968 19.022097 0.000000 0.000000 0.000000 1.000000
0.995480 0.094763 0.006230 1.721919 -0.094378 0.979858 0.175989 99.550644 0.010573 -0.175782 0.984372 22.950237 0.000000 0.000000 0.000000 1.000000
0.995656 0.089908 -0.024208 2.211405 -0.084247 0.980608 0.176947 99.265305 0.039647 -0.174139 0.983923 27.144976 0.000000 0.000000 0.000000 1.000000
0.995701 0.077629 -0.050533 2.696249 -0.067406 0.981440 0.179535 99.221909 0.063532 -0.175357 0.982453 31.332254 0.000000 0.000000 0.000000 1.000000
0.995939 0.058193 -0.068697 3.171004 -0.044588 0.981692 0.185183 99.375740 0.078216 -0.181368 0.980300 35.203854 0.000000 0.000000 0.000000 1.000000
0.995851 0.037896 -0.082735 3.639900 -0.021289 0.980953 0.193077 99.546326 0.088476 -0.190514 0.977689 38.597900 0.000000 0.000000 0.000000 1.000000
0.994887 0.024814 -0.097903 4.097752 -0.004548 0.979372 0.202014 99.571625 0.100896 -0.200535 0.974477 41.554611 0.000000 0.000000 0.000000 1.000000
0.993357 0.022253 -0.112901 4.559344 0.002271 0.977141 0.212581 99.324951 0.115051 -0.211425 0.970599 44.208122 0.000000 0.000000 0.000000 1.000000
0.992237 0.026593 -0.121486 5.002379 0.001428 0.974368 0.224954 99.271202 0.124354 -0.223381 0.966766 46.887142 0.000000 0.000000 0.000000 1.000000
0.992235 0.032871 -0.119957 5.364483 -0.003581 0.971597 0.236615 99.464134 0.124328 -0.234348 0.964170 49.643360 0.000000 0.000000 0.000000 1.000000
0.993100 0.038786 -0.110667 5.590730 -0.010658 0.969665 0.244204 99.724564 0.116781 -0.241339 0.963389 52.386951 0.000000 0.000000 0.000000 1.000000
0.994190 0.044113 -0.098189 5.704420 -0.018654 0.968975 0.246452 99.937920 0.106014 -0.243189 0.964168 55.026463 0.000000 0.000000 0.000000 1.000000
0.995176 0.048777 -0.085121 5.781563 -0.026575 0.969232 0.244711 100.115814 0.094438 -0.241268 0.965853 57.520058 0.000000 0.000000 0.000000 1.000000
0.995991 0.052109 -0.072705 5.865524 -0.033166 0.969992 0.240863 100.264435 0.083074 -0.237487 0.967832 59.879940 0.000000 0.000000 0.000000 1.000000
0.996611 0.052918 -0.062973 5.941033 -0.036704 0.971234 0.235281 100.332214 0.073612 -0.232172 0.969885 62.158459 0.000000 0.000000 0.000000 1.000000
0.997091 0.049646 -0.057831 5.977433 -0.035288 0.973239 0.227068 100.277306 0.067556 -0.224367 0.972160 64.404755 0.000000 0.000000 0.000000 1.000000
0.997568 0.041072 -0.056310 5.973007 -0.028000 0.976022 0.215862 100.115921 0.063826 -0.213760 0.974799 66.638435 0.000000 0.000000 0.000000 1.000000
0.998121 0.027633 -0.054697 5.924127 -0.015985 0.979065 0.202919 99.919579 0.059159 -0.201663 0.977667 68.878014 0.000000 0.000000 0.000000 1.000000
0.998683 0.011999 -0.049883 5.827579 -0.002305 0.981778 0.190016 99.765579 0.051254 -0.189651 0.980513 71.132637 0.000000 0.000000 0.000000 1.000000
0.999126 -0.002052 -0.041755 5.622810 0.009499 0.983812 0.178952 99.575912 0.040712 -0.179193 0.982971 73.451912 0.000000 0.000000 0.000000 1.000000
0.999446 -0.012047 -0.031020 5.289029 0.017167 0.985211 0.170483 99.326912 0.028507 -0.170921 0.984872 75.840836 0.000000 0.000000 0.000000 1.000000
0.999699 -0.018055 -0.016598 4.810404 0.020538 0.986206 0.164241 99.007065 0.013404 -0.164533 0.986281 78.350700 0.000000 0.000000 0.000000 1.000000
0.999770 -0.021255 0.002908 4.226868 0.020526 0.987172 0.158333 98.694344 -0.006236 -0.158237 0.987381 80.990097 0.000000 0.000000 0.000000 1.000000
0.999466 -0.020918 0.025108 3.582358 0.016874 0.988291 0.151643 98.411987 -0.027986 -0.151138 0.988116 83.771690 0.000000 0.000000 0.000000 1.000000
0.998934 -0.013783 0.044059 2.915250 0.007220 0.989289 0.145791 98.265945 -0.045596 -0.145317 0.988334 86.597069 0.000000 0.000000 0.000000 1.000000
0.998448 0.001170 0.055673 2.252861 -0.009191 0.989532 0.144024 98.292046 -0.054922 -0.144312 0.988007 89.336517 0.000000 0.000000 0.000000 1.000000
0.997922 0.018740 0.061653 1.595342 -0.027651 0.988747 0.147021 98.455894 -0.058204 -0.148420 0.987210 91.892914 0.000000 0.000000 0.000000 1.000000
0.997279 0.030776 0.066985 0.928287 -0.040652 0.987625 0.151472 98.660423 -0.061495 -0.153783 0.986189 94.219360 0.000000 0.000000 0.000000 1.000000
0.996591 0.033809 0.075250 0.254995 -0.045123 0.987018 0.154138 98.834137 -0.069062 -0.157008 0.985180 96.315094 0.000000 0.000000 0.000000 1.000000
0.995711 0.031462 0.087009 -0.347801 -0.044788 0.986784 0.155729 98.839523 -0.080959 -0.158958 0.983960 98.157646 0.000000 0.000000 0.000000 1.000000
0.994507 0.029189 0.100517 -0.802352 -0.045069 0.986162 0.159538 98.687263 -0.094470 -0.163192 0.982061 99.769714 0.000000 0.000000 0.000000 1.000000
0.993232 0.028611 0.112564 -1.103071 -0.047211 0.984958 0.166221 98.545319 -0.106115 -0.170410 0.979643 101.221855 0.000000 0.000000 0.000000 1.000000
0.992455 0.027471 0.119491 -1.299883 -0.047983 0.983868 0.172339 98.603104 -0.112830 -0.176772 0.977763 102.647964 0.000000 0.000000 0.000000 1.000000
0.992568 0.023607 0.119380 -1.425410 -0.044410 0.983613 0.174736 98.875664 -0.113299 -0.178739 0.977351 104.098770 0.000000 0.000000 0.000000 1.000000
0.993392 0.017128 0.113482 -1.483227 -0.036856 0.984037 0.174104 99.251343 -0.108688 -0.177136 0.978167 105.528557 0.000000 0.000000 0.000000 1.000000
0.994426 0.009291 0.105023 -1.476413 -0.027474 0.984530 0.173047 99.606232 -0.101790 -0.174968 0.979298 106.906433 0.000000 0.000000 0.000000 1.000000
0.995328 0.001609 0.096534 -1.400765 -0.018318 0.984847 0.172456 99.895706 -0.094794 -0.173418 0.980276 108.254303 0.000000 0.000000 0.000000 1.000000
0.996048 -0.003842 0.088736 -1.239097 -0.011470 0.985136 0.171392 100.141197 -0.088076 -0.171732 0.981199 109.617477 0.000000 0.000000 0.000000 1.000000
0.996667 -0.004359 0.081458 -0.979119 -0.009546 0.985479 0.169530 100.349564 -0.081014 -0.169743 0.982153 111.020798 0.000000 0.000000 0.000000 1.000000
0.997208 0.001105 0.074668 -0.640000 -0.013692 0.985645 0.168277 100.519531 -0.073410 -0.168830 0.982908 112.454544 0.000000 0.000000 0.000000 1.000000
0.997601 0.009964 0.068506 -0.272644 -0.021473 0.985316 0.169384 100.721512 -0.065812 -0.170449 0.983166 113.873138 0.000000 0.000000 0.000000 1.000000
0.997882 0.017435 0.062671 0.108896 -0.028071 0.984509 0.173071 100.940216 -0.058683 -0.174464 0.982913 115.235031 0.000000 0.000000 0.000000 1.000000
0.998191 0.021102 0.056293 0.502134 -0.030786 0.983702 0.177151 101.166054 -0.051637 -0.178563 0.982573 116.517761 0.000000 0.000000 0.000000 1.000000
0.998584 0.022132 0.048376 0.915664 -0.030456 0.983423 0.178753 101.431244 -0.043618 -0.179973 0.982704 117.716286 0.000000 0.000000 0.000000 1.000000
0.999003 0.023120 0.038190 1.361169 -0.029530 0.983788 0.176887 101.754700 -0.033482 -0.177839 0.983490 118.828911 0.000000 0.000000 0.000000 1.000000
0.999353 0.025368 0.025499 1.839144 -0.029405 0.984477 0.173030 102.098343 -0.020713 -0.173668 0.984586 119.847443 0.000000 0.000000 0.000000 1.000000
0.999539 0.028321 0.010922 2.330406 -0.029762 0.985127 0.169233 102.399857 -0.005967 -0.169481 0.985515 120.764442 0.000000 0.000000 0.000000 1.000000
0.999517 0.030797 -0.004045 2.798557 -0.029697 0.985644 0.166203 102.617424 0.009105 -0.166003 0.986083 121.573097 0.000000 0.000000 0.000000 1.000000
0.999323 0.032183 -0.017811 3.219383 -0.028844 0.986119 0.163516 102.762238 0.022827 -0.162892 0.986380 122.269676 0.000000 0.000000 0.000000 1.000000
0.999030 0.032592 -0.029618 3.590721 -0.027421 0.986617 0.160733 102.868248 0.034461 -0.159765 0.986553 122.857185 0.000000 0.000000 0.000000 1.000000
0.998683 0.032495 -0.039709 3.925716 -0.025845 0.987133 0.157800 102.966278 0.044326 -0.156566 0.986672 123.347893 0.000000 0.000000 0.000000 1.000000
0.998284 0.032510 -0.048713 4.236451 -0.024616 0.987659 0.154673 103.077240 0.053140 -0.153208 0.986764 123.758774 0.000000 0.000000 0.000000 1.000000
0.997823 0.033156 -0.057006 4.524334 -0.024210 0.988235 0.151014 103.212173 0.061342 -0.149305 0.986887 124.102364 0.000000 0.000000 0.000000 1.000000
0.997318 0.034498 -0.064548 4.781922 -0.024727 0.988906 0.146467 103.368752 0.068885 -0.144478 0.987107 124.378372 0.000000 0.000000 0.000000 1.000000
0.996809 0.036177 -0.071152 5.004771 -0.025836 0.989639 0.141237 103.527946 0.075524 -0.138948 0.987416 124.576775 0.000000 0.000000 0.000000 1.000000
0.996344 0.037846 -0.076586 5.194331 -0.027143 0.990302 0.136258 103.661819 0.081000 -0.133681 0.987709 124.685608 0.000000 0.000000 0.000000 1.000000
0.995955 0.039394 -0.080761 5.354220 -0.028440 0.990768 0.132553 103.748238 0.085237 -0.129720 0.987880 124.704742 0.000000 0.000000 0.000000 1.000000
0.995621 0.040819 -0.084099 5.488124 -0.029617 0.991021 0.130385 103.782166 0.088666 -0.127323 0.987890 124.655510 0.000000 0.000000 0.000000 1.000000
0.995289 0.042060 -0.087349 5.595377 -0.030558 0.991164 0.129071 103.776192 0.092006 -0.125794 0.987781 124.569992 0.000000 0.000000 0.000000 1.000000
0.994920 0.043000 -0.091020 5.674602 -0.031168 0.991332 0.127630 103.750839 0.095719 -0.124145 0.987637 124.472099 0.000000 0.000000 0.000000 1.000000
0.994519 0.043543 -0.095058 5.730132 -0.031413 0.991587 0.125569 103.723213 0.099726 -0.121895 0.987520 124.367371 0.000000 0.000000 0.000000 1.000000
0.994117 0.043726 -0.099092 5.770995 -0.031361 0.991902 0.123073 103.702919 0.103672 -0.119241 0.987438 124.246574 0.000000 0.000000 0.000000 1.000000
0.993744 0.043686 -0.102786 5.803180 -0.031150 0.992219 0.120546 103.684174 0.107252 -0.116590 0.987372 124.095703 0.000000 0.000000 0.000000 1.000000
0.993432 0.043463 -0.105852 5.825835 -0.030843 0.992526 0.118071 103.681435 0.110193 -0.114031 0.987347 123.909019 0.000000 0.000000 0.000000 1.000000
0.993234 0.042916 -0.107906 5.837292 -0.030370 0.992862 0.115337 103.704765 0.112086 -0.111279 0.987448 123.691841 0.000000 0.000000 0.000000 1.000000
0.993201 0.041981 -0.108579 5.841130 -0.029727 0.993251 0.112109 103.749321 0.112552 -0.108119 0.987746 123.458527 0.000000 0.000000 0.000000 1.000000
0.993319 0.040901 -0.107910 5.843783 -0.029105 0.993647 0.108713 103.798317 0.111671 -0.104846 0.988199 123.224792 0.000000 0.000000 0.000000 1.000000
0.993506 0.039986 -0.106519 5.846526 -0.028660 0.993973 0.105810 103.835022 0.110108 -0.102070 0.988665 123.000298 0.000000 0.000000 0.000000 1.000000
0.993681 0.039248 -0.105155 5.845449 -0.028298 0.994209 0.103673 103.854057 0.108615 -0.100042 0.989037 122.787292 0.000000 0.000000 0.000000 1.000000
0.993834 0.038410 -0.104009 5.839284 -0.027768 0.994407 0.101902 103.862373 0.107341 -0.098386 0.989342 122.584663 0.000000 0.000000 0.000000 1.000000
0.994027 0.037196 -0.102596 5.833565 -0.026906 0.994632 0.099916 103.872620 0.105761 -0.096559 0.989692 122.390862 0.000000 0.000000 0.000000 1.000000
0.994315 0.035579 -0.100357 5.834836 -0.025749 0.994893 0.097597 103.893349 0.103317 -0.094458 0.990153 122.204063 0.000000 0.000000 0.000000 1.000000
0.994678 0.033932 -0.097287 5.843556 -0.024613 0.995132 0.095430 103.924362 0.100052 -0.092527 0.990671 122.021698 0.000000 0.000000 0.000000 1.000000
0.995034 0.032873 -0.093947 5.854710 -0.023997 0.995274 0.094100 103.959938 0.096596 -0.091378 0.991120 121.843155 0.000000 0.000000 0.000000 1.000000
0.995314 0.032716 -0.090998 5.864082 -0.024132 0.995290 0.093890 103.994484 0.093641 -0.091254 0.991415 121.671722 0.000000 0.000000 0.000000 1.000000
0.995499 0.033073 -0.088818 5.872125 -0.024637 0.995225 0.094446 104.024651 0.091518 -0.091833 0.991560 121.513878 0.000000 0.000000 0.000000 1.000000
0.995613 0.033241 -0.087460 5.881747 -0.024867 0.995153 0.095145 104.048454 0.090198 -0.092552 0.991614 121.375252 0.000000 0.000000 0.000000 1.000000
0.995684 0.032913 -0.086779 5.894168 -0.024558 0.995113 0.095644 104.064468 0.089502 -0.093100 0.991626 121.257652 0.000000 0.000000 0.000000 1.000000
0.995727 0.032307 -0.086511 5.908356 -0.023949 0.995096 0.095968 104.073059 0.089187 -0.093487 0.991618 121.158234 0.000000 0.000000 0.000000 1.000000
0.995765 0.031718 -0.086295 5.922175 -0.023361 0.995090 0.096176 104.078156 0.088922 -0.093753 0.991617 121.071709 0.000000 0.000000 0.000000 1.000000
0.995826 0.031198 -0.085779 5.933486 -0.022890 0.995100 0.096183 104.083099 0.088360 -0.093818 0.991661 120.994530 0.000000 0.000000 0.000000 1.000000
0.995928 0.030643 -0.084784 5.940612 -0.022453 0.995136 0.095916 104.087654 0.087311 -0.093621 0.991772 120.926208 0.000000 0.000000 0.000000 1.000000
0.996065 0.030030 -0.083385 5.942732 -0.022010 0.995188 0.095479 104.089813 0.085851 -0.093267 0.991933 120.868752 0.000000 0.000000 0.000000 1.000000
0.996205 0.029541 -0.081872 5.938926 -0.021697 0.995232 0.095092 104.089584 0.084290 -0.092955 0.992096 120.824120 0.000000 0.000000 0.000000 1.000000</float_array><technique_common><accessor source="#mixamorig_Hips-Matrix-animation-output-transform-array" count="91" stride="16"><param type="float4x4"/></accessor></technique_common></source><source id="mixamorig_Hips-Interpolations"><Name_array id="mixamorig_Hips-Interpolations-array" count="91">
 LINEAR LINEAR LINEAR LINEAR LINEAR LINEAR LINEAR LINEAR LINEAR LINEAR LINEAR
LINEAR LINEAR LINEAR LINEAR LINEAR LINEAR LINEAR LINEAR LINEAR LINEAR LINEAR LINEAR
LINEAR LINEAR LINEAR LINEAR LINEAR LINEAR LINEAR LINEAR LINEAR LINEAR LINEAR LINEAR
LINEAR LINEAR LINEAR LINEAR LINEAR LINEAR LINEAR LINEAR LINEAR LINEAR LINEAR LINEAR
LINEAR LINEAR LINEAR LINEAR LINEAR LINEAR LINEAR LINEAR LINEAR LINEAR LINEAR LINEAR
LINEAR LINEAR LINEAR LINEAR LINEAR LINEAR LINEAR LINEAR LINEAR LINEAR LINEAR LINEAR
LINEAR LINEAR LINEAR LINEAR LINEAR LINEAR LINEAR LINEAR LINEAR LINEAR LINEAR LINEAR
LINEAR LINEAR LINEAR LINEAR LINEAR LINEAR LINEAR LINEAR</Name_array><technique_common><accessor source="#mixamorig_Hips-Interpolations-array" count="91"><param type="name"/></accessor></technique_common></source><sampler id="mixamorig_Hips-Matrix-animation-transform"><input semantic="INPUT" source="#mixamorig_Hips-Matrix-animation-input"/><input semantic="OUTPUT" source="#mixamorig_Hips-Matrix-animation-output-transform"/><input semantic="INTERPOLATION" source="#mixamorig_Hips-Interpolations"/></sampler><channel source="#mixamorig_Hips-Matrix-animation-transform" target="mixamorig_Hips/matrix"/></animation>
    <animation id="mixamorig_Spine-anim" name="mixamorig_Spine"><source id="mixamorig_Spine-Matrix-animation-input"><float_array id="mixamorig_Spine-Matrix-animation-input-array" count="91">

0.000000 0.033333 0.066667 0.100000 0.133333 0.166667 0.200000 0.233333 0.266667 0.300000 0.333333 0.366667 0.400000 0.433333 0.466667 0.500000
0.533333 0.566667 0.600000 0.633333 0.666667 0.700000 0.733333 0.766667 0.800000 0.833333 0.866667 0.900000 0.933333 0.966667 1.000000 1.033333
1.066667 1.100000 1.133333 1.166667 1.200000 1.233333 1.266667 1.300000 1.333333 1.366667 1.400000 1.433333 1.466667 1.500000 1.533333 1.566667
1.600000 1.633333 1.666667 1.700000 1.733333 1.766667 1.800000 1.833333 1.866667 1.900000 1.933333 1.966667 2.000000 2.033333 2.066667 2.100000
2.133333 2.166667 2.200000 2.233333 2.266667 2.300000 2.333333 2.366667 2.400000 2.433333 2.466667 2.500000 2.533333 2.566667 2.600000 2.633333
2.666667 2.700000 2.733333 2.766667 2.800000 2.833333 2.866667 2.900000 2.933333 2.966667 3.000000</float_array><technique_common><accessor source="#mixamorig_Spine-Matrix-animation-input-array" count="91"><param name="TIME" type="float"/></accessor></technique_common></source><source id="mixamorig_Spine-Matrix-animation-output-transform"><float_array id="mixamorig_Spine-Matrix-animation-output-transform-array" count="1456">

0.999755 -0.020762 0.007609 0.000000 0.020799 0.999772 -0.004844 10.997300 -0.007507 0.005001 0.999959 -0.803100 0.000000 0.000000 0.000000 1.000000
0.999732 -0.020023 0.011600 0.000000 0.020078 0.999788 -0.004645 10.997300 -0.011504 0.004877 0.999922 -0.803100 0.000000 0.000000 0.000000 1.000000
0.999690 -0.020155 0.014652 -0.000000 0.020207 0.999790 -0.003434 10.997300 -0.014580 0.003729 0.999887 -0.803100 0.000000 0.000000 0.000000 1.000000
0.999638 -0.021401 0.016328 0.000000 0.021427 0.999769 -0.001412 10.997300 -0.016294 0.001761 0.999866 -0.803100 0.000000 0.000000 0.000000 1.000000
0.999595 -0.022937 0.016848 0.000000 0.022928 0.999737 0.000748 10.997300 -0.016860 -0.000361 0.999858 -0.803100 0.000000 0.000000 0.000000 1.000000
0.999572 -0.023719 0.017122 0.000000 0.023683 0.999717 0.002265 10.997300 -0.017171 -0.001858 0.999851 -0.803100 0.000000 0.000000 0.000000 1.000000
0.999557 -0.023488 0.018256 0.000000 0.023437 0.999721 0.002980 10.997300 -0.018321 -0.002550 0.999829 -0.803100 0.000000 0.000000 0.000000 1.000000
0.999538 -0.022326 0.020634 -0.000000 0.022258 0.999746 0.003528 10.997300 -0.020707 -0.003067 0.999781 -0.803100 0.000000 0.000000 0.000000 1.000000
0.999533 -0.019634 0.023405 -0.000000 0.019528 0.999798 0.004729 10.997300 -0.023494 -0.004270 0.999715 -0.803100 0.000000 0.000000 0.000000 1.000000
0.999577 -0.014546 0.025172 -0.000000 0.014380 0.999874 0.006771 10.997300 -0.025267 -0.006406 0.999660 -0.803100 0.000000 0.000000 0.000000 1.000000
0.999665 -0.006944 0.024951 0.000000 0.006724 0.999938 0.008888 10.997300 -0.025011 -0.008717 0.999649 -0.803100 0.000000 0.000000 0.000000 1.000000
0.999742 0.002208 0.022621 0.000000 -0.002432 0.999948 0.009861 10.997300 -0.022598 -0.009913 0.999695 -0.803100 0.000000 0.000000 0.000000 1.000000
0.999767 0.010861 0.018645 0.000000 -0.011027 0.999900 0.008876 10.997300 -0.018546 -0.009080 0.999787 -0.803100 0.000000 0.000000 0.000000 1.000000
0.999758 0.017252 0.013656 0.000000 -0.017336 0.999831 0.006052 10.997300 -0.013549 -0.006287 0.999888 -0.803100 0.000000 0.000000 0.000000 1.000000
0.999748 0.020864 0.008247 0.000000 -0.020883 0.999779 0.002234 10.997300 -0.008198 -0.002406 0.999964 -0.803100 0.000000 0.000000 0.000000 1.000000
0.999736 0.022798 0.002745 0.000000 -0.022794 0.999739 -0.001497 10.997300 -0.002778 0.001434 0.999995 -0.803100 0.000000 0.000000 0.000000 1.000000
0.999716 0.023635 -0.002989 0.000000 -0.023647 0.999711 -0.004291 10.997300 0.002887 0.004360 0.999986 -0.803100 0.000000 0.000000 0.000000 1.000000
0.999689 0.023226 -0.009080 0.000000 -0.023280 0.999712 -0.005874 10.997300 0.008941 0.006083 0.999942 -0.803100 0.000000 0.000000 0.000000 1.000000
0.999651 0.021557 -0.015277 0.000000 -0.021658 0.999745 -0.006459 10.997300 0.015134 0.006788 0.999862 -0.803100 0.000000 0.000000 0.000000 1.000000
0.999598 0.018986 -0.021051 0.000000 -0.019125 0.999797 -0.006390 10.997300 0.020926 0.006790 0.999758 -0.803100 0.000000 0.000000 0.000000 1.000000
0.999536 0.016003 -0.025936 0.000000 -0.016162 0.999852 -0.005897 10.997300 0.025838 0.006314 0.999646 -0.803100 0.000000 0.000000 0.000000 1.000000
0.999472 0.013150 -0.029715 0.000000 -0.013304 0.999899 -0.005011 10.997300 0.029646 0.005404 0.999546 -0.803100 0.000000 0.000000 0.000000 1.000000
0.999415 0.011019 -0.032382 0.000000 -0.011141 0.999932 -0.003584 10.997300 0.032340 0.003943 0.999469 -0.803100 0.000000 0.000000 0.000000 1.000000
0.999369 0.010133 -0.034045 0.000000 -0.010189 0.999947 -0.001454 10.997300 0.034028 0.001800 0.999419 -0.803100 0.000000 0.000000 0.000000 1.000000
0.999341 0.010350 -0.034800 0.000000 -0.010314 0.999946 0.001227 10.997300 0.034810 -0.000867 0.999394 -0.803100 0.000000 0.000000 0.000000 1.000000
0.999324 0.011202 -0.035009 0.000000 -0.011067 0.999931 0.004047 10.997300 0.035052 -0.003657 0.999379 -0.803100 0.000000 0.000000 0.000000 1.000000
0.999318 0.011798 -0.034991 0.000000 -0.011578 0.999912 0.006494 10.997300 0.035064 -0.006085 0.999367 -0.803100 0.000000 0.000000 0.000000 1.000000
0.999309 0.011912 -0.035209 0.000000 -0.011618 0.999896 0.008569 10.997300 0.035308 -0.008154 0.999343 -0.803100 0.000000 0.000000 0.000000 1.000000
0.999295 0.011367 -0.035773 -0.000000 -0.010991 0.999883 0.010682 10.997300 0.035890 -0.010282 0.999303 -0.803100 0.000000 0.000000 0.000000 1.000000
0.999283 0.010100 -0.036500 0.000000 -0.009619 0.999865 0.013321 10.997300 0.036629 -0.012960 0.999245 -0.803100 0.000000 0.000000 0.000000 1.000000
0.999290 0.007824 -0.036862 0.000000 -0.007223 0.999840 0.016392 10.997300 0.036984 -0.016114 0.999186 -0.803100 0.000000 0.000000 0.000000 1.000000
0.999328 0.004281 -0.036402 0.000000 -0.003581 0.999808 0.019271 10.997300 0.036478 -0.019128 0.999151 -0.803100 0.000000 0.000000 0.000000 1.000000
0.999386 -0.000506 -0.035023 0.000000 0.001248 0.999775 0.021188 10.997300 0.035004 -0.021218 0.999162 -0.803100 0.000000 0.000000 0.000000 1.000000
0.999439 -0.005626 -0.033025 0.000000 0.006345 0.999744 0.021708 10.997300 0.032894 -0.021905 0.999219 -0.803100 0.000000 0.000000 0.000000 1.000000
0.999477 -0.009796 -0.030821 0.000000 0.010442 0.999728 0.020849 10.997300 0.030608 -0.021160 0.999307 -0.803100 0.000000 0.000000 0.000000 1.000000
0.999514 -0.012459 -0.028579 0.000000 0.013001 0.999737 0.018871 10.997300 0.028337 -0.019233 0.999413 -0.803100 0.000000 0.000000 0.000000 1.000000
0.999561 -0.013864 -0.026170 0.000000 0.014290 0.999767 0.016175 10.997300 0.025939 -0.016542 0.999527 -0.803100 0.000000 0.000000 0.000000 1.000000
0.999613 -0.015135 -0.023333 -0.000000 0.015445 0.999794 0.013173 10.997300 0.023129 -0.013529 0.999641 -0.803100 0.000000 0.000000 0.000000 1.000000
0.999651 -0.017398 -0.019856 -0.000000 0.017606 0.999792 0.010336 10.997300 0.019672 -0.010682 0.999749 -0.803100 0.000000 0.000000 0.000000 1.000000
0.999668 -0.020464 -0.015632 0.000000 0.020594 0.999754 0.008222 10.997300 0.015460 -0.008542 0.999844 -0.803100 0.000000 0.000000 0.000000 1.000000
0.999677 -0.023010 -0.010768 0.000000 0.023088 0.999707 0.007215 10.997300 0.010599 -0.007462 0.999916 -0.803100 0.000000 0.000000 0.000000 1.000000
0.999698 -0.023948 -0.005488 0.000000 0.023987 0.999686 0.007188 10.997300 0.005314 -0.007317 0.999959 -0.803100 0.000000 0.000000 0.000000 1.000000
0.999734 -0.023065 -0.000146 0.000000 0.023066 0.999705 0.007595 10.997300 -0.000029 -0.007596 0.999971 -0.803100 0.000000 0.000000 0.000000 1.000000
0.999768 -0.020980 0.004801 0.000000 0.020941 0.999749 0.007992 10.997300 -0.004967 -0.007889 0.999957 -0.803100 0.000000 0.000000 0.000000 1.000000
0.999789 -0.018571 0.008771 0.000000 0.018498 0.999794 0.008394 10.997300 -0.008925 -0.008230 0.999926 -0.803100 0.000000 0.000000 0.000000 1.000000
0.999796 -0.016834 0.011184 -0.000000 0.016732 0.999818 0.009134 10.997300 -0.011336 -0.008945 0.999896 -0.803100 0.000000 0.000000 0.000000 1.000000
0.999795 -0.016414 0.011819 0.000000 0.016291 0.999813 0.010435 10.997300 -0.011988 -0.010240 0.999876 -0.803100 0.000000 0.000000 0.000000 1.000000
0.999794 -0.017061 0.010953 0.000000 0.016928 0.999783 0.012180 10.997300 -0.011159 -0.011992 0.999866 -0.803100 0.000000 0.000000 0.000000 1.000000
0.999807 -0.017400 0.009172 0.000000 0.017270 0.999752 0.014046 10.997300 -0.009414 -0.013885 0.999859 -0.803100 0.000000 0.000000 0.000000 1.000000
0.999833 -0.016820 0.007165 0.000000 0.016705 0.999735 0.015852 10.997300 -0.007430 -0.015729 0.999849 -0.803100 0.000000 0.000000 0.000000 1.000000
0.999864 -0.015580 0.005429 0.000000 0.015482 0.999725 0.017628 10.997300 -0.005702 -0.017542 0.999830 -0.803100 0.000000 0.000000 0.000000 1.000000
0.999889 -0.014314 0.004105 0.000000 0.014232 0.999709 0.019462 10.997300 -0.004382 -0.019401 0.999802 -0.803100 0.000000 0.000000 0.000000 1.000000
0.999905 -0.013463 0.003092 0.000000 0.013394 0.999683 0.021306 10.997300 -0.003378 -0.021263 0.999768 -0.803100 0.000000 0.000000 0.000000 1.000000
0.999912 -0.013056 0.002232 0.000000 0.013001 0.999652 0.022964 10.997300 -0.002531 -0.022933 0.999734 -0.803100 0.000000 0.000000 0.000000 1.000000
0.999916 -0.012876 0.001441 -0.000000 0.012837 0.999624 0.024226 10.997300 -0.001752 -0.024206 0.999705 -0.803100 0.000000 0.000000 0.000000 1.000000
0.999920 -0.012616 0.000716 0.000000 0.012594 0.999607 0.025026 10.997300 -0.001031 -0.025015 0.999687 -0.803100 0.000000 0.000000 0.000000 1.000000
0.999927 -0.012121 0.000088 0.000000 0.012114 0.999602 0.025496 10.997300 -0.000397 -0.025493 0.999675 -0.803100 0.000000 0.000000 0.000000 1.000000
0.999934 -0.011454 -0.000427 -0.000000 0.011461 0.999599 0.025890 10.997300 0.000131 -0.025893 0.999665 -0.803100 0.000000 0.000000 0.000000 1.000000
0.999941 -0.010813 -0.000845 0.000000 0.010832 0.999591 0.026450 10.997300 0.000558 -0.026458 0.999650 -0.803100 0.000000 0.000000 0.000000 1.000000
0.999945 -0.010387 -0.001217 0.000000 0.010417 0.999573 0.027295 10.997300 0.000933 -0.027307 0.999627 -0.803100 0.000000 0.000000 0.000000 1.000000
0.999946 -0.010240 -0.001615 0.000000 0.010282 0.999545 0.028359 10.997300 0.001324 -0.028374 0.999597 -0.803100 0.000000 0.000000 0.000000 1.000000
0.999945 -0.010306 -0.002084 -0.000000 0.010362 0.999514 0.029405 10.997300 0.001780 -0.029425 0.999565 -0.803100 0.000000 0.000000 0.000000 1.000000
0.999942 -0.010463 -0.002593 -0.000000 0.010536 0.999490 0.030149 10.997300 0.002276 -0.030174 0.999542 -0.803100 0.000000 0.000000 0.000000 1.000000
0.999939 -0.010620 -0.003020 0.000000 0.010707 0.999480 0.030418 10.997300 0.002695 -0.030448 0.999533 -0.803100 0.000000 0.000000 0.000000 1.000000
0.999937 -0.010745 -0.003208 0.000000 0.010838 0.999483 0.030276 10.997300 0.002881 -0.030309 0.999536 -0.803100 0.000000 0.000000 0.000000 1.000000
0.999937 -0.010845 -0.003061 -0.000000 0.010932 0.999490 0.029991 10.997300 0.002734 -0.030023 0.999545 -0.803100 0.000000 0.000000 0.000000 1.000000
0.999937 -0.010935 -0.002594 0.000000 0.011008 0.999493 0.029865 10.997300 0.002266 -0.029892 0.999551 -0.803100 0.000000 0.000000 0.000000 1.000000
0.999937 -0.011016 -0.001915 0.000000 0.011069 0.999487 0.030056 10.997300 0.001583 -0.030075 0.999546 -0.803100 0.000000 0.000000 0.000000 1.000000
0.999938 -0.011077 -0.001159 -0.000000 0.011108 0.999472 0.030521 10.997300 0.000821 -0.030532 0.999533 -0.803100 0.000000 0.000000 0.000000 1.000000
0.999938 -0.011107 -0.000443 0.000000 0.011116 0.999454 0.031105 10.997300 0.000097 -0.031108 0.999516 -0.803100 0.000000 0.000000 0.000000 1.000000
0.999938 -0.011094 0.000161 -0.000000 0.011083 0.999437 0.031680 10.997300 -0.000512 -0.031676 0.999498 -0.803100 0.000000 0.000000 0.000000 1.000000
0.999939 -0.011035 0.000623 0.000000 0.011010 0.999421 0.032183 10.997300 -0.000978 -0.032174 0.999482 -0.803100 0.000000 0.000000 0.000000 1.000000
0.999940 -0.010954 0.000967 0.000000 0.010916 0.999409 0.032592 10.997300 -0.001324 -0.032580 0.999468 -0.803100 0.000000 0.000000 0.000000 1.000000
0.999940 -0.010888 0.001264 0.000000 0.010841 0.999401 0.032879 10.997300 -0.001622 -0.032864 0.999459 -0.803100 0.000000 0.000000 0.000000 1.000000
0.999940 -0.010868 0.001607 -0.000000 0.010809 0.999396 0.033026 10.997300 -0.001965 -0.033007 0.999453 -0.803100 0.000000 0.000000 0.000000 1.000000
0.999939 -0.010889 0.002046 0.000000 0.010815 0.999394 0.033076 10.997300 -0.002405 -0.033051 0.999451 -0.803100 0.000000 0.000000 0.000000 1.000000
0.999937 -0.010907 0.002540 -0.000000 0.010817 0.999392 0.033145 10.997300 -0.002900 -0.033116 0.999447 -0.803100 0.000000 0.000000 0.000000 1.000000
0.999936 -0.010881 0.002968 0.000000 0.010776 0.999386 0.033354 10.997300 -0.003329 -0.033320 0.999439 -0.803100 0.000000 0.000000 0.000000 1.000000
0.999936 -0.010807 0.003212 -0.000000 0.010692 0.999374 0.033716 10.997300 -0.003575 -0.033680 0.999426 -0.803100 0.000000 0.000000 0.000000 1.000000
0.999937 -0.010748 0.003242 0.000000 0.010632 0.999361 0.034116 10.997300 -0.003606 -0.034079 0.999413 -0.803100 0.000000 0.000000 0.000000 1.000000
0.999937 -0.010794 0.003127 0.000000 0.010680 0.999352 0.034382 10.997300 -0.003496 -0.034346 0.999404 -0.803100 0.000000 0.000000 0.000000 1.000000
0.999935 -0.010988 0.002997 0.000000 0.010879 0.999349 0.034400 10.997300 -0.003373 -0.034366 0.999404 -0.803100 0.000000 0.000000 0.000000 1.000000
0.999932 -0.011285 0.002959 -0.000000 0.011177 0.999353 0.034173 10.997300 -0.003342 -0.034138 0.999412 -0.803100 0.000000 0.000000 0.000000 1.000000
0.999928 -0.011588 0.003051 -0.000000 0.011478 0.999363 0.033788 10.997300 -0.003440 -0.033751 0.999424 -0.803100 0.000000 0.000000 0.000000 1.000000
0.999925 -0.011830 0.003232 0.000000 0.011716 0.999375 0.033361 10.997300 -0.003625 -0.033321 0.999438 -0.803100 0.000000 0.000000 0.000000 1.000000
0.999922 -0.012004 0.003413 0.000000 0.011885 0.999386 0.032973 10.997300 -0.003806 -0.032930 0.999450 -0.803100 0.000000 0.000000 0.000000 1.000000
0.999920 -0.012129 0.003499 -0.000000 0.012008 0.999394 0.032659 10.997300 -0.003893 -0.032614 0.999460 -0.803100 0.000000 0.000000 0.000000 1.000000
0.999920 -0.012208 0.003437 -0.000000 0.012090 0.999401 0.032421 10.997300 -0.003831 -0.032377 0.999468 -0.803100 0.000000 0.000000 0.000000 1.000000
0.999920 -0.012227 0.003223 0.000000 0.012116 0.999407 0.032242 10.997300 -0.003615 -0.032200 0.999475 -0.803100 0.000000 0.000000 0.000000 1.000000
0.999922 -0.012183 0.002896 0.000000 0.012084 0.999412 0.032100 10.997300 -0.003286 -0.032062 0.999480 -0.803100 0.000000 0.000000 0.000000 1.000000
0.999924 -0.012097 0.002496 0.000000 0.012011 0.999416 0.031975 10.997300 -0.002881 -0.031943 0.999486 -0.803100 0.000000 0.000000 0.000000 1.000000</float_array><technique_common><accessor source="#mixamorig_Spine-Matrix-animation-output-transform-array" count="91" stride="16"><param type="float4x4"/></accessor></technique_common></source><source id="mixamorig_Spine-Interpolations"><Name_array id="mixamorig_Spine-Interpolations-array" count="91">
 LINEAR LINEAR LINEAR LINEAR LINEAR LINEAR LINEAR LINEAR LINEAR LINEAR LINEAR
LINEAR LINEAR LINEAR LINEAR LINEAR LINEAR LINEAR LINEAR LINEAR LINEAR LINEAR LINEAR
LINEAR LINEAR LINEAR LINEAR LINEAR LINEAR LINEAR LINEAR LINEAR LINEAR LINEAR LINEAR
LINEAR LINEAR LINEAR LINEAR LINEAR LINEAR LINEAR LINEAR LINEAR LINEAR LINEAR LINEAR
LINEAR LINEAR LINEAR LINEAR LINEAR LINEAR LINEAR LINEAR LINEAR LINEAR LINEAR LINEAR
LINEAR LINEAR LINEAR LINEAR LINEAR LINEAR LINEAR LINEAR LINEAR LINEAR LINEAR LINEAR
LINEAR LINEAR LINEAR LINEAR LINEAR LINEAR LINEAR LINEAR LINEAR LINEAR LINEAR LINEAR
LINEAR LINEAR LINEAR LINEAR LINEAR LINEAR LINEAR LINEAR</Name_array><technique_common><accessor source="#mixamorig_Spine-Interpolations-array" count="91"><param type="name"/></accessor></technique_common></source><sampler id="mixamorig_Spine-Matrix-animation-transform"><input semantic="INPUT" source="#mixamorig_Spine-Matrix-animation-input"/><input semantic="OUTPUT" source="#mixamorig_Spine-Matrix-animation-output-transform"/><input semantic="INTERPOLATION" source="#mixamorig_Spine-Interpolations"/></sampler><channel source="#mixamorig_Spine-Matrix-animation-transform" target="mixamorig_Spine/matrix"/></animation>
    <animation id="mixamorig_Spine1-anim" name="mixamorig_Spine1"><source id="mixamorig_Spine1-Matrix-animation-input"><float_array id="mixamorig_Spine1-Matrix-animation-input-array" count="91">

0.000000 0.033333 0.066667 0.100000 0.133333 0.166667 0.200000 0.233333 0.266667 0.300000 0.333333 0.366667 0.400000 0.433333 0.466667 0.500000
0.533333 0.566667 0.600000 0.633333 0.666667 0.700000 0.733333 0.766667 0.800000 0.833333 0.866667 0.900000 0.933333 0.966667 1.000000 1.033333
1.066667 1.100000 1.133333 1.166667 1.200000 1.233333 1.266667 1.300000 1.333333 1.366667 1.400000 1.433333 1.466667 1.500000 1.533333 1.566667
1.600000 1.633333 1.666667 1.700000 1.733333 1.766667 1.800000 1.833333 1.866667 1.900000 1.933333 1.966667 2.000000 2.033333 2.066667 2.100000
2.133333 2.166667 2.200000 2.233333 2.266667 2.300000 2.333333 2.366667 2.400000 2.433333 2.466667 2.500000 2.533333 2.566667 2.600000 2.633333
2.666667 2.700000 2.733333 2.766667 2.800000 2.833333 2.866667 2.900000 2.933333 2.966667 3.000000</float_array><technique_common><accessor source="#mixamorig_Spine1-Matrix-animation-input-array" count="91"><param name="TIME" type="float"/></accessor></technique_common></source><source id="mixamorig_Spine1-Matrix-animation-output-transform"><float_array id="mixamorig_Spine1-Matrix-animation-output-transform-array" count="1456">

0.999278 -0.032891 0.019029 0.000000 0.035446 0.987305 -0.154830 12.864400 -0.013695 0.155392 0.987758 0.000000 0.000000 0.000000 0.000000 1.000000
0.999191 -0.030073 0.026708 -0.000000 0.033846 0.987424 -0.154429 12.864400 -0.021728 0.155208 0.987643 0.000000 0.000000 0.000000 0.000000 1.000000
0.999031 -0.029808 0.032370 -0.000000 0.034398 0.987780 -0.152011 12.864400 -0.027444 0.152977 0.987849 -0.000000 0.000000 0.000000 0.000000 1.000000
0.998864 -0.031864 0.035440 0.000000 0.036778 0.988305 -0.147986 12.864400 -0.030310 0.149121 0.988354 0.000000 0.000000 0.000000 0.000000 1.000000
0.998729 -0.034880 0.036386 0.000000 0.039769 0.988824 -0.143683 12.864400 -0.030968 0.144947 0.988955 0.000000 0.000000 0.000000 0.000000 1.000000
0.998627 -0.036996 0.037083 0.000000 0.041868 0.989175 -0.140640 12.864400 -0.031478 0.141999 0.989366 0.000000 0.000000 0.000000 0.000000 1.000000
0.998533 -0.036873 0.039643 -0.000000 0.042061 0.989372 -0.139189 12.864400 -0.034089 0.140653 0.989472 -0.000000 0.000000 0.000000 0.000000 1.000000
0.998425 -0.034004 0.044630 0.000000 0.039877 0.989615 -0.138102 12.864400 -0.039470 0.139665 0.989412 0.000000 0.000000 0.000000 0.000000 1.000000
0.998341 -0.028156 0.050228 -0.000000 0.034755 0.990132 -0.135757 12.864400 -0.045910 0.137277 0.989468 0.000000 0.000000 0.000000 0.000000 1.000000
0.998385 -0.019123 0.053501 -0.000000 0.026041 0.990939 -0.131764 12.864400 -0.050496 0.132945 0.989836 0.000000 0.000000 0.000000 0.000000 1.000000
0.998608 -0.006788 0.052301 -0.000000 0.013426 0.991730 -0.127637 12.864400 -0.051002 0.128162 0.990441 0.000000 0.000000 0.000000 0.000000 1.000000
0.998891 0.008018 0.046397 0.000000 -0.002120 0.992054 -0.125791 12.864400 -0.047037 0.125554 0.990971 0.000000 0.000000 0.000000 0.000000 1.000000
0.999048 0.022880 0.037130 0.000000 -0.017959 0.991634 -0.127827 12.864400 -0.039744 0.127038 0.991101 0.000000 0.000000 0.000000 0.000000 1.000000
0.999061 0.034442 0.026293 -0.000000 -0.030638 0.990582 -0.133452 12.864400 -0.030642 0.132521 0.990706 0.000000 0.000000 0.000000 0.000000 1.000000
0.999044 0.041088 0.014956 -0.000000 -0.038575 0.989263 -0.140966 12.864400 -0.020587 0.140255 0.989901 -0.000000 0.000000 0.000000 0.000000 1.000000
0.999059 0.043258 0.003142 0.000000 -0.042315 0.988047 -0.148231 12.864400 -0.009517 0.147958 0.988948 0.000000 0.000000 0.000000 0.000000 1.000000
0.999075 0.041971 -0.009369 0.000000 -0.042913 0.987199 -0.153613 12.864400 0.002802 0.153873 0.988087 0.000000 0.000000 0.000000 0.000000 1.000000
0.999019 0.038301 -0.022231 0.000000 -0.041318 0.986793 -0.156630 12.864400 0.015938 0.157395 0.987407 -0.000000 0.000000 0.000000 0.000000 1.000000
0.998843 0.033424 -0.034563 0.000000 -0.038477 0.986734 -0.157719 12.864400 0.028833 0.158867 0.986879 0.000000 0.000000 0.000000 0.000000 1.000000
0.998566 0.028255 -0.045460 0.000000 -0.035096 0.986888 -0.157543 12.864400 0.040413 0.158912 0.986465 0.000000 0.000000 0.000000 0.000000 1.000000
0.998250 0.023202 -0.054387 0.000000 -0.031474 0.987170 -0.156542 12.864400 0.050057 0.157980 0.986173 0.000000 0.000000 0.000000 0.000000 1.000000
0.997951 0.018614 -0.061222 0.000000 -0.027915 0.987555 -0.154778 12.864400 0.057579 0.156170 0.986050 0.000000 0.000000 0.000000 0.000000 1.000000
0.997700 0.015119 -0.066079 -0.000000 -0.025038 0.988070 -0.151955 12.864400 0.062993 0.153260 0.986176 0.000000 0.000000 0.000000 0.000000 1.000000
0.997514 0.013404 -0.069187 0.000000 -0.023534 0.988745 -0.147748 12.864400 0.066428 0.149009 0.986602 0.000000 0.000000 0.000000 0.000000 1.000000
0.997417 0.013043 -0.070636 0.000000 -0.023029 0.989532 -0.142462 12.864400 0.068039 0.143721 0.987277 0.000000 0.000000 0.000000 0.000000 1.000000
0.997381 0.013553 -0.071039 0.000000 -0.023208 0.990313 -0.136901 12.864400 0.068495 0.138191 0.988034 0.000000 0.000000 0.000000 0.000000 1.000000
0.997384 0.013714 -0.070978 -0.000000 -0.023025 0.990971 -0.132082 12.864400 0.068525 0.133370 0.988694 0.000000 0.000000 0.000000 0.000000 1.000000
0.997357 0.013472 -0.071403 -0.000000 -0.022556 0.991519 -0.127987 12.864400 0.069073 0.129259 0.989202 0.000000 0.000000 0.000000 0.000000 1.000000
0.997289 0.012484 -0.072524 -0.000000 -0.021422 0.992075 -0.123808 12.864400 0.070404 0.125026 0.989652 0.000000 0.000000 0.000000 0.000000 1.000000
0.997206 0.010548 -0.073946 0.000000 -0.019295 0.992756 -0.118590 12.864400 0.072160 0.119686 0.990186 0.000000 0.000000 0.000000 0.000000 1.000000
0.997196 0.006588 -0.074548 0.000000 -0.014978 0.993533 -0.112555 12.864400 0.073324 0.113356 0.990845 0.000000 0.000000 0.000000 0.000000 1.000000
0.997300 0.000157 -0.073442 0.000000 -0.008032 0.994232 -0.106950 12.864400 0.073001 0.107251 0.991548 0.000000 0.000000 0.000000 0.000000 1.000000
0.997482 -0.008182 -0.070453 0.000000 0.000864 0.994653 -0.103274 12.864400 0.070921 0.102953 0.992155 0.000000 0.000000 0.000000 0.000000 1.000000
0.997669 -0.016741 -0.066160 -0.000000 0.009904 0.994699 -0.102354 12.864400 0.067523 0.101461 0.992545 0.000000 0.000000 0.000000 0.000000 1.000000
0.997830 -0.023729 -0.061418 -0.000000 0.017237 0.994413 -0.104142 12.864400 0.063546 0.102858 0.992664 0.000000 0.000000 0.000000 0.000000 1.000000
