<?xml version="1.0" encoding="utf-8"?>
<COLLADA xmlns="http://www.collada.org/2005/11/COLLADASchema" version="1.4.1">
  <asset><contributor><author>Mixamo</author><authoring_tool>COLLADA Mixamo exporter</authoring_tool><comments></comments></contributor><created>2020-05-20T14:49:40Z</created><modified>2020-05-20T14:49:40Z</modified><revision></revision><title></title><unit meter="0.010000"/><up_axis>Y_UP</up_axis></asset>
  <library_animations>
    <animation id="mixamorig_Hips-anim" name="mixamorig_Hips"><source id="mixamorig_Hips-Matrix-animation-input"><float_array id="mixamorig_Hips-Matrix-animation-input-array" count="85">

0.000000 0.033333 0.066667 0.100000 0.133333 0.166667 0.200000 0.233333 0.266667 0.300000 0.333333 0.366667 0.400000 0.433333 0.466667 0.500000
0.533333 0.566667 0.600000 0.633333 0.666667 0.700000 0.733333 0.766667 0.800000 0.833333 0.866667 0.900000 0.933333 0.966667 1.000000 1.033333
1.066667 1.100000 1.133333 1.166667 1.200000 1.233333 1.266667 1.300000 1.333333 1.366667 1.400000 1.433333 1.466667 1.500000 1.533333 1.566667
1.600000 1.633333 1.666667 1.700000 1.733333 1.766667 1.800000 1.833333 1.866667 1.900000 1.933333 1.966667 2.000000 2.033333 2.066667 2.100000
2.133333 2.166667 2.200000 2.233333 2.266667 2.300000 2.333333 2.366667 2.400000 2.433333 2.466667 2.500000 2.533333 2.566667 2.600000 2.633333
2.666667 2.700000 2.733333 2.766667 2.800000</float_array><technique_common><accessor source="#mixamorig_Hips-Matrix-animation-input-array" count="85"><param name="TIME" type="float"/></accessor></technique_common></source><source id="mixamorig_Hips-Matrix-animation-output-transform"><float_array id="mixamorig_Hips-Matrix-animation-output-transform-array" count="1360">

0.997550 0.003398 0.069881 -0.245057 -0.006274 0.999140 0.040989 100.288681 -0.069682 -0.041327 0.996713 -0.609970 0.000000 0.000000 0.000000 1.000000
0.998577 -0.007227 0.052832 -0.194643 0.005129 0.999198 0.039724 100.831772 -0.053076 -0.039396 0.997813 2.214686 0.000000 0.000000 0.000000 1.000000
0.999047 -0.010208 0.042438 -0.079596 0.008854 0.999449 0.031983 101.135651 -0.042742 -0.031577 0.998587 5.006475 0.000000 0.000000 0.000000 1.000000
0.999520 -0.013643 0.027830 0.028621 0.013001 0.999647 0.023152 101.172310 -0.028136 -0.022779 0.999345 7.751129 0.000000 0.000000 0.000000 1.000000
0.999811 -0.011723 0.015488 0.120041 0.011555 0.999874 0.010852 101.015793 -0.015614 -0.010671 0.999821 10.463338 0.000000 0.000000 0.000000 1.000000
0.999967 -0.006474 0.004919 0.193086 0.006487 0.999976 -0.002599 100.612198 -0.004902 0.002631 0.999985 13.174960 0.000000 0.000000 0.000000 1.000000
0.999987 -0.000761 -0.005016 0.303218 0.000686 0.999888 -0.014953 100.133118 0.005027 0.014949 0.999876 16.023680 0.000000 0.000000 0.000000 1.000000
0.999857 0.004470 -0.016315 0.502555 -0.004908 0.999625 -0.026924 99.404373 0.016189 0.027000 0.999504 19.078352 0.000000 0.000000 0.000000 1.000000
0.999497 0.007742 -0.030747 0.816936 -0.008930 0.999212 -0.038681 98.686378 0.030423 0.038936 0.998778 22.328550 0.000000 0.000000 0.000000 1.000000
0.998866 0.007004 -0.047092 1.250382 -0.009237 0.998835 -0.047354 98.131149 0.046706 0.047736 0.997767 25.879723 0.000000 0.000000 0.000000 1.000000
0.998066 -0.000223 -0.062157 1.787251 -0.003007 0.998649 -0.051870 97.809036 0.062085 0.051957 0.996718 29.933783 0.000000 0.000000 0.000000 1.000000
0.997107 -0.014876 -0.074544 2.320172 0.010939 0.998537 -0.052954 97.720245 0.075223 0.051986 0.995811 34.385624 0.000000 0.000000 0.000000 1.000000
0.995783 -0.032222 -0.085900 2.810840 0.027913 0.998314 -0.050898 97.968643 0.087395 0.048286 0.995003 38.810097 0.000000 0.000000 0.000000 1.000000
0.994195 -0.049130 -0.095718 3.297779 0.044760 0.997879 -0.047276 98.240715 0.097838 0.042717 0.994285 42.926003 0.000000 0.000000 0.000000 1.000000
0.993017 -0.062519 -0.100043 3.811378 0.058478 0.997369 -0.042836 98.550156 0.102458 0.036686 0.994061 46.639420 0.000000 0.000000 0.000000 1.000000
0.992608 -0.070382 -0.098868 4.329189 0.067113 0.997095 -0.036013 98.903496 0.101116 0.029112 0.994449 49.981197 0.000000 0.000000 0.000000 1.000000
0.992624 -0.073301 -0.096565 4.811727 0.070978 0.997105 -0.027282 99.230179 0.098285 0.020226 0.994953 53.085133 0.000000 0.000000 0.000000 1.000000
0.992857 -0.074388 -0.093281 5.219333 0.072977 0.997163 -0.018456 99.454155 0.094389 0.011517 0.995469 56.117577 0.000000 0.000000 0.000000 1.000000
0.993625 -0.073103 -0.085817 5.498176 0.072524 0.997318 -0.009848 99.592278 0.086306 0.003561 0.996262 59.170498 0.000000 0.000000 0.000000 1.000000
0.994935 -0.066712 -0.075189 5.638958 0.066699 0.997770 -0.002680 99.897827 0.075200 -0.002349 0.997166 62.199993 0.000000 0.000000 0.000000 1.000000
0.996541 -0.055771 -0.061614 5.693800 0.055945 0.998433 0.001106 100.122620 0.061455 -0.004550 0.998099 65.209671 0.000000 0.000000 0.000000 1.000000
0.998104 -0.043392 -0.043654 5.730219 0.043484 0.999053 0.001169 100.359467 0.043562 -0.003065 0.999046 68.190956 0.000000 0.000000 0.000000 1.000000
0.999146 -0.032662 -0.025297 5.763009 0.032627 0.999466 -0.001820 100.607330 0.025343 0.000993 0.999678 71.114227 0.000000 0.000000 0.000000 1.000000
0.999613 -0.026177 -0.009396 5.760267 0.026107 0.999631 -0.007540 100.646729 0.009589 0.007291 0.999927 74.003967 0.000000 0.000000 0.000000 1.000000
0.999681 -0.025010 0.003473 5.704735 0.025063 0.999558 -0.015991 100.584206 -0.003072 0.016073 0.999866 76.901115 0.000000 0.000000 0.000000 1.000000
0.999494 -0.028493 0.014165 5.607800 0.028861 0.999233 -0.026450 100.324310 -0.013400 0.026846 0.999550 79.832878 0.000000 0.000000 0.000000 1.000000
0.999128 -0.034269 0.023857 5.492434 0.035146 0.998684 -0.037337 99.922379 -0.022546 0.038143 0.999018 82.835091 0.000000 0.000000 0.000000 1.000000
0.998683 -0.039209 0.033086 5.341493 0.040732 0.998079 -0.046676 99.378593 -0.031192 0.047963 0.998362 85.994614 0.000000 0.000000 0.000000 1.000000
0.998254 -0.041197 0.042336 5.088423 0.043438 0.997625 -0.053451 98.685707 -0.040034 0.055196 0.997673 89.388237 0.000000 0.000000 0.000000 1.000000
0.997918 -0.038434 0.051802 4.662617 0.041405 0.997483 -0.057561 97.937996 -0.049460 0.059586 0.996997 93.112778 0.000000 0.000000 0.000000 1.000000
0.997822 -0.027687 0.059873 4.056113 0.031211 0.997785 -0.058738 97.322250 -0.058114 0.060479 0.996476 97.201424 0.000000 0.000000 0.000000 1.000000
0.997799 -0.009709 0.065603 3.359039 0.013446 0.998297 -0.056769 97.077019 -0.064940 0.057526 0.996230 101.466431 0.000000 0.000000 0.000000 1.000000
0.997523 0.010515 0.069551 2.647077 -0.006844 0.998581 -0.052812 97.194016 -0.070008 0.052205 0.996179 105.641968 0.000000 0.000000 0.000000 1.000000
0.996873 0.030672 0.072822 1.940282 -0.027221 0.998480 -0.047918 97.629440 -0.074181 0.045786 0.996193 109.565086 0.000000 0.000000 0.000000 1.000000
0.995988 0.047257 0.075989 1.225763 -0.044218 0.998173 -0.041185 98.012039 -0.077797 0.037660 0.996258 113.163170 0.000000 0.000000 0.000000 1.000000
0.995379 0.055001 0.078715 0.507635 -0.052699 0.998128 -0.031036 98.403503 -0.080274 0.026745 0.996414 116.496307 0.000000 0.000000 0.000000 1.000000
0.995114 0.055185 0.081867 -0.173963 -0.053893 0.998386 -0.017918 98.805374 -0.082723 0.013418 0.996482 119.713608 0.000000 0.000000 0.000000 1.000000
0.994808 0.055007 0.085622 -0.754339 -0.054913 0.998485 -0.003454 99.178787 -0.085683 -0.001266 0.996322 122.890686 0.000000 0.000000 0.000000 1.000000
0.994643 0.055695 0.087088 -1.199180 -0.056940 0.998307 0.011869 99.506775 -0.086279 -0.016764 0.996130 125.961647 0.000000 0.000000 0.000000 1.000000
0.995156 0.052292 0.083249 -1.511348 -0.054717 0.998133 0.027122 99.797134 -0.081676 -0.031546 0.996160 128.912384 0.000000 0.000000 0.000000 1.000000
0.996352 0.042855 0.073792 -1.719575 -0.045835 0.998181 0.039171 100.068771 -0.071980 -0.042410 0.996504 131.803101 0.000000 0.000000 0.000000 1.000000
0.997666 0.031394 0.060642 -1.845114 -0.034175 0.998385 0.045378 100.354576 -0.059120 -0.047344 0.997128 134.655884 0.000000 0.000000 0.000000 1.000000
0.998720 0.021379 0.045839 -1.899004 -0.023500 0.998655 0.046226 100.615242 -0.044789 -0.047244 0.997879 137.439575 0.000000 0.000000 0.000000 1.000000
0.999410 0.013585 0.031540 -1.886723 -0.014940 0.998958 0.043116 100.762054 -0.030921 -0.043561 0.998572 140.160416 0.000000 0.000000 0.000000 1.000000
0.999767 0.009112 0.019553 -1.831547 -0.009836 0.999257 0.037271 100.783669 -0.019198 -0.037455 0.999114 142.862244 0.000000 0.000000 0.000000 1.000000
0.999902 0.010296 0.009485 -1.757410 -0.010577 0.999494 0.029996 100.767082 -0.009172 -0.030093 0.999505 145.544495 0.000000 0.000000 0.000000 1.000000
0.999870 0.016090 -0.000374 -1.674532 -0.016078 0.999648 0.021124 100.730148 0.000713 -0.021115 0.999777 148.299850 0.000000 0.000000 0.000000 1.000000
0.999676 0.022970 -0.010971 -1.581000 -0.022838 0.999667 0.011976 100.423172 0.011243 -0.011722 0.999868 151.170792 0.000000 0.000000 0.000000 1.000000
0.999323 0.028849 -0.022849 -1.451771 -0.028761 0.999578 0.004196 99.911697 0.022961 -0.003536 0.999730 154.121521 0.000000 0.000000 0.000000 1.000000
0.998766 0.033134 -0.036985 -1.225901 -0.033300 0.999438 -0.003868 99.186844 0.036836 0.005095 0.999308 157.115860 0.000000 0.000000 0.000000 1.000000
0.998041 0.033799 -0.052655 -0.849933 -0.034479 0.999333 -0.012063 98.456123 0.052212 0.013855 0.998540 160.363449 0.000000 0.000000 0.000000 1.000000
0.997454 0.027020 -0.066002 -0.337580 -0.028297 0.999429 -0.018489 97.939667 0.065465 0.020310 0.997648 164.056046 0.000000 0.000000 0.000000 1.000000
0.997043 0.012897 -0.075760 0.259370 -0.014611 0.999649 -0.022105 97.732635 0.075449 0.023147 0.996881 168.146194 0.000000 0.000000 0.000000 1.000000
0.996449 -0.004603 -0.084077 0.890522 0.002642 0.999722 -0.023423 97.878891 0.084162 0.023117 0.996184 172.332947 0.000000 0.000000 0.000000 1.000000
0.995686 -0.021915 -0.090157 1.539840 0.019869 0.999526 -0.023534 98.351212 0.090630 0.021641 0.995649 176.273499 0.000000 0.000000 0.000000 1.000000
0.995052 -0.037635 -0.091952 2.185843 0.035662 0.999099 -0.023006 98.979614 0.092735 0.019613 0.995498 179.795959 0.000000 0.000000 0.000000 1.000000
0.994659 -0.049025 -0.090829 2.816605 0.047294 0.998658 -0.021119 99.437294 0.091742 0.016711 0.995643 182.931900 0.000000 0.000000 0.000000 1.000000
0.994574 -0.054876 -0.088377 3.441013 0.053553 0.998416 -0.017280 99.740150 0.089185 0.012453 0.995937 185.829132 0.000000 0.000000 0.000000 1.000000
0.994765 -0.058215 -0.083982 4.046738 0.057371 0.998275 -0.012434 100.082298 0.084561 0.007551 0.996390 188.600433 0.000000 0.000000 0.000000 1.000000
0.995267 -0.060271 -0.076227 4.575940 0.059897 0.998179 -0.007182 100.550201 0.076521 0.002582 0.997065 191.338379 0.000000 0.000000 0.000000 1.000000
0.996251 -0.058160 -0.064042 4.979241 0.058154 0.998306 -0.001955 100.985214 0.064047 -0.001777 0.997945 194.065811 0.000000 0.000000 0.000000 1.000000
0.997635 -0.050622 -0.046500 5.267627 0.050760 0.998709 0.001792 101.285873 0.046350 -0.004148 0.998917 196.747589 0.000000 0.000000 0.000000 1.000000
0.998907 -0.039563 -0.024885 5.500469 0.039646 0.999210 0.002813 101.539116 0.024754 -0.003796 0.999686 199.366623 0.000000 0.000000 0.000000 1.000000
0.999616 -0.027581 -0.002599 5.695589 0.027584 0.999619 0.001047 101.805389 0.002569 -0.001118 0.999996 201.937302 0.000000 0.000000 0.000000 1.000000
0.999689 -0.017730 0.017526 5.817832 0.017793 0.999836 -0.003432 102.050301 -0.017462 0.003743 0.999841 204.480316 0.000000 0.000000 0.000000 1.000000
0.999341 -0.012469 0.034091 5.864209 0.012863 0.999853 -0.011365 102.156517 -0.033945 0.011796 0.999354 207.005295 0.000000 0.000000 0.000000 1.000000
0.998838 -0.011631 0.046773 5.886050 0.012657 0.999684 -0.021706 102.057755 -0.046505 0.022273 0.998670 209.512665 0.000000 0.000000 0.000000 1.000000
0.998328 -0.014067 0.056070 5.828960 0.015848 0.999380 -0.031449 101.762581 -0.055593 0.032285 0.997931 211.974030 0.000000 0.000000 0.000000 1.000000
0.997815 -0.018339 0.063466 5.650363 0.021031 0.998895 -0.042025 101.328232 -0.062626 0.043268 0.997099 214.814133 0.000000 0.000000 0.000000 1.000000
0.997270 -0.023036 0.070149 5.397917 0.026829 0.998201 -0.053622 100.838173 -0.068788 0.055357 0.996094 217.944046 0.000000 0.000000 0.000000 1.000000
0.996704 -0.027459 0.076336 5.092927 0.032267 0.997524 -0.062485 100.319153 -0.074431 0.064743 0.995122 221.112320 0.000000 0.000000 0.000000 1.000000
0.996175 -0.030160 0.082010 4.725064 0.035922 0.996920 -0.069716 99.730438 -0.079655 0.072395 0.994190 224.378738 0.000000 0.000000 0.000000 1.000000
0.995748 -0.028817 0.087501 4.296027 0.035512 0.996479 -0.075955 99.101578 -0.085004 0.078739 0.993265 227.706909 0.000000 0.000000 0.000000 1.000000
0.995451 -0.022209 0.092648 3.794473 0.029456 0.996549 -0.077608 98.495651 -0.090605 0.079984 0.992670 230.978027 0.000000 0.000000 0.000000 1.000000
0.995266 -0.011772 0.096478 3.302299 0.018936 0.997102 -0.073676 98.241341 -0.095331 0.075154 0.992605 234.669357 0.000000 0.000000 0.000000 1.000000
0.994859 0.001538 0.101259 2.803788 0.005283 0.997735 -0.067064 98.354172 -0.101133 0.067254 0.992597 238.651642 0.000000 0.000000 0.000000 1.000000
0.993819 0.015836 0.109878 2.183938 -0.009533 0.998291 -0.057651 98.557991 -0.110603 0.056248 0.992272 242.363739 0.000000 0.000000 0.000000 1.000000
0.992518 0.027225 0.119021 1.475770 -0.022064 0.998767 -0.044466 98.732056 -0.120085 0.041507 0.991896 245.702530 0.000000 0.000000 0.000000 1.000000
0.991603 0.032632 0.125131 0.825901 -0.029135 0.999135 -0.029671 98.853340 -0.125991 0.025776 0.991696 248.725281 0.000000 0.000000 0.000000 1.000000
0.991067 0.033516 0.129086 0.338036 -0.031746 0.999372 -0.015742 99.068588 -0.129533 0.011503 0.991508 251.646210 0.000000 0.000000 0.000000 1.000000
0.990818 0.034029 0.130848 0.014028 -0.034015 0.999419 -0.002337 99.418045 -0.130852 -0.002135 0.991400 254.535217 0.000000 0.000000 0.000000 1.000000
0.991430 0.032402 0.126555 -0.176376 -0.034157 0.999348 0.011727 99.721664 -0.126093 -0.015950 0.991890 257.272308 0.000000 0.000000 0.000000 1.000000
0.993485 0.024055 0.111396 -0.270639 -0.027071 0.999305 0.025644 99.956757 -0.110701 -0.028493 0.993445 259.835541 0.000000 0.000000 0.000000 1.000000
0.996311 0.010533 0.085173 -0.272198 -0.013705 0.999231 0.036744 100.174736 -0.084720 -0.037776 0.995688 262.288269 0.000000 0.000000 0.000000 1.000000
0.997549 0.003399 0.069886 -0.245011 -0.006276 0.999140 0.040988 100.287720 -0.069687 -0.041326 0.996713 263.488739 0.000000 0.000000 0.000000 1.000000</float_array><technique_common><accessor source="#mixamorig_Hips-Matrix-animation-output-transform-array" count="85" stride="16"><param type="float4x4"/></accessor></technique_common></source><source id="mixamorig_Hips-Interpolations"><Name_array id="mixamorig_Hips-Interpolations-array" count="85">
 LINEAR LINEAR LINEAR LINEAR LINEAR LINEAR LINEAR LINEAR LINEAR LINEAR LINEAR
LINEAR LINEAR LINEAR LINEAR LINEAR LINEAR LINEAR LINEAR LINEAR LINEAR LINEAR LINEAR
LINEAR LINEAR LINEAR LINEAR LINEAR LINEAR LINEAR LINEAR LINEAR LINEAR LINEAR LINEAR
LINEAR LINEAR LINEAR LINEAR LINEAR LINEAR LINEAR LINEAR LINEAR LINEAR LINEAR LINEAR
LINEAR LINEAR LINEAR LINEAR LINEAR LINEAR LINEAR LINEAR LINEAR LINEAR LINEAR LINEAR
LINEAR LINEAR LINEAR LINEAR LINEAR LINEAR LINEAR LINEAR LINEAR LINEAR LINEAR LINEAR
LINEAR LINEAR LINEAR LINEAR LINEAR LINEAR LINEAR LINEAR LINEAR LINEAR LINEAR LINEAR
LINEAR LINEAR</Name_array><technique_common><accessor source="#mixamorig_Hips-Interpolations-array" count="85"><param type="name"/></accessor></technique_common></source><sampler id="mixamorig_Hips-Matrix-animation-transform"><input semantic="INPUT" source="#mixamorig_Hips-Matrix-animation-input"/><input semantic="OUTPUT" source="#mixamorig_Hips-Matrix-animation-output-transform"/><input semantic="INTERPOLATION" source="#mixamorig_Hips-Interpolations"/></sampler><channel source="#mixamorig_Hips-Matrix-animation-transform" target="mixamorig_Hips/matrix"/></animation>
    <animation id="mixamorig_Spine-anim" name="mixamorig_Spine"><source id="mixamorig_Spine-Matrix-animation-input"><float_array id="mixamorig_Spine-Matrix-animation-input-array" count="85">

0.000000 0.033333 0.066667 0.100000 0.133333 0.166667 0.200000 0.233333 0.266667 0.300000 0.333333 0.366667 0.400000 0.433333 0.466667 0.500000
0.533333 0.566667 0.600000 0.633333 0.666667 0.700000 0.733333 0.766667 0.800000 0.833333 0.866667 0.900000 0.933333 0.966667 1.000000 1.033333
1.066667 1.100000 1.133333 1.166667 1.200000 1.233333 1.266667 1.300000 1.333333 1.366667 1.400000 1.433333 1.466667 1.500000 1.533333 1.566667
1.600000 1.633333 1.666667 1.700000 1.733333 1.766667 1.800000 1.833333 1.866667 1.900000 1.933333 1.966667 2.000000 2.033333 2.066667 2.100000
2.133333 2.166667 2.200000 2.233333 2.266667 2.300000 2.333333 2.366667 2.400000 2.433333 2.466667 2.500000 2.533333 2.566667 2.600000 2.633333
2.666667 2.700000 2.733333 2.766667 2.800000</float_array><technique_common><accessor source="#mixamorig_Spine-Matrix-animation-input-array" count="85"><param name="TIME" type="float"/></accessor></technique_common></source><source id="mixamorig_Spine-Matrix-animation-output-transform"><float_array id="mixamorig_Spine-Matrix-animation-output-transform-array" count="1360">

0.999835 -0.011549 0.014017 -0.000000 0.011062 0.999348 0.034374 10.997300 -0.014405 -0.034213 0.999311 -0.803100 0.000000 0.000000 0.000000 1.000000
0.999779 -0.008989 0.018985 -0.000000 0.008325 0.999361 0.034759 10.997300 -0.019286 -0.034593 0.999215 -0.803100 0.000000 0.000000 0.000000 1.000000
0.999727 -0.007856 0.021998 0.000000 0.007071 0.999343 0.035557 10.997300 -0.022263 -0.035392 0.999125 -0.803100 0.000000 0.000000 0.000000 1.000000
0.999645 -0.006197 0.025899 0.000000 0.005245 0.999314 0.036667 10.997300 -0.026108 -0.036518 0.998992 -0.803100 0.000000 0.000000 0.000000 1.000000
0.999568 -0.005560 0.028868 0.000000 0.004454 0.999259 0.038224 10.997300 -0.029059 -0.038079 0.998852 -0.803100 0.000000 0.000000 0.000000 1.000000
0.999507 -0.005406 0.030916 -0.000000 0.004171 0.999196 0.039879 10.997300 -0.031107 -0.039730 0.998726 -0.803100 0.000000 0.000000 0.000000 1.000000
0.999463 -0.004932 0.032406 0.000000 0.003582 0.999128 0.041605 10.997300 -0.032583 -0.041467 0.998608 -0.803100 0.000000 0.000000 0.000000 1.000000
0.999417 -0.003995 0.033911 0.000000 0.002495 0.999021 0.044171 10.997300 -0.034054 -0.044061 0.998448 -0.803100 0.000000 0.000000 0.000000 1.000000
0.999353 -0.002572 0.035873 0.000000 0.000880 0.998889 0.047110 10.997300 -0.035954 -0.047048 0.998245 -0.803100 0.000000 0.000000 0.000000 1.000000
0.999284 -0.000069 0.037848 0.000000 -0.001817 0.998757 0.049803 10.997300 -0.037804 -0.049836 0.998042 -0.803100 0.000000 0.000000 0.000000 1.000000
0.999224 0.003809 0.039209 0.000000 -0.005858 0.998616 0.052267 10.997300 -0.038955 -0.052456 0.997863 -0.803100 0.000000 0.000000 0.000000 1.000000
0.999173 0.009697 0.039477 0.000000 -0.011821 0.998475 0.053924 10.997300 -0.038894 -0.054346 0.997764 -0.803100 0.000000 0.000000 0.000000 1.000000
0.999117 0.016278 0.038727 0.000000 -0.018387 0.998331 0.054741 10.997300 -0.037772 -0.055405 0.997749 -0.803100 0.000000 0.000000 0.000000 1.000000
0.999060 0.022418 0.037096 0.000000 -0.024422 0.998215 0.054496 10.997300 -0.035808 -0.055350 0.997825 -0.803100 0.000000 0.000000 0.000000 1.000000
0.999049 0.027021 0.034218 0.000000 -0.028825 0.998159 0.053359 10.997300 -0.032713 -0.054295 0.997989 -0.803100 0.000000 0.000000 0.000000 1.000000
0.999118 0.029580 0.029815 0.000000 -0.031094 0.998181 0.051645 10.997300 -0.028233 -0.052527 0.998220 -0.803100 0.000000 0.000000 0.000000 1.000000
0.999228 0.030503 0.024768 -0.000000 -0.031696 0.998283 0.049263 10.997300 -0.023223 -0.050010 0.998479 -0.803100 0.000000 0.000000 0.000000 1.000000
0.999302 0.031495 0.020081 0.000000 -0.032399 0.998397 0.046408 10.997300 -0.018587 -0.047026 0.998721 -0.803100 0.000000 0.000000 0.000000 1.000000
0.999367 0.032047 0.015475 0.000000 -0.032696 0.998512 0.043652 10.997300 -0.014053 -0.044130 0.998927 -0.803100 0.000000 0.000000 0.000000 1.000000
0.999482 0.030522 0.010190 0.000000 -0.030919 0.998661 0.041479 10.997300 -0.008911 -0.041772 0.999087 -0.803100 0.000000 0.000000 0.000000 1.000000
0.999632 0.026816 0.004138 0.000000 -0.026960 0.998834 0.040045 10.997300 -0.003059 -0.040142 0.999189 -0.803100 0.000000 0.000000 0.000000 1.000000
0.999759 0.021847 -0.002194 0.000000 -0.021745 0.998996 0.039163 10.997300 0.003047 -0.039106 0.999230 -0.803100 0.000000 0.000000 0.000000 1.000000
0.999830 0.016585 -0.008094 0.000000 -0.016261 0.999120 0.038655 10.997300 0.008728 -0.038517 0.999220 -0.803100 0.000000 0.000000 0.000000 1.000000
0.999843 0.012061 -0.012961 0.000000 -0.011553 0.999189 0.038581 10.997300 0.013416 -0.038426 0.999171 -0.803100 0.000000 0.000000 0.000000 1.000000
0.999822 0.008986 -0.016614 0.000000 -0.008331 0.999203 0.039044 10.997300 0.016952 -0.038899 0.999099 -0.803100 0.000000 0.000000 0.000000 1.000000
0.999789 0.007362 -0.019184 -0.000000 -0.006590 0.999179 0.039964 10.997300 0.019463 -0.039829 0.999017 -0.803100 0.000000 0.000000 0.000000 1.000000
0.999762 0.006514 -0.020842 0.000000 -0.005650 0.999134 0.041233 10.997300 0.021093 -0.041105 0.998932 -0.803100 0.000000 0.000000 0.000000 1.000000
0.999747 0.005841 -0.021718 0.000000 -0.004908 0.999072 0.042783 10.997300 0.021948 -0.042666 0.998848 -0.803100 0.000000 0.000000 0.000000 1.000000
0.999748 0.004621 -0.021969 0.000000 -0.003643 0.999008 0.044377 10.997300 0.022152 -0.044285 0.998773 -0.803100 0.000000 0.000000 0.000000 1.000000
0.999754 0.002741 -0.022000 0.000000 -0.001731 0.998948 0.045814 10.997300 0.022102 -0.045765 0.998708 -0.803100 0.000000 0.000000 0.000000 1.000000
0.999764 -0.001103 -0.021692 0.000000 0.002122 0.998892 0.047006 10.997300 0.021616 -0.047041 0.998659 -0.803100 0.000000 0.000000 0.000000 1.000000
0.999751 -0.007145 -0.021128 0.000000 0.008148 0.998825 0.047771 10.997300 0.020762 -0.047931 0.998635 -0.803100 0.000000 0.000000 0.000000 1.000000
0.999698 -0.013769 -0.020365 0.000000 0.014735 0.998734 0.048094 10.997300 0.019677 -0.048379 0.998635 -0.803100 0.000000 0.000000 0.000000 1.000000
0.999607 -0.020217 -0.019425 0.000000 0.021126 0.998636 0.047744 10.997300 0.018433 -0.048135 0.998671 -0.803100 0.000000 0.000000 0.000000 1.000000
0.999507 -0.025674 -0.018075 0.000000 0.026490 0.998570 0.046439 10.997300 0.016857 -0.046895 0.998758 -0.803100 0.000000 0.000000 0.000000 1.000000
0.999482 -0.028029 -0.015784 0.000000 0.028704 0.998605 0.044314 10.997300 0.014520 -0.044744 0.998893 -0.803100 0.000000 0.000000 0.000000 1.000000
0.999529 -0.027947 -0.012676 0.000000 0.028451 0.998731 0.041551 10.997300 0.011499 -0.041892 0.999056 -0.803100 0.000000 0.000000 0.000000 1.000000
0.999547 -0.028585 -0.009389 0.000000 0.028925 0.998846 0.038347 10.997300 0.008282 -0.038601 0.999220 -0.803100 0.000000 0.000000 0.000000 1.000000
0.999543 -0.029727 -0.005408 0.000000 0.029899 0.998935 0.035141 10.997300 0.004358 -0.035287 0.999368 -0.803100 0.000000 0.000000 0.000000 1.000000
0.999574 -0.029170 -0.000236 0.000000 0.029162 0.999050 0.032380 10.997300 -0.000709 -0.032373 0.999476 -0.803100 0.000000 0.000000 0.000000 1.000000
0.999645 -0.025988 0.005929 0.000000 0.025796 0.999202 0.030501 10.997300 -0.006717 -0.030337 0.999517 -0.803100 0.000000 0.000000 0.000000 1.000000
0.999688 -0.021714 0.012360 0.000000 0.021339 0.999331 0.029693 10.997300 -0.012997 -0.029420 0.999483 -0.803100 0.000000 0.000000 0.000000 1.000000
0.999673 -0.017565 0.018575 0.000000 0.017009 0.999415 0.029681 10.997300 -0.019086 -0.029356 0.999387 -0.803100 0.000000 0.000000 0.000000 1.000000
0.999615 -0.013597 0.024184 0.000000 0.012868 0.999466 0.030051 10.997300 -0.024580 -0.029728 0.999256 -0.803100 0.000000 0.000000 0.000000 1.000000
0.999536 -0.010088 0.028749 0.000000 0.009204 0.999487 0.030687 10.997300 -0.029044 -0.030409 0.999116 -0.803100 0.000000 0.000000 0.000000 1.000000
0.999449 -0.007891 0.032241 0.000000 0.006868 0.999474 0.031698 10.997300 -0.032474 -0.031459 0.998977 -0.803100 0.000000 0.000000 0.000000 1.000000
0.999365 -0.006898 0.034957 0.000000 0.005742 0.999437 0.033064 10.997300 -0.035166 -0.032843 0.998842 -0.803100 0.000000 0.000000 0.000000 1.000000
0.999295 -0.006153 0.037037 0.000000 0.004867 0.999386 0.034703 10.997300 -0.037228 -0.034498 0.998711 -0.803100 0.000000 0.000000 0.000000 1.000000
0.999234 -0.005354 0.038774 0.000000 0.003934 0.999322 0.036608 10.997300 -0.038943 -0.036427 0.998577 -0.803100 0.000000 0.000000 0.000000 1.000000
0.999162 -0.004499 0.040677 0.000000 0.002916 0.999239 0.038884 10.997300 -0.040821 -0.038733 0.998415 -0.803100 0.000000 0.000000 0.000000 1.000000
0.999083 -0.003198 0.042702 0.000000 0.001428 0.999142 0.041398 10.997300 -0.042798 -0.041299 0.998230 -0.803100 0.000000 0.000000 0.000000 1.000000
0.999044 0.000345 0.043712 -0.000000 -0.002250 0.999049 0.043546 10.997300 -0.043656 -0.043603 0.998095 -0.803100 0.000000 0.000000 0.000000 1.000000
0.999032 0.005868 0.043604 -0.000000 -0.007832 0.998956 0.045008 10.997300 -0.043294 -0.045306 0.998035 -0.803100 0.000000 0.000000 0.000000 1.000000
0.999017 0.012013 0.042681 0.000000 -0.013975 0.998845 0.045981 10.997300 -0.042079 -0.046532 0.998030 -0.803100 0.000000 0.000000 0.000000 1.000000
0.998993 0.017750 0.041203 -0.000000 -0.019664 0.998723 0.046539 10.997300 -0.040324 -0.047302 0.998066 -0.803100 0.000000 0.000000 0.000000 1.000000
0.998967 0.023036 0.039165 0.000000 -0.024848 0.998612 0.046440 10.997300 -0.038041 -0.047365 0.998153 -0.803100 0.000000 0.000000 0.000000 1.000000
0.998992 0.026695 0.036095 -0.000000 -0.028337 0.998549 0.045785 10.997300 -0.034820 -0.046761 0.998299 -0.803100 0.000000 0.000000 0.000000 1.000000
0.999070 0.028534 0.032313 0.000000 -0.029963 0.998554 0.044636 10.997300 -0.030992 -0.045563 0.998481 -0.803100 0.000000 0.000000 0.000000 1.000000
0.999139 0.029984 0.028666 0.000000 -0.031198 0.998594 0.042862 10.997300 -0.027341 -0.043720 0.998670 -0.803100 0.000000 0.000000 0.000000 1.000000
0.999195 0.031347 0.025028 -0.000000 -0.032352 0.998642 0.040824 10.997300 -0.023715 -0.041601 0.998853 -0.803100 0.000000 0.000000 0.000000 1.000000
0.999304 0.031132 0.020562 0.000000 -0.031919 0.998725 0.039113 10.997300 -0.019318 -0.039742 0.999023 -0.803100 0.000000 0.000000 0.000000 1.000000
0.999474 0.028682 0.015117 0.000000 -0.029240 0.998848 0.038060 10.997300 -0.014008 -0.038482 0.999161 -0.803100 0.000000 0.000000 0.000000 1.000000
0.999653 0.024659 0.009274 -0.000000 -0.024991 0.998979 0.037628 10.997300 -0.008337 -0.037847 0.999249 -0.803100 0.000000 0.000000 0.000000 1.000000
0.999796 0.019847 0.003660 0.000000 -0.019971 0.999091 0.037654 10.997300 -0.002909 -0.037720 0.999284 -0.803100 0.000000 0.000000 0.000000 1.000000
0.999884 0.015150 -0.001321 -0.000000 -0.015089 0.999160 0.038088 10.997300 0.001897 -0.038064 0.999274 -0.803100 0.000000 0.000000 0.000000 1.000000
0.999917 0.011635 -0.005502 0.000000 -0.011412 0.999175 0.038969 10.997300 0.005951 -0.038903 0.999225 -0.803100 0.000000 0.000000 0.000000 1.000000
0.999911 0.009787 -0.009039 0.000000 -0.009415 0.999145 0.040249 10.997300 0.009425 -0.040161 0.999149 -0.803100 0.000000 0.000000 0.000000 1.000000
0.999884 0.009318 -0.012037 0.000000 -0.008808 0.999090 0.041744 10.997300 0.012415 -0.041633 0.999056 -0.803100 0.000000 0.000000 0.000000 1.000000
0.999852 0.009645 -0.014229 0.000000 -0.009017 0.999011 0.043550 10.997300 0.014635 -0.043415 0.998950 -0.803100 0.000000 0.000000 0.000000 1.000000
0.999820 0.010246 -0.015941 0.000000 -0.009508 0.998910 0.045701 10.997300 0.016392 -0.045541 0.998828 -0.803100 0.000000 0.000000 0.000000 1.000000
0.999785 0.010813 -0.017699 -0.000000 -0.009956 0.998807 0.047808 10.997300 0.018195 -0.047621 0.998700 -0.803100 0.000000 0.000000 0.000000 1.000000
0.999755 0.010955 -0.019220 0.000000 -0.009989 0.998718 0.049619 10.997300 0.019739 -0.049415 0.998583 -0.803100 0.000000 0.000000 0.000000 1.000000
0.999746 0.009663 -0.020366 0.000000 -0.008610 0.998652 0.051185 10.997300 0.020833 -0.050996 0.998482 -0.803100 0.000000 0.000000 0.000000 1.000000
0.999759 0.005834 -0.021178 -0.000000 -0.004716 0.998613 0.052447 10.997300 0.021454 -0.052335 0.998399 -0.803100 0.000000 0.000000 0.000000 1.000000
0.999763 0.000414 -0.021782 0.000000 0.000742 0.998593 0.053030 10.997300 0.021773 -0.053034 0.998355 -0.803100 0.000000 0.000000 0.000000 1.000000
0.999733 -0.005109 -0.022529 0.000000 0.006293 0.998586 0.052785 10.997300 0.022227 -0.052913 0.998352 -0.803100 0.000000 0.000000 0.000000 1.000000
0.999686 -0.009958 -0.022984 0.000000 0.011139 0.998594 0.051820 10.997300 0.022435 -0.052060 0.998392 -0.803100 0.000000 0.000000 0.000000 1.000000
0.999656 -0.013760 -0.022324 0.000000 0.014865 0.998634 0.050091 10.997300 0.021604 -0.050405 0.998495 -0.803100 0.000000 0.000000 0.000000 1.000000
0.999670 -0.015759 -0.020270 -0.000000 0.016710 0.998725 0.047644 10.997300 0.019494 -0.047967 0.998659 -0.803100 0.000000 0.000000 0.000000 1.000000
0.999719 -0.016449 -0.017068 0.000000 0.017201 0.998844 0.044888 10.997300 0.016310 -0.045169 0.998846 -0.803100 0.000000 0.000000 0.000000 1.000000
0.999751 -0.018109 -0.013003 0.000000 0.018642 0.998941 0.042071 10.997300 0.012227 -0.042303 0.999030 -0.803100 0.000000 0.000000 0.000000 1.000000
0.999780 -0.019503 -0.007699 0.000000 0.019792 0.999030 0.039331 10.997300 0.006925 -0.039475 0.999197 -0.803100 0.000000 0.000000 0.000000 1.000000
0.999836 -0.018084 0.000014 -0.000000 0.018071 0.999152 0.036994 10.997300 -0.000683 -0.036988 0.999315 -0.803100 0.000000 0.000000 0.000000 1.000000
0.999858 -0.013994 0.009382 0.000000 0.013656 0.999288 0.035175 10.997300 -0.009868 -0.035042 0.999337 -0.803100 0.000000 0.000000 0.000000 1.000000
0.999835 -0.011549 0.014017 0.000000 0.011062 0.999348 0.034374 10.997300 -0.014405 -0.034213 0.999311 -0.803100 0.000000 0.000000 0.000000 1.000000</float_array><technique_common><accessor source="#mixamorig_Spine-Matrix-animation-output-transform-array" count="85" stride="16"><param type="float4x4"/></accessor></technique_common></source><source id="mixamorig_Spine-Interpolations"><Name_array id="mixamorig_Spine-Interpolations-array" count="85">
 LINEAR LINEAR LINEAR LINEAR LINEAR LINEAR LINEAR LINEAR LINEAR LINEAR LINEAR
LINEAR LINEAR LINEAR LINEAR LINEAR LINEAR LINEAR LINEAR LINEAR LINEAR LINEAR LINEAR
LINEAR LINEAR LINEAR LINEAR LINEAR LINEAR LINEAR LINEAR LINEAR LINEAR LINEAR LINEAR
LINEAR LINEAR LINEAR LINEAR LINEAR LINEAR LINEAR LINEAR LINEAR LINEAR LINEAR LINEAR
LINEAR LINEAR LINEAR LINEAR LINEAR LINEAR LINEAR LINEAR LINEAR LINEAR LINEAR LINEAR
LINEAR LINEAR LINEAR LINEAR LINEAR LINEAR LINEAR LINEAR LINEAR LINEAR LINEAR LINEAR
LINEAR LINEAR LINEAR LINEAR LINEAR LINEAR LINEAR LINEAR LINEAR LINEAR LINEAR LINEAR
LINEAR LINEAR</Name_array><technique_common><accessor source="#mixamorig_Spine-Interpolations-array" count="85"><param type="name"/></accessor></technique_common></source><sampler id="mixamorig_Spine-Matrix-animation-transform"><input semantic="INPUT" source="#mixamorig_Spine-Matrix-animation-input"/><input semantic="OUTPUT" source="#mixamorig_Spine-Matrix-animation-output-transform"/><input semantic="INTERPOLATION" source="#mixamorig_Spine-Interpolations"/></sampler><channel source="#mixamorig_Spine-Matrix-animation-transform" target="mixamorig_Spine/matrix"/></animation>
    <animation id="mixamorig_Spine1-anim" name="mixamorig_Spine1"><source id="mixamorig_Spine1-Matrix-animation-input"><float_array id="mixamorig_Spine1-Matrix-animation-input-array" count="85">

0.000000 0.033333 0.066667 0.100000 0.133333 0.166667 0.200000 0.233333 0.266667 0.300000 0.333333 0.366667 0.400000 0.433333 0.466667 0.500000
0.533333 0.566667 0.600000 0.633333 0.666667 0.700000 0.733333 0.766667 0.800000 0.833333 0.866667 0.900000 0.933333 0.966667 1.000000 1.033333
1.066667 1.100000 1.133333 1.166667 1.200000 1.233333 1.266667 1.300000 1.333333 1.366667 1.400000 1.433333 1.466667 1.500000 1.533333 1.566667
1.600000 1.633333 1.666667 1.700000 1.733333 1.766667 1.800000 1.833333 1.866667 1.900000 1.933333 1.966667 2.000000 2.033333 2.066667 2.100000
2.133333 2.166667 2.200000 2.233333 2.266667 2.300000 2.333333 2.366667 2.400000 2.433333 2.466667 2.500000 2.533333 2.566667 2.600000 2.633333
2.666667 2.700000 2.733333 2.766667 2.800000</float_array><technique_common><accessor source="#mixamorig_Spine1-Matrix-animation-input-array" count="85"><param name="TIME" type="float"/></accessor></technique_common></source><source id="mixamorig_Spine1-Matrix-animation-output-transform"><float_array id="mixamorig_Spine1-Matrix-animation-output-transform-array" count="1360">

0.999417 -0.017882 0.029076 0.000000 0.020073 0.996836 -0.076910 12.864400 -0.027608 0.077448 0.996614 0.000000 0.000000 0.000000 0.000000 1.000000
0.999159 -0.013824 0.038598 -0.000000 0.016733 0.996960 -0.076099 12.864400 -0.037429 0.076681 0.996353 0.000000 0.000000 0.000000 0.000000 1.000000
0.998937 -0.012324 0.044423 0.000000 0.015613 0.997101 -0.074466 12.864400 -0.043376 0.075080 0.996234 0.000000 0.000000 0.000000 0.000000 1.000000
0.998589 -0.010143 0.052134 0.000000 0.013899 0.997294 -0.072192 12.864400 -0.051260 0.072815 0.996027 0.000000 0.000000 0.000000 0.000000 1.000000
0.998264 -0.009372 0.058140 -0.000000 0.013386 0.997524 -0.069039 12.864400 -0.057349 0.069698 0.995918 0.000000 0.000000 0.000000 0.000000 1.000000
0.997993 -0.009286 0.062632 0.000000 0.013407 0.997749 -0.065701 12.864400 -0.061881 0.066409 0.995872 0.000000 0.000000 0.000000 0.000000 1.000000
0.997779 -0.008496 0.066068 0.000000 0.012619 0.997981 -0.062241 12.864400 -0.065406 0.062936 0.995872 0.000000 0.000000 0.000000 0.000000 1.000000
0.997568 -0.006726 0.069377 -0.000000 0.010704 0.998310 -0.057127 12.864400 -0.068875 0.057731 0.995954 0.000000 0.000000 0.000000 0.000000 1.000000
0.997315 -0.003589 0.073145 -0.000000 0.007357 0.998656 -0.051310 12.864400 -0.072862 0.051710 0.996001 0.000000 0.000000 0.000000 0.000000 1.000000
0.997049 0.001516 0.076746 -0.000000 0.002023 0.998939 -0.046019 12.864400 -0.076735 0.046038 0.995988 0.000000 0.000000 0.000000 0.000000 1.000000
0.996831 0.009235 0.079011 0.000000 -0.005988 0.999131 -0.041242 12.864400 -0.079323 0.040638 0.996020 0.000000 0.000000 0.000000 0.000000 1.000000
0.996650 0.019772 0.079355 0.000000 -0.016789 0.999134 -0.038080 12.864400 -0.080039 0.036620 0.996119 0.000000 0.000000 0.000000 0.000000 1.000000
0.996486 0.031638 0.077552 0.000000 -0.028865 0.998913 -0.036613 12.864400 -0.078626 0.034246 0.996316 -0.000000 0.000000 0.000000 0.000000 1.000000
0.996380 0.042399 0.073684 0.000000 -0.039737 0.998517 -0.037218 12.864400 -0.075153 0.034155 0.996587 -0.000000 0.000000 0.000000 0.000000 1.000000
0.996431 0.050701 0.067491 0.000000 -0.048104 0.998059 -0.039555 12.864400 -0.069365 0.036167 0.996935 -0.000000 0.000000 0.000000 0.000000 1.000000
0.996705 0.056032 0.058639 0.000000 -0.053555 0.997638 -0.043007 12.864400 -0.060910 0.039725 0.997352 -0.000000 0.000000 0.000000 0.000000 1.000000
0.997172 0.057537 0.048340 0.000000 -0.055234 0.997334 -0.047682 12.864400 -0.050954 0.044877 0.997692 0.000000 0.000000 0.000000 0.000000 1.000000
0.997684 0.056417 0.038003 0.000000 -0.054359 0.997104 -0.053179 12.864400 -0.040893 0.050990 0.997862 0.000000 0.000000 0.000000 0.000000 1.000000
0.998218 0.052885 0.027658 0.000000 -0.051200 0.996976 -0.058451 12.864400 -0.030665 0.056931 0.997907 0.000000 0.000000 0.000000 0.000000 1.000000
0.998778 0.046498 0.016720 0.000000 -0.045367 0.997005 -0.062632 12.864400 -0.019583 0.061797 0.997897 0.000000 0.000000 0.000000 0.000000 1.000000
0.999265 0.037979 0.005112 0.000000 -0.037564 0.997150 -0.065433 12.864400 -0.007582 0.065193 0.997844 0.000000 0.000000 0.000000 0.000000 1.000000
0.999562 0.028856 -0.006579 0.000000 -0.029233 0.997311 -0.067205 12.864400 0.004622 0.067368 0.997717 -0.000000 0.000000 0.000000 0.000000 1.000000
0.999641 0.020426 -0.017350 0.000000 -0.021565 0.997434 -0.068262 12.864400 0.015911 0.068611 0.997517 0.000000 0.000000 0.000000 0.000000 1.000000
0.999561 0.013695 -0.026287 0.000000 -0.015467 0.997535 -0.068449 12.864400 0.025285 0.068826 0.997308 0.000000 0.000000 0.000000 0.000000 1.000000
0.999412 0.009157 -0.033052 0.000000 -0.011375 0.997651 -0.067553 12.864400 0.032356 0.067889 0.997168 0.000000 0.000000 0.000000 0.000000 1.000000
0.999263 0.006718 -0.037782 0.000000 -0.009194 0.997795 -0.065731 12.864400 0.037257 0.066030 0.997122 0.000000 0.000000 0.000000 0.000000 1.000000
0.999152 0.005550 -0.040798 0.000000 -0.008124 0.997968 -0.063202 12.864400 0.040365 0.063480 0.997166 0.000000 0.000000 0.000000 0.000000 1.000000
0.999096 0.004211 -0.042311 -0.000000 -0.006753 0.998168 -0.060120 12.864400 0.041981 0.060351 0.997294 0.000000 0.000000 0.000000 0.000000 1.000000
0.999083 0.001544 -0.042793 -0.000000 -0.003983 0.998368 -0.056968 12.864400 0.042635 0.057086 0.997459 0.000000 0.000000 0.000000 0.000000 1.000000
0.999082 -0.003439 -0.042698 0.000000 0.001122 0.998532 -0.054161 12.864400 0.042822 0.054064 0.997619 -0.000000 0.000000 0.000000 0.000000 1.000000
0.999052 -0.011189 -0.042061 0.000000 0.009001 0.998614 -0.051860 12.864400 0.042583 0.051432 0.997768 0.000000 0.000000 0.000000 0.000000 1.000000
0.998930 -0.021505 -0.040942 0.000000 0.019430 0.998539 -0.050417 12.864400 0.041966 0.049567 0.997889 0.000000 0.000000 0.000000 0.000000 1.000000
0.998695 -0.032434 -0.039456 0.000000 0.030452 0.998292 -0.049851 12.864400 0.041005 0.048584 0.997977 0.000000 0.000000 0.000000 0.000000 1.000000
0.998391 -0.042597 -0.037430 0.000000 0.040678 0.997890 -0.050610 12.864400 0.039507 0.049006 0.998017 0.000000 0.000000 0.000000 0.000000 1.000000
0.998097 -0.051138 -0.034448 -0.000000 0.049263 0.997365 -0.053250 12.864400 0.037080 0.051452 0.997987 0.000000 0.000000 0.000000 0.000000 1.000000
0.997988 -0.055850 -0.029998 0.000000 0.054060 0.996882 -0.057486 12.864400 0.033116 0.055749 0.997895 0.000000 0.000000 0.000000 0.000000 1.000000
0.998092 -0.056769 -0.024272 0.000000 0.055147 0.996492 -0.062945 12.864400 0.027760 0.061486 0.997722 0.000000 0.000000 0.000000 0.000000 1.000000
0.998274 -0.056139 -0.017237 0.000000 0.054821 0.996092 -0.069253 12.864400 0.021057 0.068189 0.997450 0.000000 0.000000 0.000000 0.000000 1.000000
0.998472 -0.054627 -0.008397 0.000000 0.053839 0.995686 -0.075564 12.864400 0.012489 0.074997 0.997106 0.000000 0.000000 0.000000 0.000000 1.000000
0.998712 -0.050678 0.002389 0.000000 0.050705 0.995424 -0.080989 12.864400 0.001726 0.081006 0.996712 0.000000 0.000000 0.000000 0.000000 1.000000
0.998938 -0.043772 0.014398 0.000000 0.044837 0.995401 -0.084653 12.864400 -0.010627 0.085209 0.996306 0.000000 0.000000 0.000000 0.000000 1.000000
0.999012 -0.035543 0.026668 0.000000 0.037721 0.995564 -0.086199 12.864400 -0.023486 0.087120 0.995921 -0.000000 0.000000 0.000000 0.000000 1.000000
0.998878 -0.027515 0.038544 0.000000 0.030756 0.995804 -0.086192 12.864400 -0.036011 0.087281 0.995533 -0.000000 0.000000 0.000000 0.000000 1.000000
0.998582 -0.020207 0.049261 0.000000 0.024371 0.996045 -0.085440 12.864400 -0.047340 0.086520 0.995125 0.000000 0.000000 0.000000 0.000000 1.000000
0.998213 -0.014239 0.058036 0.000000 0.019104 0.996270 -0.084155 12.864400 -0.056621 0.085113 0.994761 0.000000 0.000000 0.000000 0.000000 1.000000
0.997835 -0.010654 0.064899 0.000000 0.015981 0.996495 -0.082118 12.864400 -0.063796 0.082977 0.994507 0.000000 0.000000 0.000000 0.000000 1.000000
0.997478 -0.009094 0.070397 0.000000 0.014689 0.996737 -0.079368 12.864400 -0.069446 0.080201 0.994357 -0.000000 0.000000 0.000000 0.000000 1.000000
0.997155 -0.008142 0.074939 0.000000 0.013857 0.997006 -0.076066 12.864400 -0.074095 0.076888 0.994283 0.000000 0.000000 0.000000 0.000000 1.000000
0.996864 -0.006713 0.078853 0.000000 0.012432 0.997308 -0.072265 12.864400 -0.078156 0.073019 0.994264 0.000000 0.000000 0.000000 0.000000 1.000000
