<?xml version="1.0" encoding="utf-8"?>
<COLLADA xmlns="http://www.collada.org/2005/11/COLLADASchema" version="1.4.1">
  <asset><contributor><author>Mixamo</author><authoring_tool>COLLADA Mixamo exporter</authoring_tool><comments></comments></contributor><created>2020-05-19T16:06:24Z</created><modified>2020-05-19T16:06:24Z</modified><revision></revision><title></title><unit meter="0.010000"/><up_axis>Y_UP</up_axis></asset>
  <library_animations>
    <animation id="mixamorig_Hips-anim" name="mixamorig_Hips"><source id="mixamorig_Hips-Matrix-animation-input"><float_array id="mixamorig_Hips-Matrix-animation-input-array" count="345">

0.000000 0.033333 0.066667 0.100000 0.133333 0.166667 0.200000 0.233333 0.266667 0.300000 0.333333 0.366667 0.400000 0.433333 0.466667 0.500000
0.533333 0.566667 0.600000 0.633333 0.666667 0.700000 0.733333 0.766667 0.800000 0.833333 0.866667 0.900000 0.933333 0.966667 1.000000 1.033333
1.066667 1.100000 1.133333 1.166667 1.200000 1.233333 1.266667 1.300000 1.333333 1.366667 1.400000 1.433333 1.466667 1.500000 1.533333 1.566667
1.600000 1.633333 1.666667 1.700000 1.733333 1.766667 1.800000 1.833333 1.866667 1.900000 1.933333 1.966667 2.000000 2.033333 2.066667 2.100000
2.133333 2.166667 2.200000 2.233333 2.266667 2.300000 2.333333 2.366667 2.400000 2.433333 2.466667 2.500000 2.533333 2.566667 2.600000 2.633333
2.666667 2.700000 2.733333 2.766667 2.800000 2.833333 2.866667 2.900000 2.933333 2.966667 3.000000 3.033333 3.066667 3.100000 3.133333 3.166667
3.200000 3.233333 3.266667 3.300000 3.333333 3.366667 3.400000 3.433333 3.466667 3.500000 3.533333 3.566667 3.600000 3.633333 3.666667 3.700000
3.733333 3.766667 3.800000 3.833333 3.866667 3.900000 3.933333 3.966667 4.000000 4.033333 4.066667 4.100000 4.133333 4.166667 4.200000 4.233333
4.266667 4.300000 4.333333 4.366667 4.400000 4.433333 4.466667 4.500000 4.533333 4.566667 4.600000 4.633333 4.666667 4.700000 4.733333 4.766667
4.800000 4.833333 4.866667 4.900000 4.933333 4.966667 5.000000 5.033333 5.066667 5.100000 5.133333 5.166667 5.200000 5.233333 5.266667 5.300000
5.333333 5.366667 5.400000 5.433333 5.466667 5.500000 5.533333 5.566667 5.600000 5.633333 5.666667 5.700000 5.733333 5.766667 5.800000 5.833333
5.866667 5.900000 5.933333 5.966667 6.000000 6.033333 6.066667 6.100000 6.133333 6.166667 6.200000 6.233333 6.266667 6.300000 6.333333 6.366667
6.400000 6.433333 6.466667 6.500000 6.533333 6.566667 6.600000 6.633333 6.666667 6.700000 6.733333 6.766667 6.800000 6.833333 6.866667 6.900000
6.933333 6.966667 7.000000 7.033333 7.066667 7.100000 7.133333 7.166667 7.200000 7.233333 7.266667 7.300000 7.333333 7.366667 7.400000 7.433333
7.466667 7.500000 7.533333 7.566667 7.600000 7.633333 7.666667 7.700000 7.733333 7.766667 7.800000 7.833333 7.866667 7.900000 7.933333 7.966667
8.000000 8.033333 8.066667 8.100000 8.133333 8.166667 8.200000 8.233333 8.266667 8.300000 8.333333 8.366667 8.400000 8.433333 8.466667 8.500000
8.533333 8.566667 8.600000 8.633333 8.666667 8.700000 8.733333 8.766667 8.800000 8.833333 8.866667 8.900000 8.933333 8.966667 9.000000 9.033333
9.066667 9.100000 9.133333 9.166667 9.200000 9.233333 9.266667 9.300000 9.333333 9.366667 9.400000 9.433333 9.466667 9.500000 9.533333 9.566667
9.600000 9.633333 9.666667 9.700000 9.733333 9.766667 9.800000 9.833333 9.866667 9.900000 9.933333 9.966667 10.000000 10.033333 10.066667 10.100000
10.133333 10.166667 10.200000 10.233333 10.266667 10.300000 10.333333 10.366667 10.400000 10.433333 10.466667 10.500000 10.533333 10.566667 10.600000 10.633333
10.666667 10.700000 10.733333 10.766667 10.800000 10.833333 10.866667 10.900000 10.933333 10.966667 11.000000 11.033333 11.066667 11.100000 11.133333 11.166667
11.200000 11.233333 11.266667 11.300000 11.333333 11.366667 11.400000 11.433333 11.466667</float_array><technique_common><accessor source="#mixamorig_Hips-Matrix-animation-input-array" count="345"><param name="TIME" type="float"/></accessor></technique_common></source><source id="mixamorig_Hips-Matrix-animation-output-transform"><float_array id="mixamorig_Hips-Matrix-animation-output-transform-array" count="5520">

0.999772 0.002458 0.021198 -0.073008 -0.004691 0.994358 0.105969 99.314438 -0.020817 -0.106044 0.994143 0.355351 0.000000 0.000000 0.000000 1.000000
0.999798 0.003135 0.019845 -0.000943 -0.005232 0.994293 0.106554 99.347214 -0.019397 -0.106637 0.994109 0.404330 0.000000 0.000000 0.000000 1.000000
0.999833 0.003851 0.017890 0.077353 -0.005737 0.994288 0.106580 99.425323 -0.017378 -0.106664 0.994143 0.458471 0.000000 0.000000 0.000000 1.000000
0.999866 0.004598 0.015700 0.164229 -0.006232 0.994380 0.105682 99.549530 -0.015126 -0.105766 0.994276 0.521638 0.000000 0.000000 0.000000 1.000000
0.999893 0.005302 0.013670 0.268998 -0.006693 0.994574 0.103819 99.708755 -0.013045 -0.103900 0.994502 0.596928 0.000000 0.000000 0.000000 1.000000
0.999913 0.005853 0.011859 0.398314 -0.007025 0.994832 0.101292 99.884758 -0.011205 -0.101366 0.994786 0.681241 0.000000 0.000000 0.000000 1.000000
0.999929 0.006192 0.010202 0.541846 -0.007168 0.995112 0.098495 100.056671 -0.009542 -0.098561 0.995085 0.762904 0.000000 0.000000 0.000000 1.000000
0.999942 0.006346 0.008744 0.679440 -0.007154 0.995384 0.095704 100.208847 -0.008097 -0.095761 0.995371 0.830329 0.000000 0.000000 0.000000 1.000000
0.999951 0.006380 0.007572 0.798951 -0.007057 0.995636 0.093060 100.334541 -0.006945 -0.093108 0.995632 0.879404 0.000000 0.000000 0.000000 1.000000
0.999957 0.006438 0.006625 0.896675 -0.007014 0.995837 0.090886 100.421158 -0.006012 -0.090928 0.995839 0.908902 0.000000 0.000000 0.000000 1.000000
0.999962 0.006622 0.005757 0.968298 -0.007111 0.995969 0.089412 100.470924 -0.005142 -0.089449 0.995978 0.921853 0.000000 0.000000 0.000000 1.000000
0.999963 0.006919 0.005054 1.011459 -0.007340 0.996028 0.088742 100.487106 -0.004420 -0.088776 0.996042 0.923147 0.000000 0.000000 0.000000 1.000000
0.999963 0.007230 0.004656 1.030412 -0.007615 0.996027 0.088724 100.475136 -0.003996 -0.088756 0.996045 0.919349 0.000000 0.000000 0.000000 1.000000
0.999961 0.007492 0.004604 1.033407 -0.007873 0.995994 0.089078 100.440262 -0.003918 -0.089110 0.996014 0.916042 0.000000 0.000000 0.000000 1.000000
0.999959 0.007696 0.004854 1.026983 -0.008100 0.995945 0.089595 100.391182 -0.004145 -0.089631 0.995966 0.916833 0.000000 0.000000 0.000000 1.000000
0.999955 0.007800 0.005311 1.014332 -0.008247 0.995895 0.090138 100.340286 -0.004586 -0.090178 0.995915 0.923552 0.000000 0.000000 0.000000 1.000000
0.999953 0.007726 0.005896 0.997856 -0.008228 0.995857 0.090565 100.299057 -0.005172 -0.090609 0.995873 0.936399 0.000000 0.000000 0.000000 1.000000
0.999950 0.007460 0.006619 0.979639 -0.008030 0.995839 0.090781 100.275558 -0.005914 -0.090830 0.995849 0.955335 0.000000 0.000000 0.000000 1.000000
0.999946 0.007150 0.007582 0.960252 -0.007809 0.995841 0.090776 100.271446 -0.006901 -0.090831 0.995842 0.982725 0.000000 0.000000 0.000000 1.000000
0.999937 0.007004 0.008797 0.939168 -0.007772 0.995868 0.090478 100.285057 -0.008127 -0.090541 0.995860 1.022524 0.000000 0.000000 0.000000 1.000000
0.999924 0.007069 0.010055 0.917736 -0.007942 0.995942 0.089644 100.315964 -0.009381 -0.089717 0.995923 1.073848 0.000000 0.000000 0.000000 1.000000
0.999913 0.007205 0.011091 0.899652 -0.008155 0.996077 0.088116 100.363388 -0.010412 -0.088199 0.996048 1.127772 0.000000 0.000000 0.000000 1.000000
0.999904 0.007287 0.011790 0.887353 -0.008276 0.996253 0.086091 100.420357 -0.011118 -0.086180 0.996218 1.173999 0.000000 0.000000 0.000000 1.000000
0.999899 0.007266 0.012176 0.880313 -0.008264 0.996431 0.084000 100.475143 -0.011522 -0.084093 0.996391 1.207782 0.000000 0.000000 0.000000 1.000000
0.999899 0.007126 0.012305 0.876356 -0.008114 0.996580 0.082231 100.518456 -0.011677 -0.082323 0.996537 1.229333 0.000000 0.000000 0.000000 1.000000
0.999902 0.006885 0.012223 0.873542 -0.007853 0.996684 0.080990 100.546730 -0.011625 -0.081078 0.996640 1.240596 0.000000 0.000000 0.000000 1.000000
0.999907 0.006608 0.011959 0.870626 -0.007548 0.996741 0.080311 100.560608 -0.011389 -0.080393 0.996698 1.243907 0.000000 0.000000 0.000000 1.000000
0.999913 0.006339 0.011536 0.866446 -0.007243 0.996761 0.080095 100.562202 -0.010990 -0.080172 0.996720 1.241832 0.000000 0.000000 0.000000 1.000000
0.999921 0.006050 0.011017 0.859457 -0.006915 0.996754 0.080215 100.553688 -0.010496 -0.080285 0.996717 1.236885 0.000000 0.000000 0.000000 1.000000
0.999928 0.005712 0.010519 0.848175 -0.006541 0.996727 0.080571 100.538551 -0.010025 -0.080634 0.996693 1.231511 0.000000 0.000000 0.000000 1.000000
0.999935 0.005337 0.010124 0.831604 -0.006140 0.996691 0.081050 100.522194 -0.009658 -0.081107 0.996659 1.228152 0.000000 0.000000 0.000000 1.000000
0.999939 0.004938 0.009837 0.808733 -0.005724 0.996653 0.081545 100.510567 -0.009401 -0.081596 0.996621 1.228957 0.000000 0.000000 0.000000 1.000000
0.999943 0.004496 0.009674 0.777702 -0.005275 0.996612 0.082074 100.507141 -0.009273 -0.082120 0.996579 1.235325 0.000000 0.000000 0.000000 1.000000
0.999945 0.003995 0.009748 0.736172 -0.004789 0.996559 0.082753 100.512527 -0.009384 -0.082795 0.996522 1.248315 0.000000 0.000000 0.000000 1.000000
0.999943 0.003458 0.010120 0.683084 -0.004292 0.996495 0.083540 100.527618 -0.009796 -0.083579 0.996453 1.269309 0.000000 0.000000 0.000000 1.000000
0.999939 0.002924 0.010638 0.620578 -0.003808 0.996454 0.084051 100.557159 -0.010355 -0.084087 0.996405 1.298989 0.000000 0.000000 0.000000 1.000000
0.999936 0.002466 0.011048 0.554046 -0.003383 0.996477 0.083795 100.607864 -0.010802 -0.083827 0.996422 1.335392 0.000000 0.000000 0.000000 1.000000
0.999935 0.002148 0.011188 0.490404 -0.003065 0.996577 0.082612 100.682091 -0.010972 -0.082641 0.996519 1.374836 0.000000 0.000000 0.000000 1.000000
0.999938 0.001902 0.010990 0.434378 -0.002783 0.996733 0.080720 100.774963 -0.010801 -0.080746 0.996676 1.414244 0.000000 0.000000 0.000000 1.000000
0.999944 0.001570 0.010418 0.386774 -0.002382 0.996920 0.078387 100.878326 -0.010263 -0.078407 0.996869 1.450746 0.000000 0.000000 0.000000 1.000000
0.999954 0.001095 0.009538 0.345219 -0.001815 0.997123 0.075775 100.985481 -0.009427 -0.075789 0.997079 1.481891 0.000000 0.000000 0.000000 1.000000
0.999963 0.000600 0.008592 0.308212 -0.001226 0.997328 0.073039 101.092651 -0.008525 -0.073047 0.997292 1.507429 0.000000 0.000000 0.000000 1.000000
0.999969 0.000204 0.007848 0.276707 -0.000756 0.997523 0.070339 101.196815 -0.007814 -0.070343 0.997492 1.527747 0.000000 0.000000 0.000000 1.000000
0.999973 -0.000102 0.007379 0.251479 -0.000399 0.997701 0.067776 101.294106 -0.007369 -0.067777 0.997673 1.541735 0.000000 0.000000 0.000000 1.000000
0.999975 -0.000358 0.007090 0.230471 -0.000106 0.997860 0.065390 101.381325 -0.007098 -0.065389 0.997835 1.548429 0.000000 0.000000 0.000000 1.000000
0.999976 -0.000545 0.006959 0.210541 0.000104 0.997999 0.063233 101.458405 -0.006980 -0.063231 0.997975 1.547827 0.000000 0.000000 0.000000 1.000000
0.999975 -0.000672 0.007050 0.191580 0.000238 0.998114 0.061384 101.527313 -0.007078 -0.061380 0.998089 1.539742 0.000000 0.000000 0.000000 1.000000
0.999973 -0.000850 0.007306 0.175962 0.000411 0.998208 0.059846 101.589043 -0.007344 -0.059842 0.998181 1.524084 0.000000 0.000000 0.000000 1.000000
0.999971 -0.001146 0.007552 0.164706 0.000702 0.998286 0.058516 101.643723 -0.007607 -0.058509 0.998258 1.501847 0.000000 0.000000 0.000000 1.000000
0.999970 -0.001451 0.007661 0.156340 0.001011 0.998361 0.057213 101.693214 -0.007731 -0.057204 0.998333 1.475098 0.000000 0.000000 0.000000 1.000000
0.999970 -0.001613 0.007591 0.150157 0.001187 0.998441 0.055803 101.740234 -0.007669 -0.055792 0.998413 1.446098 0.000000 0.000000 0.000000 1.000000
0.999972 -0.001614 0.007327 0.147495 0.001214 0.998525 0.054286 101.786034 -0.007403 -0.054276 0.998499 1.416716 0.000000 0.000000 0.000000 1.000000
0.999975 -0.001504 0.006838 0.149431 0.001141 0.998605 0.052785 101.830925 -0.006907 -0.052776 0.998582 1.389231 0.000000 0.000000 0.000000 1.000000
0.999980 -0.001260 0.006134 0.155626 0.000943 0.998675 0.051443 101.875084 -0.006191 -0.051436 0.998657 1.366216 0.000000 0.000000 0.000000 1.000000
0.999986 -0.000808 0.005296 0.164726 0.000540 0.998733 0.050330 101.917725 -0.005330 -0.050326 0.998719 1.348011 0.000000 0.000000 0.000000 1.000000
0.999990 -0.000155 0.004371 0.175337 -0.000061 0.998777 0.049445 101.956863 -0.004373 -0.049444 0.998767 1.331597 0.000000 0.000000 0.000000 1.000000
0.999994 0.000568 0.003345 0.186684 -0.000730 0.998809 0.048793 101.988174 -0.003313 -0.048795 0.998803 1.312865 0.000000 0.000000 0.000000 1.000000
0.999997 0.001228 0.002218 0.198764 -0.001334 0.998825 0.048447 102.008804 -0.002156 -0.048450 0.998823 1.289496 0.000000 0.000000 0.000000 1.000000
0.999998 0.001854 0.000982 0.212503 -0.001899 0.998824 0.048440 102.022011 -0.000891 -0.048442 0.998826 1.262542 0.000000 0.000000 0.000000 1.000000
0.999997 0.002592 -0.000363 0.229141 -0.002571 0.998813 0.048649 102.035858 0.000489 -0.048648 0.998816 1.236620 0.000000 0.000000 0.000000 1.000000
0.999992 0.003505 -0.001681 0.248815 -0.003419 0.998801 0.048836 102.056610 0.001850 -0.048830 0.998805 1.217416 0.000000 0.000000 0.000000 1.000000
0.999986 0.004473 -0.002826 0.271749 -0.004329 0.998797 0.048848 102.084396 0.003041 -0.048835 0.998802 1.206065 0.000000 0.000000 0.000000 1.000000
0.999978 0.005300 -0.003940 0.298770 -0.005101 0.998794 0.048823 102.115623 0.004194 -0.048802 0.998800 1.196867 0.000000 0.000000 0.000000 1.000000
0.999968 0.005905 -0.005399 0.329942 -0.005634 0.998779 0.049071 102.145996 0.005683 -0.049039 0.998781 1.183217 0.000000 0.000000 0.000000 1.000000
0.999952 0.006353 -0.007441 0.363331 -0.005975 0.998747 0.049679 102.172562 0.007747 -0.049632 0.998738 1.164021 0.000000 0.000000 0.000000 1.000000
0.999929 0.006670 -0.009897 0.396433 -0.006163 0.998711 0.050379 102.193733 0.010221 -0.050314 0.998681 1.142398 0.000000 0.000000 0.000000 1.000000
0.999902 0.006801 -0.012269 0.428358 -0.006169 0.998687 0.050864 102.208878 0.012599 -0.050783 0.998630 1.120907 0.000000 0.000000 0.000000 1.000000
0.999877 0.006790 -0.014135 0.459158 -0.006060 0.998678 0.051051 102.219261 0.014462 -0.050959 0.998596 1.100227 0.000000 0.000000 0.000000 1.000000
0.999856 0.006837 -0.015534 0.488085 -0.006037 0.998682 0.050970 102.227158 0.015862 -0.050869 0.998579 1.080248 0.000000 0.000000 0.000000 1.000000
0.999835 0.007042 -0.016748 0.513530 -0.006187 0.998699 0.050622 102.233833 0.017083 -0.050510 0.998577 1.059925 0.000000 0.000000 0.000000 1.000000
0.999815 0.007244 -0.017839 0.534401 -0.006342 0.998726 0.050070 102.238846 0.018179 -0.049948 0.998586 1.037492 0.000000 0.000000 0.000000 1.000000
0.999799 0.007248 -0.018681 0.550432 -0.006315 0.998754 0.049510 102.240585 0.019017 -0.049382 0.998599 1.012856 0.000000 0.000000 0.000000 1.000000
0.999790 0.007062 -0.019214 0.561631 -0.006110 0.998774 0.049124 102.238220 0.019537 -0.048996 0.998608 0.988985 0.000000 0.000000 0.000000 1.000000
0.999787 0.006816 -0.019459 0.567861 -0.005856 0.998784 0.048943 102.233414 0.019768 -0.048818 0.998612 0.969798 0.000000 0.000000 0.000000 1.000000
0.999789 0.006588 -0.019447 0.569250 -0.005631 0.998790 0.048851 102.228722 0.019745 -0.048731 0.998617 0.957535 0.000000 0.000000 0.000000 1.000000
0.999795 0.006385 -0.019232 0.566535 -0.005442 0.998799 0.048694 102.225327 0.019520 -0.048579 0.998629 0.952733 0.000000 0.000000 0.000000 1.000000
0.999802 0.006193 -0.018917 0.560629 -0.005271 0.998814 0.048400 102.222458 0.019195 -0.048291 0.998649 0.955992 0.000000 0.000000 0.000000 1.000000
0.999808 0.006007 -0.018638 0.552115 -0.005106 0.998834 0.048011 102.220398 0.018905 -0.047907 0.998673 0.968759 0.000000 0.000000 0.000000 1.000000
0.999812 0.005823 -0.018517 0.540858 -0.004936 0.998855 0.047593 102.217896 0.018773 -0.047493 0.998695 0.991826 0.000000 0.000000 0.000000 1.000000
0.999811 0.005640 -0.018603 0.526942 -0.004757 0.998875 0.047190 102.214493 0.018848 -0.047093 0.998713 1.023646 0.000000 0.000000 0.000000 1.000000
0.999808 0.005446 -0.018828 0.511528 -0.004559 0.998893 0.046816 102.210190 0.019062 -0.046721 0.998726 1.061449 0.000000 0.000000 0.000000 1.000000
0.999804 0.005257 -0.019103 0.496824 -0.004365 0.998911 0.046449 102.205826 0.019327 -0.046357 0.998738 1.103119 0.000000 0.000000 0.000000 1.000000
0.999799 0.005111 -0.019409 0.484052 -0.004212 0.998930 0.046061 102.200912 0.019623 -0.045970 0.998750 1.146839 0.000000 0.000000 0.000000 1.000000
0.999792 0.004969 -0.019758 0.472402 -0.004063 0.998950 0.045636 102.192245 0.019964 -0.045546 0.998763 1.190256 0.000000 0.000000 0.000000 1.000000
0.999786 0.004738 -0.020157 0.461073 -0.003824 0.998974 0.045136 102.175575 0.020350 -0.045050 0.998777 1.231272 0.000000 0.000000 0.000000 1.000000
0.999778 0.004365 -0.020624 0.450921 -0.003443 0.999001 0.044549 102.148743 0.020798 -0.044468 0.998794 1.268073 0.000000 0.000000 0.000000 1.000000
0.999769 0.003913 -0.021134 0.443868 -0.002979 0.999026 0.044032 102.111855 0.021286 -0.043959 0.998807 1.298182 0.000000 0.000000 0.000000 1.000000
0.999762 0.003486 -0.021532 0.440042 -0.002538 0.999032 0.043907 102.064964 0.021664 -0.043842 0.998804 1.319557 0.000000 0.000000 0.000000 1.000000
0.999761 0.003101 -0.021620 0.437531 -0.002139 0.999012 0.044390 102.008209 0.021736 -0.044333 0.998780 1.332522 0.000000 0.000000 0.000000 1.000000
0.999768 0.002718 -0.021381 0.434931 -0.001745 0.998968 0.045388 101.944061 0.021482 -0.045340 0.998741 1.340630 0.000000 0.000000 0.000000 1.000000
0.999776 0.002392 -0.021012 0.433136 -0.001410 0.998913 0.046597 101.877197 0.021100 -0.046557 0.998693 1.350121 0.000000 0.000000 0.000000 1.000000
0.999784 0.002223 -0.020647 0.432178 -0.001233 0.998853 0.047864 101.810432 0.020730 -0.047828 0.998640 1.366066 0.000000 0.000000 0.000000 1.000000
0.999796 0.002148 -0.020097 0.429171 -0.001153 0.998779 0.049397 101.741753 0.020179 -0.049364 0.998577 1.387842 0.000000 0.000000 0.000000 1.000000
0.999818 0.002004 -0.018996 0.420402 -0.001025 0.998676 0.051430 101.665932 0.019074 -0.051401 0.998496 1.410383 0.000000 0.000000 0.000000 1.000000
0.999850 0.001772 -0.017205 0.404819 -0.000843 0.998549 0.053852 101.580223 0.017276 -0.053830 0.998401 1.429506 0.000000 0.000000 0.000000 1.000000
0.999887 0.001537 -0.014971 0.384228 -0.000691 0.998408 0.056399 101.486031 0.015034 -0.056382 0.998296 1.444329 0.000000 0.000000 0.000000 1.000000
0.999918 0.001343 -0.012759 0.361174 -0.000588 0.998260 0.058957 101.387024 0.012816 -0.058945 0.998179 1.456432 0.000000 0.000000 0.000000 1.000000
0.999940 0.001224 -0.010893 0.336631 -0.000552 0.998105 0.061530 101.286766 0.010947 -0.061521 0.998046 1.469128 0.000000 0.000000 0.000000 1.000000
0.999956 0.001228 -0.009269 0.309624 -0.000632 0.997945 0.064068 101.189766 0.009328 -0.064059 0.997903 1.485571 0.000000 0.000000 0.000000 1.000000
0.999970 0.001374 -0.007654 0.280488 -0.000862 0.997791 0.066422 101.098511 0.007728 -0.066413 0.997762 1.504742 0.000000 0.000000 0.000000 1.000000
0.999979 0.001601 -0.006216 0.251587 -0.001172 0.997653 0.068459 101.014214 0.006311 -0.068450 0.997635 1.521200 0.000000 0.000000 0.000000 1.000000
0.999984 0.001802 -0.005359 0.225882 -0.001422 0.997536 0.070142 100.936249 0.005473 -0.070133 0.997523 1.529668 0.000000 0.000000 0.000000 1.000000
0.999985 0.001909 -0.005099 0.205427 -0.001539 0.997439 0.071499 100.862259 0.005222 -0.071490 0.997428 1.528711 0.000000 0.000000 0.000000 1.000000
0.999985 0.001933 -0.005062 0.192078 -0.001560 0.997361 0.072586 100.788643 0.005189 -0.072577 0.997349 1.519990 0.000000 0.000000 0.000000 1.000000
0.999986 0.001948 -0.004988 0.187330 -0.001576 0.997291 0.073534 100.712608 0.005118 -0.073526 0.997280 1.505348 0.000000 0.000000 0.000000 1.000000
0.999986 0.002010 -0.004839 0.190122 -0.001644 0.997216 0.074544 100.633820 0.004975 -0.074535 0.997206 1.485125 0.000000 0.000000 0.000000 1.000000
0.999987 0.002048 -0.004589 0.197472 -0.001694 0.997127 0.075728 100.553940 0.004731 -0.075719 0.997118 1.459036 0.000000 0.000000 0.000000 1.000000
0.999989 0.001913 -0.004202 0.207276 -0.001583 0.997030 0.076998 100.475281 0.004337 -0.076990 0.997022 1.427722 0.000000 0.000000 0.000000 1.000000
0.999992 0.001563 -0.003674 0.218539 -0.001271 0.996940 0.078160 100.399200 0.003785 -0.078155 0.996934 1.392065 0.000000 0.000000 0.000000 1.000000
0.999995 0.001112 -0.003001 0.230083 -0.000871 0.996863 0.079137 100.325684 0.003080 -0.079134 0.996859 1.351626 0.000000 0.000000 0.000000 1.000000
0.999997 0.000709 -0.002218 0.240456 -0.000529 0.996794 0.080013 100.255005 0.002268 -0.080012 0.996791 1.305579 0.000000 0.000000 0.000000 1.000000
0.999999 0.000462 -0.001381 0.248683 -0.000349 0.996722 0.080904 100.188477 0.001413 -0.080903 0.996721 1.254765 0.000000 0.000000 0.000000 1.000000
1.000000 0.000488 -0.000403 0.255165 -0.000453 0.996644 0.081854 100.127975 0.000442 -0.081853 0.996644 1.201662 0.000000 0.000000 0.000000 1.000000
0.999999 0.000805 0.000929 0.261174 -0.000879 0.996562 0.082845 100.075012 -0.000859 -0.082846 0.996562 1.148469 0.000000 0.000000 0.000000 1.000000
0.999996 0.001201 0.002666 0.267094 -0.001420 0.996480 0.083816 100.029190 -0.002556 -0.083820 0.996478 1.095691 0.000000 0.000000 0.000000 1.000000
0.999989 0.001398 0.004502 0.271396 -0.001775 0.996401 0.084744 99.987930 -0.004368 -0.084751 0.996393 1.042204 0.000000 0.000000 0.000000 1.000000
0.999981 0.001337 0.006048 0.272064 -0.001851 0.996317 0.085729 99.947205 -0.005911 -0.085738 0.996300 0.986128 0.000000 0.000000 0.000000 1.000000
0.999973 0.001158 0.007205 0.268209 -0.001780 0.996216 0.086890 99.903595 -0.007078 -0.086901 0.996192 0.925842 0.000000 0.000000 0.000000 1.000000
0.999967 0.001040 0.008112 0.261453 -0.001752 0.996098 0.088239 99.855621 -0.007988 -0.088250 0.996066 0.861158 0.000000 0.000000 0.000000 1.000000
0.999960 0.001100 0.008830 0.255295 -0.001888 0.995965 0.089720 99.804672 -0.008695 -0.089733 0.995928 0.793197 0.000000 0.000000 0.000000 1.000000
0.999956 0.001313 0.009332 0.252207 -0.002160 0.995824 0.091268 99.753777 -0.009173 -0.091284 0.995783 0.722617 0.000000 0.000000 0.000000 1.000000
0.999952 0.001526 0.009682 0.252005 -0.002418 0.995679 0.092831 99.708038 -0.009498 -0.092850 0.995635 0.648803 0.000000 0.000000 0.000000 1.000000
0.999949 0.001647 0.009986 0.252531 -0.002583 0.995529 0.094418 99.670937 -0.009786 -0.094439 0.995483 0.571353 0.000000 0.000000 0.000000 1.000000
0.999946 0.001725 0.010250 0.252260 -0.002701 0.995372 0.096056 99.643616 -0.010037 -0.096078 0.995323 0.491432 0.000000 0.000000 0.000000 1.000000
0.999944 0.001779 0.010404 0.252611 -0.002787 0.995218 0.097643 99.625557 -0.010181 -0.097666 0.995167 0.412075 0.000000 0.000000 0.000000 1.000000
0.999944 0.001724 0.010419 0.256882 -0.002746 0.995089 0.098946 99.619911 -0.010197 -0.098969 0.995038 0.337121 0.000000 0.000000 0.000000 1.000000
0.999945 0.001504 0.010347 0.266725 -0.002529 0.995002 0.099824 99.633598 -0.010145 -0.099844 0.994951 0.267730 0.000000 0.000000 0.000000 1.000000
0.999946 0.001170 0.010311 0.280812 -0.002199 0.994951 0.100340 99.669418 -0.010141 -0.100357 0.994900 0.201041 0.000000 0.000000 0.000000 1.000000
0.999946 0.000771 0.010410 0.297258 -0.001815 0.994921 0.100640 99.721855 -0.010280 -0.100653 0.994868 0.134066 0.000000 0.000000 0.000000 1.000000
0.999943 0.000287 0.010639 0.315184 -0.001359 0.994902 0.100834 99.783203 -0.010556 -0.100842 0.994846 0.067091 0.000000 0.000000 0.000000 1.000000
0.999940 -0.000310 0.010924 0.333593 -0.000795 0.994886 0.101001 99.848648 -0.010900 -0.101004 0.994826 0.002013 0.000000 0.000000 0.000000 1.000000
0.999936 -0.000980 0.011232 0.350765 -0.000162 0.994866 0.101201 99.915634 -0.011274 -0.101197 0.994803 -0.060774 0.000000 0.000000 0.000000 1.000000
0.999932 -0.001649 0.011568 0.364638 0.000467 0.994840 0.101459 99.980934 -0.011675 -0.101447 0.994772 -0.122695 0.000000 0.000000 0.000000 1.000000
0.999927 -0.002271 0.011879 0.373309 0.001050 0.994808 0.101768 100.040253 -0.012049 -0.101748 0.994737 -0.185004 0.000000 0.000000 0.000000 1.000000
0.999923 -0.002804 0.012053 0.375148 0.001559 0.994771 0.102118 100.091156 -0.012277 -0.102091 0.994699 -0.247216 0.000000 0.000000 0.000000 1.000000
0.999922 -0.003187 0.012053 0.369098 0.001936 0.994733 0.102479 100.136078 -0.012316 -0.102447 0.994662 -0.307459 0.000000 0.000000 0.000000 1.000000
0.999922 -0.003371 0.012015 0.354655 0.002118 0.994702 0.102775 100.180695 -0.012298 -0.102741 0.994632 -0.363161 0.000000 0.000000 0.000000 1.000000
0.999921 -0.003353 0.012091 0.332511 0.002091 0.994689 0.102909 100.232544 -0.012372 -0.102876 0.994617 -0.411167 0.000000 0.000000 0.000000 1.000000
0.999920 -0.003183 0.012213 0.304072 0.001911 0.994702 0.102785 100.297234 -0.012476 -0.102753 0.994629 -0.448577 0.000000 0.000000 0.000000 1.000000
0.999922 -0.002933 0.012132 0.271011 0.001677 0.994751 0.102314 100.375519 -0.012368 -0.102286 0.994678 -0.475427 0.000000 0.000000 0.000000 1.000000
0.999929 -0.002654 0.011637 0.235505 0.001459 0.994837 0.101474 100.463737 -0.011847 -0.101450 0.994770 -0.496122 0.000000 0.000000 0.000000 1.000000
0.999940 -0.002363 0.010703 0.200235 0.001276 0.994948 0.100387 100.558556 -0.010886 -0.100367 0.994891 -0.516227 0.000000 0.000000 0.000000 1.000000
0.999953 -0.002055 0.009467 0.167066 0.001106 0.995063 0.099235 100.658646 -0.009624 -0.099220 0.995019 -0.537725 0.000000 0.000000 0.000000 1.000000
0.999966 -0.001702 0.008069 0.136707 0.000903 0.995182 0.098041 100.762276 -0.008197 -0.098030 0.995150 -0.558256 0.000000 0.000000 0.000000 1.000000
0.999978 -0.001253 0.006541 0.108630 0.000615 0.995319 0.096638 100.866913 -0.006632 -0.096632 0.995298 -0.573744 0.000000 0.000000 0.000000 1.000000
0.999988 -0.000685 0.004951 0.080812 0.000212 0.995486 0.094904 100.971680 -0.004993 -0.094902 0.995474 -0.581116 0.000000 0.000000 0.000000 1.000000
0.999994 -0.000079 0.003570 0.050741 -0.000253 0.995677 0.092879 101.078232 -0.003561 -0.092879 0.995671 -0.580128 0.000000 0.000000 0.000000 1.000000
0.999996 0.000427 0.002767 0.017632 -0.000677 0.995882 0.090662 101.187248 -0.002717 -0.090663 0.995878 -0.572812 0.000000 0.000000 0.000000 1.000000
0.999996 0.000779 0.002724 -0.017115 -0.001016 0.996095 0.088285 101.296242 -0.002645 -0.088287 0.996092 -0.560585 0.000000 0.000000 0.000000 1.000000
0.999994 0.001056 0.003218 -0.052197 -0.001328 0.996322 0.085676 101.401169 -0.003116 -0.085679 0.996318 -0.543174 0.000000 0.000000 0.000000 1.000000
0.999992 0.001335 0.003719 -0.089034 -0.001638 0.996571 0.082722 101.499626 -0.003595 -0.082727 0.996566 -0.521338 0.000000 0.000000 0.000000 1.000000
0.999991 0.001555 0.003845 -0.130539 -0.001856 0.996839 0.079430 101.591110 -0.003709 -0.079436 0.996833 -0.499087 0.000000 0.000000 0.000000 1.000000
0.999992 0.001629 0.003572 -0.177484 -0.001896 0.997110 0.075949 101.675270 -0.003438 -0.075955 0.997105 -0.481332 0.000000 0.000000 0.000000 1.000000
0.999994 0.001606 0.002938 -0.228049 -0.001815 0.997373 0.072408 101.751595 -0.002814 -0.072413 0.997371 -0.469983 0.000000 0.000000 0.000000 1.000000
0.999997 0.001636 0.001822 -0.280073 -0.001758 0.997626 0.068849 101.818604 -0.001705 -0.068852 0.997625 -0.463927 0.000000 0.000000 0.000000 1.000000
0.999998 0.001822 0.000076 -0.332550 -0.001823 0.997860 0.065364 101.874184 0.000044 -0.065364 0.997861 -0.461941 0.000000 0.000000 0.000000 1.000000
0.999995 0.002176 -0.002280 -0.385712 -0.002030 0.998063 0.062180 101.916496 0.002411 -0.062175 0.998062 -0.464282 0.000000 0.000000 0.000000 1.000000
0.999984 0.002661 -0.005008 -0.440812 -0.002358 0.998224 0.059520 101.947060 0.005158 -0.059507 0.998215 -0.470828 0.000000 0.000000 0.000000 1.000000
0.999965 0.003209 -0.007778 -0.498363 -0.002757 0.998347 0.057407 101.971786 0.007950 -0.057383 0.998321 -0.478223 0.000000 0.000000 0.000000 1.000000
0.999939 0.003760 -0.010349 -0.557698 -0.003179 0.998448 0.055602 101.996758 0.010542 -0.055566 0.998399 -0.480657 0.000000 0.000000 0.000000 1.000000
0.999910 0.004293 -0.012717 -0.617417 -0.003604 0.998548 0.053756 102.025154 0.012930 -0.053705 0.998473 -0.473792 0.000000 0.000000 0.000000 1.000000
0.999873 0.004718 -0.015199 -0.675949 -0.003928 0.998658 0.051634 102.056618 0.015423 -0.051568 0.998550 -0.456473 0.000000 0.000000 0.000000 1.000000
0.999823 0.004874 -0.018178 -0.730085 -0.003974 0.998779 0.049250 102.082771 0.018396 -0.049169 0.998621 -0.429031 0.000000 0.000000 0.000000 1.000000
0.999755 0.004753 -0.021619 -0.779727 -0.003738 0.998898 0.046774 102.106537 0.021817 -0.046682 0.998672 -0.391458 0.000000 0.000000 0.000000 1.000000
0.999676 0.004519 -0.025061 -0.825117 -0.003403 0.999008 0.044406 102.128838 0.025236 -0.044306 0.998699 -0.345621 0.000000 0.000000 0.000000 1.000000
0.999593 0.004229 -0.028201 -0.868083 -0.003034 0.999100 0.042310 102.149521 0.028355 -0.042207 0.998706 -0.295465 0.000000 0.000000 0.000000 1.000000
0.999508 0.003796 -0.031131 -0.910888 -0.002531 0.999174 0.040561 102.168785 0.031259 -0.040463 0.998692 -0.244064 0.000000 0.000000 0.000000 1.000000
0.999421 0.003265 -0.033864 -0.953619 -0.001941 0.999235 0.039067 102.185997 0.033966 -0.038979 0.998663 -0.191509 0.000000 0.000000 0.000000 1.000000
0.999339 0.002893 -0.036243 -0.994706 -0.001529 0.999291 0.037615 102.201263 0.036326 -0.037534 0.998635 -0.138161 0.000000 0.000000 0.000000 1.000000
0.999259 0.002896 -0.038393 -1.032356 -0.001514 0.999351 0.035988 102.214836 0.038472 -0.035903 0.998614 -0.088328 0.000000 0.000000 0.000000 1.000000
0.999168 0.003254 -0.040659 -1.066233 -0.001872 0.999420 0.033989 102.227615 0.040746 -0.033885 0.998595 -0.047373 0.000000 0.000000 0.000000 1.000000
0.999068 0.003831 -0.042996 -1.096833 -0.002480 0.999503 0.031423 102.238121 0.043095 -0.031287 0.998581 -0.016679 0.000000 0.000000 0.000000 1.000000
0.998979 0.004526 -0.044956 -1.124443 -0.003259 0.999596 0.028237 102.243042 0.045065 -0.028061 0.998590 0.005544 0.000000 0.000000 0.000000 1.000000
0.998916 0.005224 -0.046255 -1.151978 -0.004086 0.999688 0.024657 102.247719 0.046369 -0.024441 0.998625 0.019224 0.000000 0.000000 0.000000 1.000000
0.998886 0.005835 -0.046820 -1.182037 -0.004852 0.999766 0.021080 102.251030 0.046932 -0.020830 0.998681 0.019874 0.000000 0.000000 0.000000 1.000000
0.998900 0.006433 -0.046449 -1.216524 -0.005611 0.999826 0.017815 102.253784 0.046555 -0.017535 0.998762 0.004761 0.000000 0.000000 0.000000 1.000000
0.998962 0.007096 -0.044989 -1.254169 -0.006430 0.999868 0.014936 102.256668 0.045089 -0.014631 0.998876 -0.021378 0.000000 0.000000 0.000000 1.000000
0.999056 0.007717 -0.042754 -1.290644 -0.007198 0.999899 0.012271 102.258911 0.042844 -0.011952 0.999010 -0.049162 0.000000 0.000000 0.000000 1.000000
0.999149 0.008165 -0.040419 -1.321914 -0.007786 0.999924 0.009524 102.259804 0.040494 -0.009201 0.999137 -0.072307 0.000000 0.000000 0.000000 1.000000
0.999219 0.008469 -0.038591 -1.346452 -0.008223 0.999945 0.006531 102.260323 0.038644 -0.006208 0.999234 -0.090433 0.000000 0.000000 0.000000 1.000000
0.999258 0.008739 -0.037514 -1.364421 -0.008619 0.999957 0.003381 102.261597 0.037542 -0.003055 0.999290 -0.105596 0.000000 0.000000 0.000000 1.000000
0.999273 0.009015 -0.037039 -1.376510 -0.009012 0.999959 0.000247 102.263634 0.037040 0.000087 0.999314 -0.118832 0.000000 0.000000 0.000000 1.000000
0.999279 0.009238 -0.036824 -1.383520 -0.009348 0.999952 -0.002822 102.265503 0.036796 0.003164 0.999318 -0.129997 0.000000 0.000000 0.000000 1.000000
0.999288 0.009328 -0.036567 -1.387361 -0.009550 0.999937 -0.005900 102.266205 0.036510 0.006245 0.999314 -0.138072 0.000000 0.000000 0.000000 1.000000
0.999306 0.009278 -0.036063 -1.392652 -0.009612 0.999912 -0.009104 102.265495 0.035975 0.009444 0.999308 -0.139932 0.000000 0.000000 0.000000 1.000000
0.999340 0.009172 -0.035142 -1.402519 -0.009617 0.999876 -0.012509 102.264114 0.035022 0.012838 0.999304 -0.131364 0.000000 0.000000 0.000000 1.000000
0.999391 0.009113 -0.033691 -1.417176 -0.009658 0.999825 -0.016041 102.263008 0.033539 0.016357 0.999304 -0.109956 0.000000 0.000000 0.000000 1.000000
0.999454 0.009170 -0.031733 -1.436080 -0.009791 0.999762 -0.019490 102.262474 0.031546 0.019790 0.999306 -0.075659 0.000000 0.000000 0.000000 1.000000
0.999522 0.009331 -0.029465 -1.458841 -0.010000 0.999694 -0.022639 102.261856 0.029245 0.022923 0.999309 -0.029227 0.000000 0.000000 0.000000 1.000000
0.999585 0.009491 -0.027205 -1.484900 -0.010181 0.999627 -0.025355 102.259872 0.026954 0.025622 0.999308 0.028584 0.000000 0.000000 0.000000 1.000000
0.999636 0.009510 -0.025235 -1.513368 -0.010205 0.999568 -0.027562 102.255508 0.024962 0.027809 0.999302 0.095906 0.000000 0.000000 0.000000 1.000000
0.999676 0.009377 -0.023681 -1.542956 -0.010066 0.999524 -0.029154 102.249214 0.023396 0.029383 0.999294 0.167080 0.000000 0.000000 0.000000 1.000000
0.999704 0.009246 -0.022513 -1.572014 -0.009920 0.999500 -0.030027 102.243179 0.022224 0.030241 0.999296 0.232696 0.000000 0.000000 0.000000 1.000000
0.999723 0.009217 -0.021655 -1.599502 -0.009869 0.999495 -0.030193 102.238808 0.021366 0.030398 0.999309 0.285714 0.000000 0.000000 0.000000 1.000000
0.999734 0.009169 -0.021162 -1.626433 -0.009794 0.999513 -0.029627 102.234337 0.020880 0.029826 0.999337 0.325749 0.000000 0.000000 0.000000 1.000000
0.999734 0.008964 -0.021258 -1.655232 -0.009554 0.999567 -0.027837 102.226715 0.021000 0.028032 0.999386 0.350128 0.000000 0.000000 0.000000 1.000000
0.999721 0.008794 -0.021926 -1.688170 -0.009319 0.999670 -0.023958 102.216751 0.021708 0.024156 0.999472 0.342116 0.000000 0.000000 0.000000 1.000000
0.999705 0.009052 -0.022552 -1.719286 -0.009451 0.999800 -0.017628 102.209702 0.022388 0.017836 0.999590 0.280400 0.000000 0.000000 0.000000 1.000000
0.999701 0.009786 -0.022425 -1.741406 -0.009998 0.999906 -0.009363 102.195290 0.022331 0.009584 0.999705 0.162067 0.000000 0.000000 0.000000 1.000000
0.999717 0.010580 -0.021291 -1.749960 -0.010580 0.999944 0.000101 102.154716 0.021291 0.000125 0.999773 0.003863 0.000000 0.000000 0.000000 1.000000
0.999756 0.011030 -0.019123 -1.750777 -0.010834 0.999888 0.010321 102.101593 0.019235 -0.010111 0.999764 -0.175194 0.000000 0.000000 0.000000 1.000000
0.999809 0.011168 -0.016050 -1.745764 -0.010831 0.999722 0.020923 102.046585 0.016279 -0.020746 0.999652 -0.362878 0.000000 0.000000 0.000000 1.000000
0.999854 0.011320 -0.012825 -1.729810 -0.010914 0.999451 0.031287 101.983658 0.013172 -0.031142 0.999428 -0.549065 0.000000 0.000000 0.000000 1.000000
0.999878 0.011564 -0.010530 -1.700981 -0.011126 0.999110 0.040691 101.912117 0.010991 -0.040569 0.999116 -0.727629 0.000000 0.000000 0.000000 1.000000
0.999889 0.011624 -0.009355 -1.661441 -0.011153 0.998740 0.048931 101.825188 0.009912 -0.048821 0.998758 -0.902479 0.000000 0.000000 0.000000 1.000000
0.999900 0.011379 -0.008375 -1.615295 -0.010887 0.998336 0.056624 101.720329 0.009005 -0.056528 0.998360 -1.080979 0.000000 0.000000 0.000000 1.000000
0.999917 0.010949 -0.006740 -1.562889 -0.010491 0.997853 0.064651 101.600365 0.007433 -0.064575 0.997885 -1.264413 0.000000 0.000000 0.000000 1.000000
0.999936 0.010347 -0.004525 -1.500919 -0.009987 0.997253 0.073398 101.466064 0.005272 -0.073348 0.997292 -1.446117 0.000000 0.000000 0.000000 1.000000
0.999952 0.009468 -0.002354 -1.426583 -0.009241 0.996535 0.082658 101.313774 0.003128 -0.082632 0.996575 -1.615148 0.000000 0.000000 0.000000 1.000000
0.999966 0.008272 -0.000650 -1.340398 -0.008177 0.995728 0.091968 101.142273 0.001408 -0.091959 0.995762 -1.762969 0.000000 0.000000 0.000000 1.000000
0.999976 0.006842 0.000658 -1.245393 -0.006873 0.994877 0.100856 100.952377 0.000035 -0.100858 0.994901 -1.888356 0.000000 0.000000 0.000000 1.000000
0.999984 0.005315 0.001920 -1.144811 -0.005492 0.994033 0.108938 100.745026 -0.001330 -0.108947 0.994047 -1.993272 0.000000 0.000000 0.000000 1.000000
0.999987 0.003948 0.003335 -1.038139 -0.004308 0.993244 0.115964 100.520462 -0.002855 -0.115977 0.993248 -2.075865 0.000000 0.000000 0.000000 1.000000
0.999984 0.003095 0.004767 -0.921165 -0.003653 0.992542 0.121849 100.281265 -0.004355 -0.121865 0.992537 -2.132390 0.000000 0.000000 0.000000 1.000000
0.999978 0.002893 0.005938 -0.791545 -0.003622 0.991930 0.126736 100.032410 -0.005524 -0.126755 0.991919 -2.163470 0.000000 0.000000 0.000000 1.000000
0.999974 0.003177 0.006476 -0.649792 -0.003997 0.991393 0.130862 99.779800 -0.006004 -0.130884 0.991379 -2.172608 0.000000 0.000000 0.000000 1.000000
0.999975 0.003815 0.005956 -0.493643 -0.004580 0.990938 0.134242 99.529816 -0.005389 -0.134266 0.990931 -2.161278 0.000000 0.000000 0.000000 1.000000
0.999978 0.004842 0.004442 -0.318168 -0.005403 0.990600 0.136682 99.289116 -0.003739 -0.136703 0.990605 -2.130218 0.000000 0.000000 0.000000 1.000000
0.999977 0.006266 0.002537 -0.123699 -0.006556 0.990399 0.138083 99.062439 -0.001647 -0.138097 0.990417 -2.083630 0.000000 0.000000 0.000000 1.000000
0.999968 0.007932 0.000608 0.082672 -0.007940 0.990315 0.138609 98.850540 0.000497 -0.138610 0.990347 -2.031201 0.000000 0.000000 0.000000 1.000000
0.999954 0.009523 -0.001359 0.295376 -0.009243 0.990311 0.138557 98.651405 0.002666 -0.138538 0.990354 -1.986160 0.000000 0.000000 0.000000 1.000000
0.999937 0.010716 -0.003298 0.513364 -0.010158 0.990353 0.138198 98.461472 0.004747 -0.138156 0.990399 -1.958571 0.000000 0.000000 0.000000 1.000000
0.999921 0.011434 -0.005139 0.731747 -0.010617 0.990391 0.137887 98.276711 0.006666 -0.137821 0.990435 -1.949672 0.000000 0.000000 0.000000 1.000000
0.999903 0.011960 -0.007107 0.938358 -0.010865 0.990374 0.137993 98.098503 0.008689 -0.137903 0.990408 -1.954556 0.000000 0.000000 0.000000 1.000000
0.999875 0.012745 -0.009396 1.121988 -0.011322 0.990300 0.138485 97.940025 0.011070 -0.138361 0.990320 -1.968682 0.000000 0.000000 0.000000 1.000000
0.999832 0.014017 -0.011777 1.280172 -0.012246 0.990221 0.138972 97.821297 0.013609 -0.138804 0.990226 -1.988342 0.000000 0.000000 0.000000 1.000000
0.999783 0.015564 -0.013854 1.417498 -0.013485 0.990167 0.139239 97.755280 0.015885 -0.139022 0.990162 -2.006644 0.000000 0.000000 0.000000 1.000000
0.999734 0.017080 -0.015505 1.541101 -0.014758 0.990163 0.139141 97.741646 0.017729 -0.138875 0.990151 -2.012774 0.000000 0.000000 0.000000 1.000000
0.999686 0.018564 -0.016847 1.655947 -0.016062 0.990285 0.138119 97.783348 0.019248 -0.137805 0.990272 -1.996577 0.000000 0.000000 0.000000 1.000000
0.999636 0.020063 -0.018063 1.758996 -0.017432 0.990612 0.135587 97.900543 0.020613 -0.135223 0.990601 -1.955753 0.000000 0.000000 0.000000 1.000000
0.999585 0.021326 -0.019350 1.840235 -0.018596 0.991116 0.131690 98.108978 0.021986 -0.131276 0.991102 -1.897448 0.000000 0.000000 0.000000 1.000000
0.999539 0.022112 -0.020816 1.894776 -0.019292 0.991707 0.127066 98.391869 0.023453 -0.126605 0.991676 -1.830356 0.000000 0.000000 0.000000 1.000000
0.999496 0.022504 -0.022377 1.925887 -0.019607 0.992315 0.122176 98.708099 0.024955 -0.121675 0.992256 -1.760038 0.000000 0.000000 0.000000 1.000000
0.999457 0.022720 -0.023855 1.936276 -0.019773 0.992907 0.117242 99.020058 0.026349 -0.116707 0.992817 -1.691155 0.000000 0.000000 0.000000 1.000000
0.999426 0.022843 -0.025035 1.924471 -0.019889 0.993455 0.112483 99.303070 0.027440 -0.111920 0.993338 -1.628391 0.000000 0.000000 0.000000 1.000000
0.999413 0.022807 -0.025566 1.888121 -0.019914 0.993929 0.108211 99.540771 0.027879 -0.107638 0.993799 -1.576235 0.000000 0.000000 0.000000 1.000000
0.999433 0.022525 -0.025041 1.827291 -0.019784 0.994298 0.104785 99.721619 0.027259 -0.104230 0.994180 -1.539674 0.000000 0.000000 0.000000 1.000000
0.999487 0.021992 -0.023277 1.745824 -0.019497 0.994545 0.102466 99.840332 0.025404 -0.101959 0.994464 -1.523299 0.000000 0.000000 0.000000 1.000000
0.999564 0.021286 -0.020447 1.650967 -0.019111 0.994678 0.101248 99.898407 0.022493 -0.100813 0.994651 -1.527767 0.000000 0.000000 0.000000 1.000000
0.999645 0.020546 -0.016956 1.549527 -0.018733 0.994716 0.100938 99.901512 0.018940 -0.100585 0.994748 -1.548776 0.000000 0.000000 0.000000 1.000000
